-200789.093   526.189     0.00   91.72
-200412.479   501.286   -66.14   89.99
-200035.885   456.798  -118.16   65.86
-199659.312   444.588   -32.43   64.23
-199282.760   423.620   -55.69   62.60
-198906.228   396.194   -72.85   63.03
-198529.716   367.738   -75.59   68.74
-198153.225   317.586  -133.23   62.69
-197776.754   280.437   -98.69   47.00
-197400.303   252.651   -73.83   39.24
-197023.873   231.731   -55.58   24.45
-196647.463   217.474   -37.88   17.61
-196271.074   205.629   -31.48   17.13
-195894.705   193.338   -32.66   14.84
-195518.356   182.775   -28.07   13.79
-195142.028   174.325   -22.46   11.32
-194765.720   167.151   -19.07   10.26
-194389.432   160.553   -17.54    8.97
-194013.165   155.633   -13.08    8.13
-193636.918   150.216   -14.40    7.42
-193260.692   144.724   -14.60    6.86
-192884.485   139.716   -13.31    6.71
-192508.299   134.781   -13.12    5.65
-192132.134   130.999   -10.06    5.09
-191755.989   126.842   -11.05    4.79
-191379.864   124.437    -6.39    4.57
-191003.759   122.042    -6.37    4.04
-190627.675   121.066    -2.60    3.91
-190251.611   122.887     4.84    4.08
-189875.567   124.553     4.43    3.79
-189499.544   125.997     3.84    3.13
-189123.540   126.220     0.59    2.90
-188747.557   125.399    -2.18    3.33
-188371.595   124.792    -1.62    3.24
-187995.652   123.530    -3.36    3.22
-187619.730   122.731    -2.13    3.34
-187243.828   121.687    -2.78    3.25
-186867.947   120.292    -3.71    3.07
-186492.086   117.825    -6.57    3.18
-186116.244   115.896    -5.13    3.40
-185740.423   113.953    -5.17    3.73
-185364.623   111.709    -5.97    3.78
-184988.842   110.509    -3.19    3.49
-184613.082   110.173    -0.89    3.07
-184237.342   110.281     0.29    2.62
-183861.622   109.803    -1.27    2.64
-183485.923   108.906    -2.39    2.86
-183110.243   106.975    -5.14    2.86
-182734.584   104.998    -5.27    3.01
-182358.945   102.815    -5.81    2.91
-181983.326   100.412    -6.40    3.74
-181607.728    97.519    -7.70    3.88
-181232.149    95.198    -6.18    3.88
-180856.591    93.107    -5.57    3.43
-180481.053    91.509    -4.26    3.73
-180105.535    91.664     0.41    3.27
-179730.037    92.724     2.82    4.56
-179354.559    95.890     8.43    5.35
-178979.102    98.542     7.07    5.07
-178603.664   100.787     5.98    5.14
-178228.247   101.803     2.71    4.71
-177852.850   102.723     2.45    4.16
-177477.473   102.860     0.37    3.74
-177102.116   102.637    -0.59    3.37
-176726.779   101.375    -3.36    3.52
-176351.462   100.018    -3.62    3.24
-175976.166   100.319     0.80    4.05
-175600.889   100.701     1.02    4.31
-175225.633   101.542     2.24    4.29
-174850.396   100.975    -1.51    4.20
-174475.180   100.298    -1.81    3.71
-174099.984   100.860     1.50    3.41
-173724.808   102.256     3.72    3.45
-173349.652   104.798     6.77    3.72
-172974.516   107.398     6.93    4.74
-172599.400   110.775     9.01    5.21
-172224.304   113.953     8.47    4.81
-171849.228   116.566     6.97    4.98
-171474.172   117.724     3.09    4.94
-171099.136   118.949     3.27    5.54
-170724.120   119.420     1.26    5.27
-170349.125   118.716    -1.88    5.34
-169974.149   118.747     0.08    5.41
-169599.193   118.738    -0.02    5.34
-169224.257   119.518     2.08    6.09
-168849.342   119.346    -0.46    6.32
-168474.446   119.137    -0.56    5.97
-168099.570   117.406    -4.62    6.37
-167724.715   115.694    -4.57    6.22
-167349.879   115.564    -0.35    6.23
-166975.063   116.759     3.19    6.82
-166600.267   120.292     9.43    7.23
-166225.491   121.194     2.41    6.06
-165850.736   121.633     1.17    4.43
-165476.000   120.620    -2.70    4.26
-165101.284   117.815    -7.49    4.35
-164726.588   115.107    -7.23    4.35
-164351.912   113.194    -5.11    4.88
-163977.255   111.519    -4.47    5.00
-163602.619   109.803    -4.58    4.73
-163228.003   108.842    -2.57    4.60
-162853.407   107.842    -2.67    4.17
-162478.830   107.131    -1.90    4.77
-162104.274   105.883    -3.33    5.02
-161729.737   105.020    -2.30    5.51
-161355.220   102.769    -6.01    5.64
-160980.723   101.455    -3.51    6.72
-160606.247   100.825    -1.68    9.12
-160231.789   101.586     2.03   13.03
-159857.352   103.331     4.66   16.61
-159482.935   105.926     6.93   19.44
-159108.538   109.825    10.42   21.18
-158734.160   108.756    -2.85   20.14
-158359.802   103.000   -15.38   19.88
-157985.464    93.474   -25.45   19.34
-157611.146    85.955   -20.09   18.12
-157236.848    78.775   -19.18   14.11
-156862.570    76.158    -6.99   11.39
-156488.311    74.724    -3.83    9.49
-156114.073    74.018    -1.89    7.25
-155739.854    79.531    14.73   12.62
-155365.655    90.474    29.25   20.52
-154991.476   105.020    38.88   21.87
-154617.316   120.953    42.59   17.92
-154243.177   131.135    27.22   14.68
-153869.057   138.315    19.19   13.79
-153494.957   143.637    14.23   13.71
-153120.877   148.909    14.09   15.73
-152746.816   152.135     8.63   15.53
-152372.776   151.220    -2.45   15.54
-151998.755   152.553     3.57   14.16
-151624.754   153.623     2.86   12.53
-151250.773   161.109    20.02   17.75
-150876.811   170.192    24.29   18.77
-150502.869   180.088    26.47   18.67
-150128.947   192.588    33.43   20.28
-149755.045   202.064    25.35   20.42
-149381.162   214.731    33.88   21.26
-149007.299   226.951    32.69   19.19
-148633.456   243.781    45.03   24.18
-148259.633   260.804    45.54   24.66
-147885.829   277.131    43.68   29.29
-147512.045   283.042    15.82   32.53
-147138.281   287.769    12.65   38.34
-146764.536   294.086    16.90   44.48
-146390.812   294.999     2.44   45.72
-146017.106   313.957    50.74   53.68
-145643.421   330.375    43.94   53.80
-145269.755   346.325    42.69   53.20
-144896.109   358.647    32.98   48.32
-144522.483   385.953    73.09   55.93
-144148.876   422.412    97.60   54.53
-143775.289   439.868    46.73   52.97
-143401.721   436.798    -8.22   58.23
-143028.174   431.974   -12.92   60.13
-142654.645   431.629    -0.92   49.66
-142281.137   449.360    47.48   51.64
-141907.648   477.664    75.79   50.93
-141534.179   483.497    15.62   45.96
-141160.729   473.610   -26.48   56.50
-140787.299   463.846   -26.15   56.53
-140413.889   464.269     1.13   50.46
-140040.498   478.825    38.99   46.97
-139667.127   493.086    38.20   39.65
-139293.776   508.999    42.63   43.26
-138918.759   523.198    37.87   47.70
-138541.481   541.633    48.87   50.32
-138164.223   561.433    52.49   60.73
-137786.985   561.928     1.31   69.60
-137409.767   546.977   -39.64   64.73
-137032.569   551.129    11.01   57.17
-136655.391   559.107    21.16   60.91
-136278.233   577.442    48.62   64.20
-135901.095   590.114    33.60   69.45
-135523.978   555.412   -92.03   93.69
-135146.880   510.972  -117.86  102.43
-134769.802   471.455  -104.81   84.94
-134392.744   439.109   -85.80   55.22
-134015.706   433.842   -13.97   52.09
-133638.688   419.338   -38.48   44.49
-133261.690   399.342   -53.05   32.27
-132884.712   385.242   -37.41   27.57
-132507.753   369.856   -40.82   17.18
-132130.815   364.109   -15.25    9.45
-131753.897   362.598    -4.01    8.01
-131376.999   364.542     5.16    8.28
-131000.121   365.133     1.57    8.06
-130623.262   366.804     4.43    7.48
-130246.424   368.951     5.70    6.60
-129869.605   372.586     9.65    6.27
-129492.806   376.565    10.56    6.58
-129116.028   381.477    13.04    6.29
-128739.269   384.685     8.52    5.11
-128362.530   385.620     2.48    5.61
-127985.811   383.972    -4.37    6.27
-127609.112   382.360    -4.28    7.73
-127232.433   380.731    -4.33    8.53
-126855.773   378.216    -6.68    9.89
-126479.134   375.620    -6.89    9.77
-126102.514   372.201    -9.08   10.15
-125725.915   369.353    -7.56   10.09
-125349.335   364.687   -12.39    9.94
-124972.775   361.383    -8.77    9.71
-124596.235   357.107   -11.36    8.07
-124219.714   355.383    -4.58    6.66
-123843.214   353.598    -4.74    5.08
-123466.733   352.846    -2.00    5.50
-123090.272   351.620    -3.26    6.65
-122713.831   348.820    -7.44    7.10
-122337.410   346.733    -5.55    6.31
-121961.009   344.716    -5.36    5.45
-121584.627   345.565     2.26    6.29
-121208.266   345.864     0.80    7.11
-120831.924   346.610     1.98    7.91
-120455.602   346.723     0.30    8.93
-120079.299   347.269     1.45    8.34
-119703.017   348.817     4.11    8.83
-119326.754   350.153     3.55    9.33
-118950.511   350.368     0.57   10.84
-118574.288   352.331     5.22   13.37
-118198.084   356.975    12.35   18.33
-117821.901   364.661    20.43   19.17
-117445.737   376.269    30.86   15.65
-117069.593   383.018    17.94   15.58
-116693.468   388.575    14.78   16.85
-116317.363   398.997    27.71   21.97
-115941.279   411.747    33.91   26.36
-115565.213   440.198    75.66   42.99
-115189.168   473.471    88.49   51.18
-114813.142   527.315   143.21   70.19
-114437.136   574.518   125.55   54.93
-114061.150   580.633    16.26   51.70
-113685.183   533.520  -125.32   93.53
-113309.236   476.331  -152.14  109.11
-112933.309   400.759  -201.05  103.92
-112557.401   331.399  -184.53   81.00
-112181.513   293.331  -101.29   70.80
-111805.645   279.530   -36.72   67.45
-111429.797   261.242   -48.66   75.64
-111053.968   241.173   -53.41   80.36
-110678.159   207.020   -90.89   69.56
-110302.369   164.825  -112.30   58.62
-109926.599   123.542  -109.87   42.13
-109550.849    90.455   -88.06   38.69
-109175.119    60.428   -79.92   27.20
-108799.408    43.474   -45.13   17.08
-108423.716    33.999   -25.22    8.62
-108048.045    28.974   -13.38    2.29
-107672.393    27.912    -2.83    1.67
-107296.760    27.281    -1.68    1.14
-106921.147    26.931    -0.93    1.21
-106545.554    26.731    -0.53    1.26
-106169.981    26.368    -0.97    1.23
-105794.427    26.346    -0.06    1.17
-105418.892    26.280    -0.18    1.34
-105043.378    26.361     0.22    1.34
-104667.882    26.694     0.89    1.37
-104292.407    27.020     0.87    1.34
-103916.951    27.019    -0.00    1.42
-103541.514    26.804    -0.57    1.57
-103166.097    26.598    -0.55    1.66
-102790.700    26.213    -1.03    1.60
-102415.322    25.694    -1.38    1.43
-102039.964    25.360    -0.89    1.44
-101664.625    25.133    -0.61    1.38
-101289.306    25.042    -0.24    1.29
-100914.006    24.879    -0.43    1.25
-100538.726    24.906     0.07    1.34
-100163.466    24.614    -0.78    1.29
 -99788.225    24.565    -0.13    1.17
 -99413.003    24.464    -0.27    1.32
 -99037.801    24.406    -0.16    1.54
 -98662.619    24.287    -0.32    1.57
 -98287.456    24.237    -0.13    1.49
 -97912.312    24.133    -0.28    1.41
 -97537.188    24.233     0.27    1.44
 -97162.084    24.451     0.58    1.72
 -96786.999    25.065     1.64    1.64
 -96411.933    25.451     1.03    1.57
 -96036.887    25.331    -0.32    1.18
 -95661.860    25.192    -0.37    1.29
 -95286.853    24.860    -0.88    1.30
 -94911.865    24.414    -1.19    1.20
 -94536.897    23.792    -1.66    1.35
 -94161.948    23.864     0.19    1.30
 -93787.019    24.065     0.53    1.34
 -93412.109    24.042    -0.06    1.40
 -93037.219    24.090     0.13    1.29
 -92662.348    23.931    -0.42    1.39
 -92287.496    23.251    -1.81    1.34
 -91912.664    23.042    -0.56    1.40
 -91537.851    22.909    -0.36    1.20
 -91163.057    22.890    -0.05    1.37
 -90788.283    23.455     1.51    1.61
 -90413.529    23.577     0.33    1.59
 -90038.794    24.042     1.24    1.64
 -89664.078    24.647     1.61    1.59
 -89289.381    24.309    -0.90    1.64
 -88914.704    24.287    -0.06    1.65
 -88540.047    23.999    -0.77    1.49
 -88165.408    23.887    -0.30    1.38
 -87790.789    23.633    -0.68    1.56
 -87416.190    23.598    -0.09    1.69
 -87041.610    23.724     0.34    1.75
 -86667.049    23.242    -1.29    1.91
 -86292.507    23.086    -0.42    1.79
 -85917.985    22.792    -0.78    1.75
 -85543.482    22.842     0.13    1.78
 -85168.998    23.019     0.47    1.65
 -84794.534    23.042     0.06    1.46
 -84420.089    22.815    -0.61    1.33
 -84045.664    22.769    -0.12    1.30
 -83671.257    23.242     1.26    1.50
 -83296.871    23.519     0.74    1.69
 -82922.503    23.825     0.82    1.75
 -82548.154    24.175     0.94    1.62
 -82173.825    23.775    -1.07    1.71
 -81799.516    23.156    -1.66    1.59
 -81425.225    22.928    -0.61    1.66
 -81050.954    22.353    -1.54    1.89
 -80676.702    21.733    -1.66    2.08
 -80302.469    20.846    -2.37    2.39
 -79928.256    19.792    -2.82    1.97
 -79554.062    19.642    -0.40    1.57
 -79179.887    19.315    -0.87    1.86
 -78805.731    19.087    -0.61    1.88
 -78431.594    18.701    -1.03    2.61
 -78057.477    18.304    -1.06    3.25
 -77683.379    16.933    -3.66    3.23
 -77309.301    15.733    -3.21    2.85
 -76935.241    15.087    -1.73    2.03
 -76561.201    14.860    -0.60    1.42
 -76187.180    15.042     0.49    1.61
 -75813.178    15.656     1.64    1.87
 -75439.195    15.774     0.32    1.82
 -75065.232    16.201     1.14    1.85
 -74691.287    16.114    -0.23    1.64
 -74317.362    15.909    -0.55    1.59
 -73943.456    15.792    -0.31    1.45
 -73569.570    15.383    -1.09    1.55
 -73195.702    15.331    -0.14    1.67
 -72821.854    15.352     0.06    1.87
 -72448.024    15.519     0.45    1.99
 -72074.214    15.969     1.20    1.66
 -71700.423    16.198     0.61    1.55
 -71326.652    16.019    -0.48    1.13
 -70952.899    16.088     0.18    1.26
 -70579.165    15.975    -0.30    1.18
 -70205.451    16.018     0.11    1.01
 -69831.756    16.292     0.73    1.06
 -69458.080    16.256    -0.10    1.07
 -69084.423    16.109    -0.40    1.10
 -68710.785    16.019    -0.24    1.15
 -68337.166    15.406    -1.64    1.35
 -67963.567    15.087    -0.85    1.55
 -67589.986    15.256     0.45    3.43
 -67216.425    14.974    -0.76    3.41
 -66842.882    14.969    -0.01    3.69
 -66469.359    14.724    -0.66    3.87
 -66095.855    13.860    -2.31    2.76
 -65722.370    13.928     0.18    3.43
 -65348.904    13.687    -0.65    3.26
 -64975.457    13.661    -0.07    2.59
 -64602.029    13.598    -0.17    2.01
 -64228.620    14.042     1.19    2.53
 -63853.121    13.656    -1.03    2.43
 -63475.893    13.331    -0.86    2.14
 -63098.684    13.178    -0.40    1.56
 -62721.494    13.420     0.64    1.75
 -62344.324    13.856     1.16    2.31
 -61967.174    13.759    -0.26    2.57
 -61590.043    13.461    -0.79    2.92
 -61212.931    13.131    -0.87    2.65
 -60835.839    12.598    -1.41    2.45
 -60458.766    12.564    -0.09    2.79
 -60081.712    13.020     1.21    3.12
 -59704.678    13.701     1.81    3.51
 -59327.664    14.564     2.29    3.14
 -58950.669    15.398     2.21    2.10
 -58573.693    15.247    -0.40    1.13
 -58196.737    15.042    -0.54    1.19
 -57819.800    14.724    -0.84    1.18
 -57442.882    14.464    -0.69    1.36
 -57065.984    14.433    -0.08    1.24
 -56689.105    13.953    -1.27    1.38
 -56312.246    13.664    -0.77    1.45
 -55935.406    13.542    -0.32    1.27
 -55558.585    13.564     0.06    1.03
 -55181.784    13.497    -0.18    1.09
 -54805.002    13.309    -0.50    1.10
 -54428.239    13.042    -0.71    1.18
 -54051.496    12.798    -0.65    1.17
 -53674.772    12.338    -1.22    1.19
 -53298.068    12.042    -0.78    1.30
 -52921.382    11.998    -0.12    1.31
 -52544.716    11.769    -0.61    1.35
 -52168.070    11.224    -1.45    1.43
 -51791.443    10.997    -0.60    1.49
 -51414.835    10.579    -1.11    1.58
 -51038.246     9.997    -1.55    1.96
 -50661.677     9.310    -1.82    2.01
 -50285.127     8.509    -2.13    2.08
 -49908.596     7.383    -2.99    2.51
 -49532.084     6.786    -1.58    2.27
 -49155.592     5.775    -2.69    2.09
 -48779.119     4.917    -2.28    1.62
 -48402.666     5.019     0.27    1.65
 -48026.231     4.896    -0.33    1.67
 -47649.816     4.928     0.09    1.60
 -47273.420     5.178     0.66    1.94
 -46897.044     5.588     1.09    1.95
 -46520.687     6.129     1.44    1.40
 -46144.348     6.969     2.23    1.82
 -45768.030     7.775     2.14    2.03
 -45391.730     8.588     2.16    2.05
 -45015.450     9.607     2.71    1.59
 -44639.188     9.928     0.85    2.19
 -44262.947     9.926    -0.01    2.51
 -43886.724    10.303     1.00    2.77
 -43510.520    10.437     0.36    2.87
 -43134.336     9.820    -1.64    2.73
 -42758.171     9.406    -1.10    3.07
 -42382.025     9.086    -0.85    3.39
 -42005.898     9.020    -0.17    3.29
 -41629.791    10.247     3.26    3.24
 -41253.702    10.064    -0.48    2.87
 -40877.633     9.951    -0.30    2.48
 -40501.583    10.042     0.24    2.35
 -40125.552     9.887    -0.41    2.65
 -39749.541     9.838    -0.13    2.62
 -39373.548     9.815    -0.06    2.69
 -38997.575     8.759    -2.81    3.11
 -38621.621     7.815    -2.51    3.15
 -38245.686     7.747    -0.18    3.22
 -37869.770     7.019    -1.94    3.32
 -37493.873     6.575    -1.18    3.64
 -37117.995     6.042    -1.42    3.33
 -36742.137     5.864    -0.47    2.86
 -36366.297     6.151     0.76    2.81
 -35990.477     6.198     0.12    2.85
 -35614.676     6.724     1.40    2.96
 -35238.894     6.685    -0.10    2.69
 -34863.131     6.153    -1.42    3.06
 -34487.387     5.652    -1.33    3.13
 -34111.662     5.433    -0.58    3.21
 -33735.956     5.451     0.05    3.33
 -33360.270     5.519     0.18    3.23
 -32984.602     6.224     1.88    3.06
 -32608.954     6.774     1.46    2.66
 -32233.324     7.269     1.32    2.39
 -31857.714     7.114    -0.41    2.21
 -31482.123     6.998    -0.31    2.41
 -31106.550     6.998     0.00    2.27
 -30730.997     6.600    -1.06    2.17
 -30355.463     6.565    -0.09    2.44
 -29979.948     6.161    -1.08    2.97
 -29604.452     5.838    -0.86    2.97
 -29228.975     5.926     0.24    2.46
 -28853.516     6.064     0.37    2.09
 -28478.077     5.820    -0.65    1.91
 -28102.657     6.135     0.84    2.26
 -27727.256     5.497    -1.70    2.36
 -27351.874     5.142    -0.94    2.60
 -26976.511     4.701    -1.17    2.60
 -26601.167     4.633    -0.18    2.44
 -26225.842     4.451    -0.48    2.41
 -25850.536     4.109    -0.91    2.15
 -25475.249     4.375     0.71    2.13
 -25099.981     4.224    -0.40    2.00
 -24724.732     4.701     1.27    2.19
 -24349.502     5.088     1.03    2.17
 -23974.291     5.398     0.83    1.69
 -23599.098     5.656     0.69    1.47
 -23223.925     5.709     0.14    1.58
 -22848.771     5.352    -0.95    1.73
 -22473.635     5.325    -0.07    1.63
 -22098.519     5.185    -0.37    1.62
 -21723.421     5.338     0.41    1.41
 -21348.343     5.242    -0.25    1.39
 -20973.283     5.303     0.16    1.24
 -20598.242     5.156    -0.39    1.17
 -20223.220     4.949    -0.55    1.25
 -19848.217     4.825    -0.33    1.26
 -19473.233     4.740    -0.23    1.28
 -19098.268     4.709    -0.08    1.31
 -18723.322     4.887     0.47    1.55
 -18348.395     4.694    -0.51    1.65
 -17973.486     4.353    -0.91    1.73
 -17598.596     4.428     0.20    2.00
 -17223.726     4.820     1.04    1.92
 -16848.874     5.315     1.32    1.90
 -16474.041     5.531     0.58    1.69
 -16099.227     5.406    -0.33    1.48
 -15724.431     5.129    -0.74    1.41
 -15349.655     4.842    -0.77    1.32
 -14974.897     4.178    -1.77    1.59
 -14600.159     3.553    -1.67    2.71
 -14225.439     3.360    -0.51    2.83
 -13850.738     3.269    -0.24    2.86
 -13476.055     3.331     0.16    3.10
 -13101.392     3.088    -0.65    2.77
 -12726.747     2.747    -0.91    3.00
 -12352.122     2.588    -0.42    3.28
 -11977.515     2.701     0.30    3.09
 -11602.926     2.928     0.61    2.39
 -11228.357     3.156     0.61    1.60
 -10853.806     2.709    -1.19    1.54
 -10479.275     2.507    -0.54    1.55
 -10104.762     2.131    -1.00    1.69
  -9730.267     1.738    -1.05    1.91
  -9355.792     1.220    -1.38    1.98
  -8981.335     1.156    -0.17    2.04
  -8606.897     1.201     0.12    1.45
  -8232.478     0.331    -2.32    2.49
  -7858.078     0.018    -0.84    2.43
  -7483.696    -0.154    -0.46    2.54
  -7109.333    -0.402    -0.66    3.01
  -6734.989    -0.208     0.52    3.41
  -6360.664    -0.167     0.11    3.52
  -5986.357    -0.344    -0.47    3.43
  -5612.069    -0.113     0.62    3.62
  -5237.800     0.115     0.61    3.52
  -4863.549     0.368     0.68    3.53
  -4489.317     0.519     0.40    3.18
  -4115.104    -0.291    -2.17    3.28
  -3740.910    -1.911    -4.33    3.32
  -3366.734    -3.094    -3.16    3.02
  -2992.577    -3.322    -0.61    2.73
  -2618.439    -2.358     2.58    3.08
  -2244.319    -0.513     4.93    3.29
  -1870.218     0.600     2.98    2.61
  -1496.136     0.678     0.21    2.66
  -1122.072     0.315    -0.97    2.84
   -748.028     0.577     0.70    2.52
   -374.001     0.110    -1.25    2.25
      0.006    -0.158    -0.72    1.76
    373.995    -0.225    -0.18    1.23
    747.966    -0.074     0.40    1.22
   1121.917    -0.117    -0.11    1.52
   1495.850    -0.291    -0.47    1.89
   1869.765     0.158     1.20    2.11
   2243.660    -0.094    -0.68    2.16
   2617.538    -0.383    -0.77    2.01
   2991.396    -0.549    -0.44    1.97
   3365.236    -0.958    -1.09    1.93
   3739.057    -0.780     0.48    1.84
   4112.860    -0.625     0.42    1.55
   4486.644    -0.772    -0.39    1.71
   4860.409    -1.299    -1.41    2.35
   5234.156    -1.808    -1.36    2.36
   5607.885    -1.526     0.75    2.25
   5981.594    -1.625    -0.26    2.24
   6355.286    -1.625     0.00    2.12
   6728.958    -1.736    -0.30    2.12
   7102.612    -1.656     0.21    1.24
   7476.248    -1.662    -0.02    1.02
   7849.864    -1.508     0.41    1.01
   8223.463    -1.412     0.26    1.02
   8597.042    -1.625    -0.57    1.16
   8970.604    -1.713    -0.24    1.32
   9344.146    -1.891    -0.48    1.32
   9717.670    -2.097    -0.55    1.34
  10091.176    -2.180    -0.22    1.20
  10464.663    -2.133     0.13    1.28
  10838.132    -1.890     0.65    1.34
  11214.112    -1.763     0.34    1.40
  11591.293    -1.458     0.81    1.13
  11968.454    -1.231     0.60    1.30
  12345.597    -1.400    -0.45    1.48
  12722.721    -1.469    -0.18    1.56
  13099.826    -1.533    -0.17    1.38
  13476.912    -1.708    -0.46    1.48
  13853.979    -1.400     0.82    1.31
  14231.028    -1.526    -0.34    1.30
  14608.057    -1.691    -0.44    1.32
  14985.068    -2.077    -1.02    1.19
  15362.059    -1.913     0.43    1.61
  15739.032    -1.563     0.93    1.77
  16115.986    -1.844    -0.75    1.67
  16492.921    -1.869    -0.07    1.64
  16869.838    -2.088    -0.58    1.44
  17246.735    -2.367    -0.74    1.42
  17623.614    -2.051     0.84    1.39
  18000.473    -2.091    -0.11    1.32
  18377.314    -1.912     0.47    1.31
  18754.137    -2.003    -0.24    1.08
  19130.940    -2.117    -0.30    1.20
  19507.724    -2.322    -0.54    1.26
  19884.490    -2.481    -0.42    1.56
  20261.237    -2.049     1.15    1.60
  20637.965    -2.367    -0.84    1.67
  21014.675    -1.802     1.50    1.85
  21391.365    -1.799     0.01    1.72
  21768.037    -1.776     0.06    1.60
  22144.690    -1.822    -0.12    1.58
  22521.324    -1.867    -0.12    1.24
  22897.939    -1.935    -0.18    1.13
  23274.536    -2.237    -0.80    1.10
  23651.114    -2.625    -1.03    1.35
  24027.673    -3.006    -1.01    1.19
  24404.214    -3.291    -0.76    1.02
  24780.735    -3.358    -0.18    1.03
  25157.238    -3.358     0.00    0.96
  25533.722    -3.503    -0.39    1.09
  25910.188    -3.672    -0.45    1.09
  26286.634    -3.647     0.07    1.02
  26663.062    -3.815    -0.45    1.03
  27039.472    -4.117    -0.80    1.10
  27415.862    -4.458    -0.91    1.07
  27792.234    -4.470    -0.03    1.10
  28168.587    -4.572    -0.27    1.20
  28544.922    -4.358     0.57    1.32
  28921.237    -4.825    -1.24    1.25
  29297.535    -5.167    -0.91    1.12
  29673.813    -5.231    -0.17    1.17
  30050.073    -5.412    -0.48    1.19
  30426.314    -5.519    -0.28    1.21
  30802.536    -5.640    -0.32    1.29
  31178.740    -5.738    -0.26    1.24
  31554.925    -5.736     0.01    1.29
  31931.091    -5.822    -0.23    1.25
  32307.239    -5.935    -0.30    1.20
  32683.368    -6.136    -0.53    1.15
  33059.478    -6.158    -0.06    1.14
  33435.570    -6.140     0.05    1.11
  33811.643    -5.683     1.21    1.04
  34187.698    -5.162     1.38    1.41
  34563.734    -4.299     2.30    1.87
  34939.751    -3.097     3.19    2.49
  35315.750    -2.380     1.91    2.31
  35691.730    -1.333     2.79    2.36
  36067.691    -1.367    -0.09    2.23
  36443.634    -1.725    -0.95    2.16
  36819.558    -1.890    -0.44    2.31
  37195.464    -2.091    -0.54    2.02
  37571.351    -1.744     0.92    2.04
  37947.220    -0.806     2.50    2.19
  38323.070     0.256     2.83    2.33
  38698.901     1.064     2.15    2.18
  39074.714     1.656     1.57    1.85
  39450.508     0.975    -1.81    2.11
  39826.284     0.383    -1.58    2.06
  40202.041    -0.672    -2.81    1.93
  40577.780    -1.913    -3.30    2.04
  40953.500    -2.493    -1.54    1.93
  41329.201    -2.580    -0.23    2.57
  41704.884    -2.367     0.57    3.11
  42080.548    -2.371    -0.01    3.45
  42456.194    -2.563    -0.51    3.35
  42831.822    -3.028    -1.24    2.85
  43207.431    -3.891    -2.30    3.00
  43583.021    -4.725    -2.22    3.35
  43958.593    -5.481    -2.01    3.28
  44334.146    -5.390     0.24    2.67
  44709.681    -5.935    -1.45    2.50
  45085.197    -6.162    -0.61    2.17
  45460.695    -6.380    -0.58    1.82
  45836.175    -6.753    -0.99    1.36
  46211.635    -6.913    -0.43    1.15
  46587.078    -6.890     0.06    1.04
  46962.502    -6.572     0.85    1.26
  47337.907    -6.049     1.39    1.43
  47713.294    -4.847     3.20    1.70
  48088.663    -3.869     2.60    1.70
  48464.013    -2.890     2.61    1.89
  48839.345    -1.380     4.02    1.73
  49214.658    -0.190     3.17    2.00
  49589.953     1.131     3.52    2.11
  49965.229     2.519     3.70    2.15
  50340.487     4.531     5.36    2.36
  50715.726     5.997     3.91    2.10
  51090.948     7.042     2.79    1.83
  51466.150     8.451     3.76    1.54
  51841.335     9.471     2.72    1.99
  52216.500    10.738     3.38    2.12
  52591.648    11.883     3.05    1.74
  52966.777    12.701     2.18    1.80
  53341.888    12.906     0.55    1.97
  53716.980    13.247     0.91    2.18
  54092.054    13.664     1.11    2.24
  54467.109    13.652    -0.03    2.07
  54842.146    14.216     1.50    2.10
  55217.165    13.909    -0.82    2.17
  55592.166    13.997     0.23    2.34
  55967.148    14.233     0.63    2.18
  56342.111    14.368     0.36    2.01
  56717.057    14.838     1.25    1.68
  57091.984    14.892     0.15    1.73
  57466.892    15.259     0.98    1.76
  57841.783    16.224     2.57    2.24
  58216.655    17.368     3.05    2.52
  58591.508    18.763     3.72    2.21
  58966.344    19.506     1.98    2.10
  59341.161    19.951     1.19    2.24
  59715.959    19.742    -0.56    2.39
  60090.740    19.620    -0.33    2.31
  60465.502    19.656     0.10    2.08
  60840.246    20.065     1.09    1.85
  61214.971    20.292     0.61    2.16
  61589.678    19.042    -3.34    3.64
  61964.367    16.747    -6.13    4.62
  62339.038    14.161    -6.90    3.42
  62713.690    13.974    -0.50    2.72
  63088.325    15.906     5.16    3.29
  63462.940    17.838     5.16    2.88
  63837.538    19.133     3.46    1.99
  64212.117    19.317     0.49    1.71
  64586.678    18.883    -1.16    1.68
  64961.221    18.423    -1.23    1.55
  65335.746    19.247     2.20    2.09
  65710.252    20.338     2.91    2.26
  66084.740    21.224     2.37    2.05
  66459.210    21.110    -0.30    2.11
  66833.661    20.222    -2.37    2.29
  67208.095    19.383    -2.24    2.37
  67582.510    19.328    -0.15    2.45
  67956.907    20.042     1.91    2.40
  68331.286    20.820     2.08    2.09
  68705.646    21.600     2.08    1.39
  69079.989    21.110    -1.31    1.48
  69454.313    20.504    -1.62    1.57
  69828.619    19.633    -2.33    1.80
  70202.907    19.066    -1.52    1.93
  70577.176    19.131     0.17    2.20
  70951.428    18.883    -0.66    2.13
  71325.661    18.949     0.18    1.90
  71699.876    19.178     0.61    1.81
  72074.073    19.942     2.04    1.89
  72448.252    20.860     2.45    2.13
  72822.412    21.685     2.20    2.57
  73196.555    22.975     3.45    2.71
  73570.679    23.701     1.94    2.34
  73944.785    24.228     1.41    2.06
  74318.873    24.769     1.45    2.05
  74692.943    25.592     2.20    2.02
  75066.995    26.860     3.39    2.11
  75441.029    28.137     3.41    1.75
  75815.044    29.598     3.90    2.06
  76189.041    31.088     3.98    2.13
  76563.021    32.623     4.11    2.13
  76936.982    34.565     5.19    2.62
  77310.925    36.742     5.82    2.82
  77684.850    38.451     4.57    3.00
  78058.757    39.823     3.67    2.64
  78432.646    41.178     3.63    2.63
  78806.517    41.678     1.34    2.62
  79180.369    41.972     0.79    2.81
  79554.204    40.906    -2.85    2.94
  79928.020    39.242    -4.45    3.14
  80301.819    37.474    -4.73    3.39
  80675.599    35.542    -5.17    2.77
  81049.362    33.860    -4.50    2.62
  81423.106    32.769    -2.92    2.75
  81796.832    32.600    -0.45    3.35
  82170.540    32.109    -1.32    3.60
  82544.231    32.542     1.16    3.50
  82917.903    32.565     0.06    3.11
  83291.557    33.067     1.34    3.42
  83665.193    33.860     2.12    4.46
  84038.811    34.519     1.76    4.69
  84412.411    35.740     3.27    4.95
  84785.993    35.598    -0.38    4.42
  85159.557    35.917     0.86    3.82
  85533.103    35.928     0.03    3.77
  85906.631    36.492     1.51    3.86
  86283.092    38.088     4.24    4.30
  86660.228    40.588     6.63    5.00
  87037.346    44.693    10.89    6.82
  87414.445    47.633     7.80    6.51
  87791.526    51.481    10.20    6.88
  88168.589    52.974     3.96    6.41
  88545.633    54.224     3.31    6.42
  88922.659    55.156     2.47    7.79
  89299.667    56.331     3.12    8.26
  89676.656    57.161     2.20    8.66
  90053.627    57.153    -0.02    7.20
  90430.580    61.019    10.25    9.16
  90807.514    62.437     3.76    9.67
  91184.430    62.519     0.22    9.98
  91561.328    64.175     4.39   13.22
  91938.207    62.338    -4.88   12.92
  92315.069    58.875    -9.19   10.95
  92691.912    59.620     1.98   10.67
  93068.736    60.065     1.18    9.94
  93445.542    62.519     6.51   10.86
  93822.331    67.201    12.42   11.32
  94199.100    69.315     5.61   12.84
  94575.852    71.815     6.64   12.21
  94952.585    73.391     4.18   14.87
  95329.300    74.087     1.85   16.00
  95705.997    73.792    -0.78   16.92
  96082.675    72.247    -4.10   17.63
  96459.335    69.996    -5.98   16.10
  96835.977    67.331    -7.07   15.86
  97212.601    67.247    -0.22   17.83
  97589.207    66.353    -2.37   18.58
  97965.794    64.484    -4.96   17.03
  98342.363    62.406    -5.52   14.07
  98718.914    60.178    -5.91   13.01
  99095.447    59.451    -1.93   13.43
  99471.961    58.065    -3.68   14.26
  99848.457    58.656     1.57   15.34
 100224.935    59.928     3.38   16.43
 100601.395    61.018     2.89   17.65
 100977.837    59.687    -3.54   16.23
 101354.260    57.442    -5.96   16.07
 101730.666    55.383    -5.47   14.33
 102107.053    53.542    -4.89   10.87
 102483.422    52.600    -2.50   10.69
 102859.773    53.775     3.12   11.47
 103236.105    54.685     2.42   12.19
 103612.420    53.451    -3.28   11.29
 103988.716    52.519    -2.48   11.04
 104364.994    50.507    -5.35   10.65
 104741.254    53.565     8.13   15.69
 105117.496    55.749     5.81   18.53
 105493.720    60.224    11.89   19.40
 105869.925    59.018    -3.20   18.42
 106246.113    57.201    -4.83   16.23
 106622.282    53.747    -9.18   12.21
 106998.433    52.661    -2.89   10.29
 107374.566    52.292    -0.98    9.22
 107750.681    50.392    -5.05    7.91
 108126.778    50.220    -0.46    8.37
 108502.857    48.321    -5.05    9.09
 108878.918    48.269    -0.14    9.58
 109254.961    49.178     2.42   10.16
 109630.985    51.042     4.96   10.53
 110006.992    54.110     8.16   12.65
 110382.980    56.676     6.82   14.38
 110758.950    57.860     3.15   16.01
 111134.903    53.133   -12.57   13.79
 111510.837    51.112    -5.38   11.45
 111886.753    48.247    -7.62   11.00
 112262.651    48.581     0.89   11.39
 112638.531    47.497    -2.88   10.93
 113014.393    44.949    -6.78   11.66
 113390.237    43.798    -3.06   13.01
 113766.063    41.951    -4.91   14.13
 114141.871    41.112    -2.23   14.12
 114517.660    38.201    -7.74   12.21
 114893.432    40.427     5.92   11.67
 115269.186    40.883     1.21    9.25
 115644.922    40.701    -0.48    7.20
 116020.640    41.315     1.63    6.89
 116396.339    39.664    -4.39    7.31
 116772.021    38.899    -2.04    8.78
 117147.685    37.951    -2.52   10.24
 117523.331    39.417     3.90   11.17
 117898.959    40.588     3.12   11.32
 118274.568    40.088    -1.33   10.30
 118650.160    41.883     4.78   10.33
 119025.734    41.864    -0.05    7.63
 119401.290    42.942     2.87    5.67
 119776.828    42.815    -0.34    4.95
 120152.348    41.262    -4.14    5.67
 120527.850    38.328    -7.81    6.12
 120903.334    35.182    -8.38    5.42
 121278.800    33.717    -3.90    5.10
 121654.248    32.464    -3.33    5.32
 122029.678    33.066     1.60    4.65
 122405.091    32.224    -2.24    4.02
 122780.485    31.042    -3.15    3.62
 123155.862    29.951    -2.91    3.99
 123531.220    30.088     0.36    3.92
 123906.561    30.368     0.75    4.01
 124281.883    30.398     0.08    3.55
 124657.188    31.733     3.56    3.24
 125032.475    32.565     2.22    3.46
 125407.744    34.610     5.45    3.79
 125782.995    35.998     3.70    3.50
 126158.228    36.951     2.54    3.44
 126533.444    36.971     0.05    4.35
 126908.641    36.042    -2.47    4.52
 127283.821    34.623    -3.78    5.37
 127658.983    32.974    -4.40    4.90
 128034.126    31.019    -5.21    4.29
 128409.252    29.509    -4.03    2.98
 128784.361    28.542    -2.58    2.44
 129159.451    27.566    -2.60    2.43
 129534.523    25.474    -5.58    3.02
 129909.578    23.833    -4.38    2.71
 130284.615    22.678    -3.08    2.91
 130659.633    21.792    -2.36    2.86
 131034.635    21.846     0.14    2.84
 131409.618    21.406    -1.18    2.49
 131784.583    20.566    -2.24    2.07
 132159.531    20.269    -0.79    1.96
 132534.461    21.065     2.12    2.27
 132909.373    22.088     2.73    2.42
 133284.267    23.383     3.46    2.26
 133659.143    24.633     3.33    2.02
 134034.002    25.451     2.18    2.28
 134408.843    26.437     2.63    2.58
 134783.666    27.242     2.15    2.71
 135158.471    27.860     1.65    2.70
 135533.258    28.338     1.27    3.20
 135908.028    28.974     1.70    3.64
 136282.780    29.088     0.30    4.33
 136657.514    29.786     1.86    3.77
 137032.230    29.786     0.00    3.67
 137406.929    29.064    -1.93    3.45
 137781.610    28.951    -0.30    3.12
 138156.273    28.442    -1.36    3.08
 138530.918    27.949    -1.32    2.93
 138905.546    27.633    -0.84    3.54
 139280.156    27.065    -1.52    3.62
 139654.748    26.298    -2.05    3.63
 140029.323    25.353    -2.52    3.73
 140403.879    24.656    -1.86    3.54
 140778.418    23.198    -3.89    3.16
 141152.940    21.903    -3.46    3.33
 141527.443    20.949    -2.55    3.27
 141901.929    20.338    -1.63    3.06
 142276.397    20.647     0.83    3.17
 142650.848    20.747     0.27    2.99
 143025.281    21.019     0.73    2.56
 143399.696    21.509     1.31    3.20
 143774.093    21.879     0.99    3.48
 144148.473    22.906     2.74    4.08
 144522.835    23.519     1.64    3.68
 144897.180    25.065     4.13    3.62
 145271.506    25.997     2.49    3.42
 145645.816    26.724     1.94    3.00
 146020.107    27.588     2.31    3.39
 146394.381    27.903     0.84    3.13
 146768.637    28.709     2.15    3.35
 147142.876    28.542    -0.45    3.18
 147517.096    28.133    -1.09    3.28
 147891.300    28.269     0.36    3.54
 148265.485    27.769    -1.34    3.53
 148639.653    26.860    -2.43    4.02
 149013.804    26.391    -1.25    3.94
 149387.937    25.953    -1.17    3.97
 149762.052    25.838    -0.31    3.83
 150136.149    25.474    -0.97    3.68
 150510.229    24.360    -2.98    3.99
 150884.292    23.088    -3.40    4.05
 151258.336    21.428    -4.43    4.34
 151632.363    19.810    -4.33    3.83
 152006.373    18.383    -3.81    3.42
 152380.365    17.019    -3.65    3.44
 152754.339    15.428    -4.25    3.04
 153128.296    14.247    -3.16    3.34
 153502.236    12.792    -3.89    3.36
 153876.157    11.247    -4.13    3.43
 154250.061     9.414    -4.90    3.12
 154623.948     7.860    -4.16    3.09
 154997.817     6.519    -3.59    3.12
 155371.669     4.928    -4.25    3.13
 155745.503     3.474    -3.89    2.86
 156119.319     1.906    -4.19    3.20
 156493.118     0.451    -3.89    3.38
 156866.899    -1.121    -4.20    3.14
 157240.663    -2.818    -4.54    2.74
 157614.410    -4.026    -3.23    2.69
 157988.138    -5.458    -3.83    2.56
 158361.850    -6.276    -2.19    2.63
 158735.543    -7.049    -2.07    2.36
 159109.220    -7.912    -2.31    2.01
 159482.879    -8.656    -1.99    1.85
 159856.520    -9.214    -1.49    2.56
 160230.144    -9.162     0.14    3.05
 160603.750    -8.912     0.67    2.90
 160977.339    -8.503     1.09    2.61
 161354.276    -7.799     1.87    2.29
 161731.362    -7.753     0.12    2.75
 162108.431    -6.890     2.29    2.76
 162485.482    -6.470     1.11    2.75
 162862.515    -6.026     1.18    2.49
 163239.530    -5.662     0.96    2.32
 163616.527    -5.330     0.88    2.52
 163993.506    -4.074     3.33    2.47
 164370.468    -3.025     2.78    2.28
 164747.412    -2.367     1.74    2.23
 165124.338    -1.469     2.38    2.03
 165501.247    -0.749     1.91    2.14
 165878.137    -0.026     1.92    2.42
 166255.010     0.484     1.35    2.70
 166631.865     0.600     0.31    2.54
 167008.702     0.201    -1.06    2.17
 167385.522    -0.572    -2.05    2.27
 167762.324    -1.003    -1.15    2.44
 168139.108    -2.101    -2.91    2.44
 168515.874    -2.911    -2.15    2.26
 168892.622    -3.558    -1.72    2.03
 169269.353    -4.231    -1.79    1.99
 169646.066    -4.818    -1.56    2.29
 170022.762    -5.267    -1.19    2.25
 170399.439    -5.513    -0.65    2.25
 170776.099    -6.482    -2.57    2.20
 171152.741    -6.912    -1.14    2.27
 171529.366    -7.625    -1.89    2.29
 171905.972    -8.377    -2.00    2.27
 172282.562    -8.822    -1.18    2.13
 172659.133    -9.533    -1.89    1.88
 173035.687   -10.136    -1.60    1.92
 173412.223   -10.640    -1.34    2.19
 173788.741   -10.656    -0.04    2.30
 174165.241   -11.594    -2.49    2.38
 174541.724   -12.408    -2.16    2.52
 174918.190   -13.367    -2.55    2.74
 175294.637   -14.339    -2.58    2.31
 175671.067   -14.503    -0.44    2.43
 176047.479   -15.140    -1.69    2.49
 176423.874   -15.632    -1.31    1.96
 176800.251   -17.253    -4.31    2.25
 177176.610   -18.683    -3.80    2.46
 177552.952   -20.299    -4.29    2.72
 177929.276   -22.121    -4.84    2.26
 178305.583   -23.094    -2.59    2.48
 178681.871   -24.237    -3.04    2.90
 179058.143   -25.701    -3.89    3.13
 179434.396   -26.458    -2.01    3.05
 179810.632   -27.714    -3.34    2.68
 180186.850   -28.140    -1.13    2.46
 180563.051   -28.753    -1.63    2.25
 180939.234   -29.516    -2.03    2.07
 181315.400   -30.731    -3.23    1.93
 181691.548   -31.642    -2.42    1.79
 182067.678   -32.276    -1.69    1.80
 182443.791   -33.446    -3.11    1.52
 182819.886   -34.049    -1.60    1.79
 183195.964   -34.691    -1.71    1.86
 183572.024   -35.055    -0.97    1.58
 183948.066   -35.617    -1.49    1.75
 184324.091   -35.958    -0.91    1.93
 184700.098   -36.185    -0.60    1.82
 185076.088   -36.322    -0.36    1.69
 185452.060   -36.377    -0.15    1.76
 185828.015   -36.313     0.17    1.61
 186203.952   -35.908     1.08    1.68
 186579.872   -35.799     0.29    1.54
 186955.774   -35.548     0.67    1.35
 187331.659   -35.208     0.90    1.37
 187707.526   -34.799     1.09    1.45
 188083.375   -34.260     1.43    1.35
 188459.207   -33.890     0.99    1.28
 188835.022   -33.508     1.02    1.45
 189210.819   -33.094     1.10    1.52
 189586.598   -32.190     2.40    1.57
 189962.360   -31.549     1.71    1.63
 190338.105   -30.981     1.51    2.20
 190713.832   -30.196     2.09    2.52
 191089.542   -29.253     2.51    2.21
 191465.234   -28.163     2.90    1.85
 191840.908   -27.822     0.91    1.52
 192216.565   -27.446     1.00    1.44
 192592.205   -26.842     1.61    1.48
 192967.827   -26.802     0.10    1.46
 193343.432   -26.183     1.65    1.44
 193719.019   -25.958     0.60    1.71
 194094.589   -25.665     0.78    1.69
 194470.141   -25.125     1.44    2.06
 194845.676   -25.609    -1.29    2.13
 195221.194   -25.795    -0.50    2.32
 195596.694   -25.776     0.05    2.19
 195972.177   -26.226    -1.20    2.05
 196347.642   -26.390    -0.44    1.95
 196723.090   -26.543    -0.41    1.75
 197098.520   -26.208     0.89    1.75
 197473.933   -26.049     0.42    1.81
 197849.329   -25.616     1.15    1.62
 198224.707   -25.981    -0.97    1.81
 198600.068   -26.348    -0.98    1.61
 198975.411   -26.842    -1.31    1.58
 199350.737   -27.097    -0.68    1.92
 199726.046   -27.481    -1.02    1.97
 200101.337   -27.867    -1.03    1.97
 200476.611   -27.883    -0.04    1.85
 200851.868   -28.117    -0.62    1.71
 201227.107   -28.506    -1.04    1.70
 201602.328   -29.029    -1.40    1.93
 201977.533   -29.367    -0.90    1.97
 202352.720   -28.981     1.03    2.04
 202727.890   -28.825     0.42    2.05
 203103.042   -28.672     0.41    1.85
 203478.177   -28.640     0.09    1.81
 203853.295   -28.696    -0.15    1.98
 204228.395   -29.053    -0.95    1.96
 204603.478   -29.162    -0.29    2.11
 204978.544   -29.397    -0.63    2.00
 205353.592   -29.344     0.14    2.24
 205728.623   -29.267     0.20    2.27
 206103.637   -29.097     0.45    2.21
 206478.634   -29.214    -0.31    2.34
 206853.613   -29.344    -0.35    2.93
 207228.575   -29.400    -0.15    3.07
 207603.519   -30.196    -2.12    3.35
 207978.446   -30.981    -2.09    3.02
 208353.356   -30.656     0.87    3.08
 208728.249   -30.648     0.02    3.09
 209103.125   -30.911    -0.70    3.05
 209477.983   -30.912    -0.00    2.30
 209852.824   -31.799    -2.36    2.35
 210227.647   -32.641    -2.25    2.61
 210602.454   -33.094    -1.21    2.26
 210977.243   -33.446    -0.94    2.09
 211352.015   -33.696    -0.67    2.15
 211726.769   -33.844    -0.40    1.69
 212101.507   -34.196    -0.94    1.66
 212476.227   -34.088     0.29    1.72
 212850.930   -34.220    -0.35    1.75
 213225.615   -34.435    -0.57    1.75
 213600.284   -34.818    -1.02    1.85
 213974.935   -35.434    -1.64    1.73
 214349.569   -35.617    -0.49    1.55
 214724.186   -36.053    -1.16    1.57
 215098.785   -36.162    -0.29    1.55
 215473.368   -36.077     0.23    1.48
 215847.933   -36.190    -0.30    1.38
 216222.481   -35.815     1.00    2.05
 216597.012   -36.003    -0.50    2.43
 216971.525   -36.094    -0.24    2.42
 217346.022   -36.519    -1.13    2.19
 217720.501   -36.731    -0.57    1.98
 218094.963   -37.006    -0.73    1.72
 218469.408   -37.051    -0.12    1.90
 218843.836   -36.702     0.93    1.81
 219218.246   -36.731    -0.08    1.92
 219592.640   -37.029    -0.80    1.66
 219967.016   -37.008     0.06    1.63
 220341.375   -37.685    -1.81    1.95
 220715.717   -38.373    -1.84    1.92
 221090.042   -39.458    -2.90    1.97
 221464.350   -40.493    -2.76    1.80
 221838.640   -41.377    -2.36    1.72
 222212.914   -42.253    -2.34    1.36
 222587.170   -42.633    -1.01    1.56
 222961.409   -43.276    -1.72    1.62
 223335.631   -44.008    -1.96    1.62
 223709.836   -44.529    -1.39    1.58
 224084.024   -44.818    -0.77    1.47
 224458.195   -45.377    -1.49    1.43
 224832.348   -46.117    -1.98    1.58
 225206.485   -46.258    -0.38    1.73
 225580.604   -46.594    -0.90    1.62
 225954.707   -46.763    -0.45    1.72
 226328.792   -47.267    -1.35    1.77
 226702.860   -47.563    -0.79    1.66
 227076.912   -48.220    -1.76    1.48
 227450.946   -48.844    -1.67    1.74
 227824.963   -48.982    -0.37    2.36
 228198.963   -49.390    -1.09    2.62
 228572.945   -49.543    -0.41    3.18
 228946.911   -50.299    -2.02    3.26
 229320.860   -50.549    -0.67    3.37
 229694.792   -50.601    -0.14    3.42
 230068.707   -50.594     0.02    3.56
 230442.604   -50.333     0.70    2.78
 230816.485   -50.253     0.21    2.79
 231190.349   -51.214    -2.57    3.04
 231564.195   -51.776    -1.50    2.97
 231938.025   -52.572    -2.13    2.31
 232311.837   -53.267    -1.86    1.80
 232685.633   -53.458    -0.51    1.77
 233059.411   -53.471    -0.03    1.79
 233433.173   -53.935    -1.24    1.62
 233806.917   -54.190    -0.68    1.84
 234180.645   -54.470    -0.75    1.70
 234554.356   -55.003    -1.43    1.51
 234928.049   -55.373    -0.99    1.45
 235301.726   -55.594    -0.59    1.56
 235675.385   -55.958    -0.97    1.64
 236049.372   -55.958     0.00    1.66
 236426.431   -56.299    -0.90    1.80
 236803.473   -56.121     0.47    1.81
 237180.498   -56.299    -0.47    1.66
 237557.505   -56.358    -0.16    1.55
 237934.495   -56.322     0.10    1.51
 238311.468   -55.758     1.49    1.47
 238688.423   -55.844    -0.23    1.82
 239065.361   -55.753     0.24    1.80
 239442.282   -56.053    -0.80    1.68
 239819.186   -56.572    -1.38    1.73
 240196.072   -56.650    -0.21    1.56
 240572.941   -56.799    -0.39    1.64
 240949.793   -56.679     0.32    1.71
 241326.627   -56.237     1.17    1.68
 241703.445   -56.158     0.21    1.90
 242080.245   -55.733     1.13    2.13
 242457.028   -55.708     0.07    1.92
 242833.793   -55.787    -0.21    1.91
 243210.542   -55.412     0.99    1.85
 243587.273   -55.353     0.16    1.50
 243963.987   -55.787    -1.15    1.76
 244340.684   -55.549     0.63    2.35
 244717.363   -55.275     0.73    2.34
 245094.025   -55.291    -0.04    2.60
 245470.671   -55.958    -1.77    2.59
 245847.299   -56.094    -0.36    2.69
 246223.909   -56.004     0.24    2.73
 246600.503   -56.458    -1.20    2.78
 246977.079   -57.049    -1.57    2.34
 247353.638   -57.842    -2.10    1.89
 247730.180   -58.077    -0.62    2.41
 248106.705   -57.867     0.56    2.56
 248483.213   -57.815     0.14    3.03
 248859.704   -57.980    -0.44    3.00
 249236.177   -57.586     1.05    3.09
 249612.633   -57.725    -0.37    2.69
 249989.072   -58.028    -0.80    2.70
 250365.494   -57.669     0.95    2.67
 250741.899   -57.822    -0.41    3.11
 251118.287   -57.934    -0.30    2.96
 251494.657   -58.412    -1.27    2.83
 251871.011   -59.097    -1.82    2.46
 252247.347   -59.330    -0.62    2.72
 252623.666   -58.888     1.17    2.85
 252999.968   -58.744     0.38    2.77
 253376.253   -58.412     0.88    2.80
 253752.521   -57.563     2.26    2.60
 254128.772   -57.669    -0.28    2.52
 254505.005   -57.749    -0.21    2.70
 254881.222   -57.447     0.80    3.17
 255257.421   -57.746    -0.79    3.41
