# NaN NaN NaN ;Mean Elev.(m), Avg Gradient(m/km), RMS Gradient(m/km) - SRTM1     
#  154.321  -0.268   0.976 ;Mean Elev.(m), Avg Gradient(m/km), RMS Gradient(m/km) - ASTER GDEM
#  155.497  -0.145   0.773 ;Mean Elev.(m), Avg Gradient(m/km), RMS Gradient(m/km) - GMTED2010 
  8  70.806097  31.331070   151.831   151.833  6 52503.23454181 50.435
 20  70.805843  31.331865   154.649   154.706  9 52923.23462324 38.496
 25  70.804333  31.343697   154.323   154.472  3 53098.23460340 25.068
 31  70.805739  31.332091   154.560   154.434  8 53308.23464872 40.312
 36  70.804113  31.331984   155.123   155.132  9 53483.23466455 44.859
 38  70.802355  31.331335   156.396   156.394 11 53553.23468613 46.176
 42  70.806176  31.330340   154.698   154.717  4 53693.23461644 39.812
 50  70.804059  31.332389   156.070   156.093 10 53973.23459735 41.506
 54  70.804752  31.331249   154.085   154.080  9 54113.23454100 32.214
 56  70.805668  31.332032   155.377   155.384  8 54183.23453002 41.290
 77  70.804126  31.332083   154.841   154.821 10 54918.23446700 34.155
 82  70.806573  31.333246   155.733   155.732  7 55093.23444697 42.188
 86  70.806717  31.332469   154.161   154.182  5 55233.23441335 28.588
