# NaN NaN NaN ;Mean Elev.(m), Avg Gradient(m/km), RMS Gradient(m/km) - SRTM1     
#  164.788  -0.286   1.274 ;Mean Elev.(m), Avg Gradient(m/km), RMS Gradient(m/km) - ASTER GDEM
#  162.791  -0.412   1.344 ;Mean Elev.(m), Avg Gradient(m/km), RMS Gradient(m/km) - GMTED2010 
  7  70.882732  31.603449   163.740   163.756  5 52468.23449930 41.958
  8  70.881589  31.603701   159.819   159.764  4 52503.23448830 42.541
  9  70.889814  31.603294   162.960   162.944  3 52538.23447276 31.603
 10  70.882136  31.603816   162.489   162.461  4 52573.23451331 44.394
 11  70.884805  31.603259   162.934   162.837  4 52608.23447164 42.866
 12  70.885871  31.604411   162.156   162.201  4 52643.23446703 36.593
 13  70.885981  31.602953   162.669   162.585  4 52678.23445000 41.409
 15  70.872153  31.602169   162.778   162.787  4 52748.23451431 44.842
 16  70.887197  31.603930   164.013   164.042  3 52783.23445380 44.479
 17  70.886014  31.603212   164.066   164.063  4 52818.23453180 41.196
 18  70.888055  31.603875   164.412   164.413  4 52853.23458132 41.305
 20  70.881321  31.604499   163.045   163.064  5 52923.23456973 44.748
 21  70.893624  31.603624   162.601   162.601  2 52958.23453569 31.803
 22  70.888749  31.604084   162.386   162.345  3 52993.23456184 39.884
 23  70.885941  31.603136   162.125   162.098  4 53028.23452679 43.181
 24  70.891110  31.601515   162.362   162.372  3 53063.23453527 28.035
 25  70.876181  31.603190   161.917   161.922  5 53098.23455247 39.315
 26  70.894190  31.603717   162.860   162.815  3 53133.23453248 31.169
 28  70.883999  31.604530   163.801   163.789  4 53203.23460757 47.300
 29  70.888475  31.602642   163.411   163.407  4 53238.23457645 41.276
 30  70.891707  31.601140   163.007   163.007  2 53273.23453636 32.494
 31  70.881263  31.604712   162.815   162.891  4 53308.23459521 45.582
 33  70.893830  31.602748   161.208   161.315  3 53378.23450241 31.864
 34  70.888622  31.601582   162.613   162.754  3 53413.23453837 35.905
 35  70.889774  31.601396   162.590   162.590  2 53448.23452620 34.588
 36  70.879644  31.604611   163.115   163.199  5 53483.23461104 47.815
 37  70.885678  31.604609   163.719   163.814  4 53518.23461034 46.302
 38  70.877862  31.603952   164.145   164.065  5 53553.23463262 38.668
 39  70.887411  31.603166   164.361   164.355  4 53588.23458250 36.286
 40  70.882904  31.604336   163.548   163.554  5 53623.23455377 42.825
 41  70.885316  31.604795   162.966   162.986  4 53658.23458114 50.765
 42  70.882123  31.604607   163.004   163.007  4 53693.23456261 50.444
 43  70.883702  31.603965   162.216   162.195  4 53728.23448588 51.342
 44  70.895341  31.605028   161.759   161.765  3 53763.23444372 46.982
 45  70.885784  31.602919   162.656   162.636  4 53798.23445398 48.711
 47  70.884876  31.603946   166.980   167.130  5 53868.23451344 38.474
 48  70.883871  31.604076   163.885   163.874  5 53903.23454517 41.593
 49  70.875209  31.604176   163.663   163.647  4 53938.23458149 35.490
 50  70.879087  31.603378   163.840   163.842  5 53973.23454416 47.859
 52  70.891083  31.600588   162.882   162.882  2 54043.23455620 42.749
 54  70.880214  31.603886   161.950   161.864  5 54113.23448749 42.276
 56  70.881137  31.604662   163.562   163.539  4 54183.23447651 48.722
 57  70.885988  31.604682   163.613   163.586  4 54218.23450213 43.070
 58  70.884975  31.604657   163.939   164.010  5 54253.23452723 45.910
 59  70.886512  31.604844   163.682   163.621  4 54288.23453157 40.831
 60  70.886010  31.602289   163.499   163.502  4 54323.23452933 46.248
 61  70.882300  31.603332   163.346   163.370  5 54358.23448619 41.904
 62  70.886140  31.602725   162.778   162.830  4 54393.23446971 52.053
 63  70.884591  31.603117   162.761   162.757  4 54428.23443660 49.786
 64  70.888127  31.603985   161.808   161.900  3 54463.23444778 34.229
 65  70.885289  31.604909   162.208   162.176  4 54498.23444551 42.540
 66  70.887310  31.602649   162.636   162.695  4 54533.23446179 42.627
 67  70.882503  31.603777   162.939   162.917  5 54568.23444976 49.981
 68  70.885456  31.603208   163.608   163.591  4 54603.23445641 49.841
 69  70.883871  31.604740   163.937   163.925  4 54638.23446735 37.119
 70  70.883476  31.603871   163.693   163.704  5 54673.23447029 45.747
 71  70.884862  31.603984   163.070   163.102  4 54708.23442884 44.511
 72  70.885689  31.602211   162.756   162.753  4 54743.23443655 42.113
 73  70.885842  31.605111   162.507   162.539  4 54778.23441134 44.470
 75  70.883833  31.604283   161.536   161.620  4 54848.23441101 44.292
 76  70.885410  31.604608   162.486   162.506  4 54883.23443309 40.345
 77  70.879141  31.603076   162.434   162.469  5 54918.23441382 47.122
 78  70.885173  31.603520   163.067   163.163  4 54953.23442691 45.517
 79  70.883052  31.603512   163.625   163.591  5 54988.23445147 37.386
 80  70.885953  31.605133   163.684   163.682  4 55023.23444324 42.715
 81  70.884961  31.603602   164.082   164.110  4 55058.23443869 40.339
 82  70.881588  31.604233   163.305   163.269  4 55093.23439378 48.325
 83  70.885787  31.604035   162.290   162.328  4 55128.23437972 49.012
 84  70.884304  31.604329   162.410   162.377  5 55163.23435526 49.686
 85  70.886652  31.604838   161.228   161.204  4 55198.23437055 52.119
 86  70.882198  31.605092   162.195   162.188  5 55233.23435985 46.572
 87  70.885781  31.603360   162.602   162.592  4 55268.23436564 51.656
 88  70.883519  31.604079   162.741   162.755  5 55303.23433907 49.351
 89  70.884844  31.603427   163.688   163.687  4 55338.23433887 47.721
 90  70.885461  31.604235   164.020   164.033  5 55373.23432963 45.414
 91  70.887721  31.603158   164.549   164.507  3 55408.23435016 34.197
 92  70.884868  31.603061   163.431   163.432  4 55443.23434776 44.839
 93  70.882639  31.604105   162.494   162.495  4 55478.23428693 51.161
