# NaN NaN NaN ;Mean Elev.(m), Avg Gradient(m/km), RMS Gradient(m/km) - SRTM1     
#  201.243  -0.090   3.595 ;Mean Elev.(m), Avg Gradient(m/km), RMS Gradient(m/km) - ASTER GDEM
#  195.631  -0.355   2.000 ;Mean Elev.(m), Avg Gradient(m/km), RMS Gradient(m/km) - GMTED2010 
  8  71.423753  32.506834   196.522   196.510  5 52487.70315458 44.828
  9  71.422916  32.507396   198.710   198.709  4 52522.70312650 52.516
 11  71.416638  32.505317   196.686   196.571  3 52592.70317393 45.353
 12  71.424849  32.507184   194.930   194.944  5 52627.70309390 44.854
 13  71.420333  32.505789   196.840   196.845  3 52662.70313669 40.872
 14  71.420774  32.505485   196.419   196.660  3 52697.70311322 38.403
 15  71.430702  32.504855   197.415   197.403  5 52732.70313390 44.523
 16  71.421602  32.505077   195.677   195.676  4 52767.70314298 39.286
 17  71.417664  32.504998   198.492   198.515  4 52802.70315691 52.433
 18  71.421015  32.505440   198.548   198.543  3 52837.70322147 52.412
 19  71.421811  32.506007   198.551   198.551  4 52872.70326163 46.579
 20  71.426203  32.504755   197.548   197.526  7 52907.70324822 48.808
 21  71.423312  32.509012   197.037   197.040  5 52942.70317577 47.347
 23  71.419711  32.505132   196.873   196.892  4 53012.70323283 38.373
 24  71.417761  32.505906   196.697   196.696  3 53047.70320149 45.959
 25  71.416163  32.505059   195.046   195.081  3 53082.70323616 37.534
 27  71.415479  32.503845   197.676   197.676  2 53152.70325630 49.143
 28  71.428154  32.504676   197.945   197.890  7 53187.70324364 49.608
 29  71.424072  32.507165   198.171   198.195  5 53222.70326458 50.787
 30  71.420459  32.504917   197.208   197.206  4 53257.70324005 39.901
 32  71.424027  32.506804   195.740   195.932  5 53327.70323337 41.375
 33  71.428186  32.505192   196.358   196.352  7 53362.70318753 52.301
 34  71.418244  32.505238   196.683   196.662  3 53397.70320961 44.547
 35  71.427198  32.503981   196.187   196.177  7 53432.70320028 36.170
 36  71.417483  32.505773   195.986   195.758  3 53467.70323763 42.058
 37  71.415931  32.505584   197.810   197.829  3 53502.70328857 38.530
 38  71.421689  32.505589   197.654   197.638  3 53537.70328238 43.678
 39  71.417932  32.506103   197.110   197.102  3 53572.70328508 42.505
 40  71.424242  32.507929   198.569   198.569  5 53607.70323430 49.733
 41  71.416533  32.505030   197.387   197.365  3 53642.70323512 45.234
 42  71.417110  32.503537   196.262   196.160  3 53677.70325338 43.296
 43  71.428512  32.504766   196.810   196.805  7 53712.70318213 51.040
 45  71.426635  32.503979   196.473   196.472  8 53782.70312575 48.371
 46  71.430193  32.504233   195.078   195.041  5 53817.70309026 51.098
 48  71.429505  32.504997   197.149   197.159  6 53887.70317139 42.422
 51  71.419190  32.505551   198.262   198.265  4 53992.70316140 50.609
 52  71.420168  32.504712   196.980   196.943  3 54027.70322362 39.617
 53  71.427252  32.504453   197.159   197.166  8 54062.70321666 49.911
 54  71.424221  32.506442   196.934   196.929  5 54097.70318682 42.313
 56  71.422353  32.505728   196.313   196.286  4 54167.70316036 38.858
 57  71.418565  32.504813   197.862   197.860  3 54202.70314325 52.476
 58  71.421874  32.505191   198.053   198.042  4 54237.70317902 48.357
 59  71.422070  32.507735   197.519   197.490  4 54272.70319849 42.120
 60  71.421618  32.505879   198.503   198.501  3 54307.70320002 49.073
 61  71.425120  32.507362   198.462   198.422  5 54342.70317958 47.873
 62  71.420152  32.505012   197.436   197.432  3 54377.70313511 41.218
 64  71.418932  32.504470   195.956   195.985  3 54447.70310059 42.395
 66  71.420277  32.505192   196.103   196.152  3 54517.70311449 36.524
 67  71.423563  32.506482   195.615   195.700  5 54552.70313201 36.675
 68  71.420833  32.505258   196.056   196.084  3 54587.70311063 37.328
 69  71.421406  32.506930   197.323   197.309  4 54622.70312896 43.231
 70  71.419959  32.505681   198.515   198.508  4 54657.70313795 51.516
 71  71.422692  32.506820   198.716   198.721  5 54692.70312072 48.767
 72  71.420324  32.504810   197.258   197.320  3 54727.70309105 42.148
 73  71.421458  32.504644   197.216   197.218  4 54762.70309742 42.123
 74  71.417547  32.505148   196.279   196.300  3 54797.70308396 41.157
 75  71.421511  32.506188   196.928   196.923  3 54832.70308781 43.995
 76  71.419641  32.504653   196.398   196.499  3 54867.70307997 38.895
 77  71.421333  32.507800   195.584   195.606  4 54902.70309774 32.088
 78  71.420477  32.505716   197.862   197.858  3 54937.70307047 51.540
 79  71.421051  32.504598   197.993   197.983  3 54972.70310278 49.426
 80  71.420861  32.505272   196.733   196.725  3 55007.70311914 38.983
 81  71.421467  32.507558   198.101   198.071  4 55042.70310862 45.963
 82  71.423453  32.506537   198.449   198.453  5 55077.70308746 49.290
 83  71.420368  32.505654   196.715   196.755  3 55112.70304067 38.504
 84  71.420509  32.505740   196.362   196.376  3 55147.70304163 38.664
 85  71.418516  32.504914   196.961   196.936  3 55182.70302126 46.591
 86  71.421903  32.505300   196.447   196.462  4 55217.70303859 37.387
 87  71.421027  32.505463   196.006   195.963  3 55252.70301716 36.072
 88  71.422435  32.507832   195.844   195.967  4 55287.70303012 35.581
 89  71.420085  32.505134   196.407   196.438  3 55322.70300622 36.497
 90  71.421290  32.505558   197.260   197.274  3 55357.70300514 40.399
 91  71.419291  32.506196   198.423   198.322  3 55392.70300774 51.988
 92  71.421964  32.506224   197.529   197.385  5 55427.70302154 31.616
 93  71.426674  32.504259   197.715   197.718  7 55462.70298560 49.733
