-305973.141    98.168     0.00    4.01
-305597.598    96.221    -5.18    4.65
-305222.040    93.323    -7.71    4.04
-304846.466    91.381    -5.17    2.98
-304470.877    89.962    -3.78    1.88
-304095.272    89.869    -0.25    2.09
-303719.651    91.560     4.50    3.74
-303344.015    92.776     3.24    3.55
-302968.364    94.050     3.39    3.37
-302592.697    95.584     4.08    2.85
-302217.014    95.505    -0.21    2.69
-301841.316    94.060    -3.84    3.08
-301465.603    92.298    -4.69    3.26
-301089.873    90.055    -5.97    3.06
-300714.129    87.636    -6.44    2.74
-300338.368    86.194    -3.84    2.41
-299962.593    84.520    -4.45    2.60
-299586.801    82.965    -4.14    2.93
-299210.994    81.636    -3.53    3.38
-298835.172    79.683    -5.20    3.94
-298459.333    78.369    -3.49    2.82
-298083.480    78.108    -0.70    2.60
-297707.610    78.171     0.17    3.06
-297331.726    79.032     2.29    2.91
-296955.825    80.036     2.67    2.25
-296579.909    80.078     0.11    2.23
-296203.977    80.260     0.48    1.94
-295828.030    79.631    -1.67    2.05
-295452.067    78.727    -2.41    2.36
-295076.089    78.236    -1.30    2.47
-294700.094    77.683    -1.47    1.69
-294324.085    78.496     2.16    1.82
-293948.059    79.846     3.59    2.94
-293572.018    82.584     7.28    3.93
-293195.962    84.520     5.15    3.54
-292819.889    83.822    -1.86    4.13
-292443.801    82.114    -4.54    5.03
-292067.698    79.641    -6.57    4.49
-291691.579    76.846    -7.43    1.84
-291315.444    76.489    -0.95    2.23
-290939.293    77.155     1.77    2.88
-290563.127    78.471     3.50    3.80
-290186.945    81.800     8.85    5.34
-289810.748    85.512     9.87    5.13
-289434.535    88.560     8.10    4.30
-289058.306    89.381     2.18    3.27
-288682.061    88.489    -2.37    3.18
-288305.801    85.414    -8.17    4.88
-287929.525    81.384   -10.71    5.49
-287553.234    78.482    -7.71    3.98
-287176.927    76.084    -6.37    2.79
-286800.604    75.660    -1.13    3.78
-286424.265    74.869    -2.10    4.29
-286047.911    73.589    -3.40    4.53
-285671.541    73.573    -0.04    5.28
-285295.155    73.421    -0.40    5.17
-284918.753    73.798     1.00    5.58
-284542.336    73.194    -1.60    5.47
-284165.903    72.675    -1.38    5.36
-283789.455    70.255    -6.43    5.43
-283412.990    68.025    -5.92    6.41
-283036.510    65.543    -6.59    7.02
-282660.014    63.171    -6.30    5.54
-282283.503    64.148     2.59    6.76
-281906.975    66.232     5.53    7.87
-281530.432    70.477    11.27    8.59
-281153.873    69.709    -2.04    8.99
-280777.299    68.919    -2.10    8.74
-280400.708    67.822    -2.91    8.43
-280024.102    65.520    -6.11    6.53
-279647.480    64.128    -3.70    6.50
-279270.843    60.527    -9.56    6.82
-278894.189    55.794   -12.56    5.52
-278517.520    52.520    -8.69    3.90
-278140.835    49.822    -7.16    3.00
-277764.134    48.148    -4.44    2.81
-277387.417    46.300    -4.90    2.57
-277010.685    43.948    -6.24    2.60
-276633.937    42.414    -4.07    2.33
-276257.173    41.171    -3.30    1.71
-275880.393    41.125    -0.12    1.61
-275503.597    42.482     3.60    2.94
-275126.786    44.661     5.78    4.61
-274749.959    46.641     5.25    5.12
-274373.116    51.496    12.88    8.47
-273996.257    52.596     2.92    8.43
-273619.382    51.543    -2.79    9.25
-273242.491    48.564    -7.90    9.15
-272865.585    45.664    -7.69    5.07
-272488.663    46.230     1.50    6.13
-272111.725    50.776    12.06    7.07
-271734.771    54.550    10.01    6.65
-271357.801    57.613     8.12    6.37
-270980.815    58.118     1.34    5.52
-270603.814    56.135    -5.26    6.37
-270228.595    51.868   -11.37    8.26
-269854.720    48.989    -7.70    7.69
-269480.830    48.732    -0.69    7.07
-269106.924    48.334    -1.06    6.23
-268733.003    47.205    -3.02    6.26
-268359.066    46.641    -1.51    5.96
-267985.114    45.384    -3.36    5.58
-267611.145    47.179     4.80    5.56
-267237.162    49.125     5.20    6.89
-266863.162    49.148     0.06    7.12
-266489.147    46.959    -5.85    7.57
-266115.117    44.230    -7.29    7.48
-265741.070    41.982    -6.01    6.25
-265367.008    39.529    -6.56    4.69
-264992.931    39.101    -1.14    4.34
-264618.838    39.032    -0.19    4.94
-264244.729    38.309    -1.93    3.69
-263870.604    38.277    -0.08    5.25
-263496.464    38.285     0.02    5.11
-263122.308    37.750    -1.43    6.39
-262748.137    35.125    -7.02    6.25
-262373.950    33.655    -3.93    4.50
-261999.747    32.179    -3.94    2.82
-261625.528    32.696     1.38    3.25
-261251.294    34.241     4.13    3.65
-260877.044    35.577     3.57    3.23
-260502.779    37.288     4.57    2.86
-260128.497    39.241     5.22    3.55
-259754.201    41.036     4.79    4.22
-259379.888    43.474     6.51    4.46
-259005.560    45.869     6.40    6.46
-258631.216    50.536    12.47    8.21
-258256.856    54.679    11.06    8.00
-257882.480    56.822     5.72    7.52
-257508.089    55.636    -3.17    8.20
-257133.682    52.078    -9.50    8.99
-256759.260    50.300    -4.75    8.96
-256384.822    50.683     1.02    9.04
-256010.368    51.155     1.26    8.30
-255635.898    51.985     2.22    7.68
-255261.412    50.941    -2.79    9.52
-254886.911    46.055   -13.04    9.14
-254512.394    44.982    -2.86   10.28
-254137.861    42.869    -5.64    8.70
-253763.313    44.690     4.86   10.44
-253388.748    50.382    15.19   12.72
-253014.168    54.131    10.01   12.69
-252639.573    54.727     1.59   12.28
-252264.961    50.368   -11.63   12.47
-251890.334    45.096   -14.07   10.69
-251515.691    43.543    -4.14    9.45
-251141.032    43.798     0.68    8.67
-250766.357    48.005    11.23    9.19
-250391.667    53.346    14.25    8.53
-250016.960    56.489     8.39    6.96
-249642.238    53.798    -7.18    9.37
-249267.500    49.322   -11.94   10.62
-248892.747    42.241   -18.89   10.74
-248517.977    35.869   -17.00    7.34
-248143.192    34.078    -4.78    6.20
-247768.391    32.060    -5.38    2.36
-247393.574    32.179     0.32    2.66
-247018.741    31.560    -1.65    3.26
-246643.893    30.915    -1.72    3.93
-246269.028    29.869    -2.79    3.65
-245894.148    28.746    -3.00    3.19
-245519.252    28.437    -0.82    3.28
-245144.340    28.212    -0.60    3.58
-244769.413    27.560    -1.74    4.07
-244394.469    27.543    -0.04    4.07
-244019.509    26.965    -1.54    3.71
-243644.534    26.709    -0.68    3.61
-243269.543    28.179     3.92    4.37
-242894.536    30.641     6.56    5.08
-242519.513    32.441     4.80    4.87
-242144.474    33.311     2.32    4.08
-241769.420    34.520     3.22    5.45
-241394.349    34.321    -0.53    5.40
-241019.263    32.846    -3.93    6.10
-240644.160    33.025     0.48    5.79
-240269.042    31.148    -5.00    4.93
-239893.908    29.264    -5.02    3.98
-239518.758    28.636    -1.67    3.14
-239143.592    26.982    -4.41    3.74
-238768.410    24.319    -7.10    4.61
-238393.213    21.982    -6.23    4.75
-238017.999    18.939    -8.11    3.17
-237642.769    18.264    -1.80    2.49
-237267.524    16.917    -3.59    3.21
-236892.263    16.153    -2.03    3.20
-236516.985    14.664    -3.97    3.39
-236141.692    13.358    -3.48    2.67
-235766.383    12.869    -1.30    2.49
-235391.058    11.505    -3.63    3.23
-235015.716    10.450    -2.81    3.76
-234640.359     8.527    -5.12    3.18
-234264.986     6.688    -4.90    2.69
-233889.597     5.527    -3.09    2.73
-233514.193     4.536    -2.64    2.47
-233138.772     3.391    -3.05    2.93
-232763.335     2.703    -1.83    3.16
-232387.882     2.051    -1.74    2.93
-232012.413     1.891    -0.43    2.73
-231636.928     1.717    -0.46    2.66
-231261.427     1.729     0.03    2.33
-230885.911     1.334    -1.05    2.41
-230510.378     0.846    -1.30    3.24
-230134.829     0.505    -0.91    3.77
-229759.264    -0.391    -2.39    3.88
-229383.684    -0.632    -0.64    3.85
-229008.087    -0.619     0.03    2.74
-228632.474    -0.450     0.45    2.67
-228256.845    -0.085     0.97    2.32
-227881.200    -0.052     0.09    1.93
-227505.539     0.437     1.30    2.12
-227129.863     0.615     0.47    1.99
-226754.170     1.012     1.06    2.40
-226378.461     1.055     0.11    2.25
-226002.736     0.750    -0.81    2.56
-225626.995    -0.177    -2.47    2.36
-225251.237    -0.770    -1.58    2.23
-224875.464    -0.723     0.13    1.82
-224499.675    -1.035    -0.83    1.82
-224123.870    -1.085    -0.13    2.05
-223748.049    -1.511    -1.14    2.72
-223372.211    -1.795    -0.76    2.92
-222996.358    -1.723     0.19    2.80
-222620.488    -2.354    -1.68    2.45
-222244.602    -2.178     0.47    2.72
-221868.701    -1.782     1.05    2.58
-221492.783    -1.273     1.35    2.93
-221116.849    -0.154     2.98    3.56
-220740.899     0.666     2.18    3.06
-220364.933     0.596    -0.19    3.10
-219988.951    -0.083    -1.80    3.01
-219612.952    -1.247    -3.10    2.90
-219236.938    -1.964    -1.91    2.89
-218860.907    -1.179     2.09    2.99
-218484.861    -0.950     0.61    2.99
-218108.798    -0.854     0.25    2.89
-217732.719    -1.297    -1.18    2.51
-217356.624    -1.433    -0.36    2.92
-216980.513    -1.702    -0.71    2.95
-216604.386    -2.995    -3.44    2.61
-216228.242    -3.679    -1.82    2.03
-215852.082    -3.927    -0.66    2.02
-215475.907    -3.392     1.42    3.02
-215099.715    -2.922     1.25    2.89
-214723.507    -2.892     0.08    3.04
-214347.282    -2.879     0.03    2.49
-213971.042    -3.132    -0.67    2.34
-213594.785    -3.404    -0.72    2.37
-213218.513    -4.107    -1.87    2.41
-212842.224    -4.063     0.12    2.29
-212465.919    -3.984     0.21    2.31
-212089.597    -3.927     0.15    2.38
-211713.260    -3.642     0.76    2.67
-211336.906    -3.154     1.30    2.60
-210960.536    -3.131     0.06    2.39
-210584.150    -3.583    -1.20    1.95
-210207.748    -3.631    -0.13    1.88
-209831.329    -3.179     1.20    2.20
-209454.895    -2.132     2.78    3.05
-209078.444    -0.504     4.32    4.03
-208701.977     2.155     7.06    4.03
-208325.493     3.962     4.80    4.03
-207948.994     6.407     6.49    4.88
-207572.478     6.687     0.74    5.60
-207195.946     6.699     0.03    6.20
-206819.397     5.941    -2.01    6.42
-206442.833     3.264    -7.11    5.68
-206066.252     1.298    -5.22    5.26
-205689.655     1.608     0.82    5.30
-205313.041     3.496     5.01    7.12
-204936.412     8.141    12.33    8.08
-204559.766     9.894     4.65    7.03
-204183.104     9.194    -1.86    7.09
-203806.425     6.298    -7.69    9.25
-203429.730     4.090    -5.86    9.04
-203053.019     2.187    -5.05    8.94
-202676.292    -1.154    -8.87    6.80
-202299.549    -1.666    -1.36    5.57
-201922.789    -1.038     1.67    4.67
-201546.013     1.369     6.39    5.56
-201169.220     5.474    10.89    7.08
-200792.411     8.171     7.16    7.06
-200415.586     7.709    -1.22    8.54
-200038.745     4.608    -8.23    9.83
-199661.887     1.474    -8.31    8.57
-199285.013    -0.059    -4.07    7.71
-198908.123     2.371     6.45    7.88
-198531.216     6.232    10.24    7.86
-198154.293     8.096     4.94    7.43
-197777.354     7.608    -1.29    7.27
-197400.398     4.664    -7.81    6.21
-197023.426     1.626    -8.06    5.71
-196646.437    -0.609    -5.93    5.30
-196269.433    -1.545    -2.48    4.83
-195892.411    -1.247     0.79    6.17
-195515.374    -0.061     3.15    7.75
-195140.576    -0.154    -0.25    7.57
-194766.754    -2.083    -5.16    6.00
-194392.916    -3.604    -4.07    4.65
-194019.062    -4.700    -2.93    3.05
-193645.192    -3.554     3.06    4.53
-193271.305     1.536    13.61    7.66
-192897.403     8.255    17.97    8.43
-192523.484    13.171    13.15    7.92
-192149.550    15.869     7.21    6.46
-191775.599    15.218    -1.74    7.04
-191401.632    13.527    -4.52    8.33
-191027.649    13.989     1.23    8.99
-190653.650    12.450    -4.11    9.75
-190279.635    10.264    -5.84   10.41
-189905.604     9.729    -1.43   10.86
-189531.557     9.427    -0.81    9.65
-189157.493    14.520    13.61   11.25
-188783.413    17.962     9.20   10.60
-188409.318    15.322    -7.06   12.72
-188035.206     9.311   -16.07   15.10
-187661.078     2.141   -19.16   10.09
-187286.933     2.323     0.49    8.30
-186912.773     8.209    15.73   12.40
-186538.596    15.497    19.47   11.06
-186164.404    19.560    10.86    7.54
-185790.195    17.613    -5.20   10.08
-185415.970    14.334    -8.76   10.03
-185041.728    14.381     0.12   10.53
-184667.471    15.497     2.98   10.50
-184293.197    16.567     2.86   10.94
-183918.908    17.001     1.16   12.08
-183544.602    12.512   -11.99   14.57
-183170.279     5.892   -17.68   13.54
-182795.941     3.055    -7.58   12.91
-182421.586     3.596     1.44   14.88
-182047.216    10.027    17.18   18.04
-181672.829    16.660    17.71   16.84
-181298.425    17.613     2.55   17.68
-180924.006    12.323   -14.13   18.69
-180549.570     5.512   -18.19   16.51
-180175.118     1.311   -11.22   13.53
-179800.650    -1.178    -6.64    6.98
-179426.166     0.660     4.91    6.50
-179051.665     5.985    14.22   10.24
-178677.148    14.012    21.43   11.13
-178302.615    13.660    -0.94   14.25
-177928.066     9.381   -11.42   17.87
-177553.500     3.218   -16.45   16.67
-177178.919    -1.226   -11.86   12.78
-176804.321     2.474     9.87   14.69
-176429.706     5.334     7.63   13.21
-176055.075     6.796     3.90   11.72
-175680.429     7.527     1.95    8.59
-175305.765     5.699    -4.88    7.28
-174931.086     3.441    -6.03    7.70
-174556.390     1.441    -5.34    7.01
-174181.678     2.264     2.20    6.78
-173806.950     5.989     9.94    7.48
-173432.205     8.471     6.62    5.26
-173057.444     8.096    -1.00    5.49
-172682.667     6.114    -5.29    7.20
-172307.873     2.869    -8.66    7.79
-171933.063     0.683    -5.83    7.52
-171558.237    -1.297    -5.28    5.83
-171183.395     0.232     4.08    5.84
-170808.536     2.256     5.40    5.66
-170433.661     2.277     0.06    5.06
-170058.769     2.489     0.56    5.66
-169683.861     1.985    -1.34    5.51
-169308.937     1.311    -1.80    5.34
-168933.996     0.446    -2.31    6.69
-168559.040    -2.041    -6.63    6.78
-168184.066    -4.565    -6.73    4.95
-167809.077    -4.038     1.40    4.28
-167434.071    -3.085     2.54    3.97
-167059.048    -1.178     5.08    4.07
-166684.010    -0.723     1.21    4.01
-166308.954    -0.391     0.88    4.05
-165933.883     0.868     3.36    4.55
-165558.795     2.382     4.04    5.14
-165183.691     2.618     0.63    4.52
-164808.570     1.527    -2.91    5.51
-164433.433    -1.203    -7.28    5.67
-164058.280    -2.791    -4.23    4.46
-163683.110    -2.129     1.76    4.21
-163307.924    -0.904     3.26    4.32
-162932.721    -0.178     1.94    4.36
-162557.502    -0.340    -0.43    4.90
-162182.267    -1.813    -3.93    4.43
-161807.015    -3.839    -5.40    3.97
-161431.746    -5.063    -3.26    4.02
-161056.462    -4.821     0.65    4.37
-160681.160    -4.541     0.75    4.56
-160305.843    -3.745     2.12    4.18
-159930.509    -3.503     0.64    4.20
-159555.158    -3.382     0.32    4.05
-159179.791    -4.523    -3.04    3.97
-158804.408    -4.359     0.44    4.62
-158429.008    -4.511    -0.41    4.78
-158053.592    -5.427    -2.44    4.86
-157678.159    -6.654    -3.27    4.13
-157302.709    -6.879    -0.60    3.15
-156927.244    -6.995    -0.31    3.54
-156551.761    -7.411    -1.11    4.05
-156176.263    -7.271     0.37    4.42
-155800.747    -8.291    -2.72    4.26
-155425.216    -9.061    -2.05    3.50
-155049.668    -9.723    -1.76    3.41
-154674.103    -9.970    -0.66    3.49
-154298.522    -8.177     4.77    4.92
-153922.924    -5.678     6.65    4.82
-153547.310    -3.154     6.72    4.58
-153171.679    -2.782     0.99    4.00
-152796.032    -3.879    -2.92    3.13
-152420.368    -5.359    -3.94    2.69
-152044.688    -6.436    -2.87    2.22
-151668.991    -6.768    -0.88    2.73
-151293.277    -7.619    -2.27    2.92
-150917.547    -7.224     1.05    3.41
-150541.801    -6.359     2.30    3.05
-150166.038    -5.891     1.24    2.66
-149790.258    -5.450     1.17    1.97
-149414.462    -5.879    -1.14    1.84
-149038.649    -6.586    -1.88    1.85
-148662.820    -6.882    -0.79    1.80
-148286.974    -7.106    -0.60    2.12
-147911.112    -7.904    -2.12    2.31
-147535.233    -8.417    -1.37    2.29
-147159.337    -8.586    -0.45    2.33
-146783.425    -8.526     0.16    2.04
-146407.497    -8.859    -0.88    2.46
-146031.551    -9.336    -1.27    2.94
-145655.589    -9.898    -1.49    3.22
-145279.611   -10.063    -0.44    3.23
-144903.616    -9.479     1.55    3.21
-144527.604    -8.992     1.30    3.32
-144151.576    -8.541     1.20    2.97
-143775.531    -8.845    -0.81    2.55
-143399.469    -9.086    -0.64    1.97
-143023.391    -9.575    -1.30    1.60
-142647.296    -9.813    -0.63    1.63
-142271.184   -10.224    -1.09    1.86
-141895.056   -10.723    -1.32    1.58
-141518.912   -10.596     0.34    1.56
-141142.750   -10.411     0.49    1.67
-140766.572   -10.223     0.50    1.53
-140390.377   -10.079     0.38    1.35
-140014.166   -10.387    -0.82    1.63
-139637.938   -10.791    -1.07    1.60
-139261.693   -10.550     0.64    1.76
-138885.432   -10.427     0.33    1.87
-138509.154   -10.075     0.93    1.78
-138132.859   -10.132    -0.15    1.89
-137756.548   -10.178    -0.12    1.96
-137380.219   -10.041     0.36    2.01
-137003.875   -10.131    -0.24    2.17
-136627.513    -9.924     0.55    1.98
-136251.135    -9.268     1.74    1.73
-135874.740    -9.854    -1.56    2.09
-135498.328   -11.063    -3.21    2.62
-135121.900   -12.359    -3.44    2.77
-134745.455   -13.526    -3.10    2.30
-134368.993   -13.586    -0.16    2.17
-133992.515   -12.444     3.03    3.31
-133616.020   -11.223     3.24    3.31
-133239.508   -10.085     3.02    2.98
-132862.979   -10.736    -1.73    2.76
-132486.434   -12.038    -3.46    2.74
-132109.871   -13.616    -4.19    2.26
-131733.293   -14.586    -2.58    1.86
-131356.697   -14.744    -0.42    1.86
-130980.084   -14.904    -0.43    1.86
-130603.455   -14.768     0.36    1.71
-130226.809   -14.573     0.52    1.74
-129850.147   -12.768     4.79    3.56
-129473.467   -11.707     2.82    3.69
-129096.771   -11.973    -0.70    3.59
-128720.058   -11.968     0.01    3.58
-128343.328   -13.596    -4.32    3.03
-127966.581   -14.541    -2.51    2.18
-127589.818   -14.821    -0.74    1.66
-127213.038   -14.586     0.62    1.89
-126836.241   -13.462     2.98    2.82
-126459.427   -12.404     2.81    3.44
-126082.596   -11.927     1.27    3.42
-125705.749   -12.345    -1.11    3.53
-125328.884   -13.927    -4.20    3.08
-124952.003   -15.308    -3.66    1.80
-124575.105   -14.177     3.00    3.31
-124198.191   -12.945     3.27    4.17
-123821.259   -12.666     0.74    4.39
-123444.310   -13.086    -1.11    4.05
-123067.345   -15.154    -5.49    2.82
-122690.363   -16.132    -2.59    1.50
-122313.364   -16.032     0.26    1.58
-121936.348   -15.882     0.40    2.03
-121559.315   -15.041     2.23    2.63
-121182.266   -14.654     1.02    2.78
-120805.199   -14.859    -0.54    2.78
-120428.116   -15.513    -1.74    2.53
-120053.746   -15.899    -1.03    2.49
-119679.978   -14.619     3.42    3.27
-119306.195   -14.247     1.00    3.66
-118932.394   -12.910     3.58    3.93
-118558.578   -11.904     2.69    3.95
-118184.744   -11.791     0.30    3.53
-117810.894   -11.642     0.40    3.66
-117437.027   -13.364    -4.61    3.54
-117063.144   -14.632    -3.39    2.27
-116689.244   -14.782    -0.40    2.00
-116315.328   -14.859    -0.20    2.03
-115941.395   -15.444    -1.56    1.72
-115567.445   -15.882    -1.17    1.78
-115193.479   -16.077    -0.52    2.09
-114819.496   -15.904     0.46    2.19
-114445.496   -15.768     0.36    2.23
-114071.480   -15.526     0.65    2.25
-113697.447   -15.382     0.39    2.03
-113323.398   -15.075     0.82    2.08
-112949.332   -14.836     0.64    1.65
-112575.249   -15.061    -0.60    1.48
-112201.150   -14.791     0.72    1.50
-111827.034   -14.836    -0.12    1.58
-111452.901   -14.729     0.29    1.66
-111078.752   -14.200     1.42    1.87
-110704.586   -14.102     0.26    1.93
-110330.403   -13.495     1.62    2.19
-109956.204   -13.387     0.29    2.09
-109581.988   -13.836    -1.20    2.12
-109207.755   -13.736     0.27    1.94
-108833.506   -14.129    -1.05    1.37
-108459.240   -13.813     0.84    1.35
-108084.957   -13.379     1.16    1.29
-107710.658   -13.677    -0.80    1.36
-107336.342   -13.829    -0.41    1.41
-106962.009   -13.995    -0.44    1.55
-106587.659   -14.154    -0.42    1.57
-106213.293   -13.667     1.30    1.71
-105838.910   -13.427     0.64    1.69
-105464.511   -13.496    -0.18    1.73
-105090.094   -13.643    -0.39    1.50
-104715.661   -13.968    -0.87    1.18
-104341.211   -13.085     2.36    2.21
-103966.745   -11.995     2.91    2.93
-103592.261   -11.129     2.31    3.03
-103217.761   -10.700     1.15    2.81
-102843.244   -11.273    -1.53    2.85
-102468.711   -11.973    -1.87    2.70
-102094.160   -11.927     0.12    2.58
-101719.593   -12.179    -0.67    2.41
-101345.009   -12.291    -0.30    2.08
-100970.409   -12.304    -0.04    1.98
-100595.791   -12.450    -0.39    2.08
-100221.157   -12.759    -0.83    2.17
 -99846.506   -13.108    -0.93    2.08
 -99471.838   -13.226    -0.31    2.06
 -99097.154   -13.504    -0.74    1.89
 -98722.453   -13.813    -0.82    1.78
 -98347.734   -14.329    -1.38    1.62
 -97973.000   -14.995    -1.78    1.10
 -97598.248   -15.271    -0.73    1.16
 -97223.479   -15.321    -0.13    1.25
 -96848.694   -15.294     0.07    1.08
 -96473.892   -15.229     0.17    1.02
 -96099.073   -15.200     0.08    1.18
 -95724.237   -15.130     0.19    1.15
 -95349.384   -15.085     0.12    1.16
 -94974.515   -14.904     0.48    1.12
 -94599.628   -14.984    -0.21    1.24
 -94224.725   -15.041    -0.15    1.22
 -93849.805   -14.764     0.74    1.26
 -93474.868   -14.768    -0.01    1.04
 -93099.914   -14.702     0.18    0.99
 -92724.944   -14.596     0.28    0.96
 -92349.956   -14.583     0.04    0.94
 -91974.952   -14.423     0.43    0.90
 -91599.931   -14.404     0.05    0.89
 -91224.893   -14.254     0.40    1.01
 -90849.838   -14.177     0.21    1.02
 -90474.766   -13.945     0.62    1.12
 -90099.677   -13.940     0.01    1.18
 -89724.571   -13.797     0.38    1.19
 -89349.449   -13.715     0.22    1.05
 -88974.309   -13.813    -0.26    1.01
 -88599.153   -13.984    -0.45    0.97
 -88223.980   -14.011    -0.07    1.09
 -87848.790   -13.836     0.47    1.14
 -87473.582   -13.821     0.04    1.20
 -87098.358   -13.619     0.54    1.47
 -86723.118   -13.321     0.80    1.40
 -86347.860   -13.018     0.81    1.39
 -85972.585   -12.797     0.59    1.41
 -85597.293   -12.927    -0.35    1.54
 -85221.984   -12.916     0.03    1.38
 -84846.659   -13.107    -0.51    1.41
 -84471.316   -13.313    -0.55    1.68
 -84095.957   -13.479    -0.44    1.73
 -83720.580   -13.410     0.18    1.62
 -83345.187   -13.563    -0.41    1.51
 -82969.776   -13.852    -0.77    1.46
 -82594.349   -14.321    -1.25    1.41
 -82218.904   -14.643    -0.86    1.42
 -81843.443   -15.268    -1.67    1.77
 -81467.965   -15.788    -1.39    1.80
 -81092.469   -16.294    -1.35    1.28
 -80716.957   -16.404    -0.29    1.16
 -80341.428   -16.345     0.16    1.02
 -79965.881   -16.085     0.69    0.96
 -79590.318   -15.886     0.53    1.10
 -79214.737   -15.927    -0.11    1.31
 -78839.140   -15.916     0.03    1.36
 -78463.526   -15.736     0.48    1.31
 -78087.894   -15.702     0.09    1.23
 -77712.246   -15.845    -0.38    1.35
 -77336.580   -15.882    -0.10    1.26
 -76960.898   -15.879     0.01    1.34
 -76585.198   -15.945    -0.17    1.42
 -76209.482   -15.495     1.20    1.20
 -75833.748   -15.583    -0.23    1.29
 -75457.997   -15.038     1.45    1.48
 -75082.230   -15.081    -0.11    1.40
 -74706.445   -14.768     0.83    1.40
 -74330.643   -14.471     0.79    1.35
 -73954.824   -14.503    -0.08    1.43
 -73578.988   -14.503     0.00    1.40
 -73203.135   -14.813    -0.82    1.49
 -72827.265   -15.063    -0.67    1.31
 -72451.377   -15.154    -0.24    1.07
 -72075.473   -14.888     0.71    1.18
 -71699.551   -14.759     0.34    1.09
 -71323.613   -14.736     0.06    1.05
 -70947.657   -14.845    -0.29    1.09
 -70571.684   -14.949    -0.28    1.08
 -70195.695   -14.745     0.54    1.30
 -69819.688   -14.504     0.64    1.21
 -69443.663   -14.201     0.81    1.51
 -69067.622   -13.700     1.33    1.61
 -68691.564   -13.821    -0.32    1.43
 -68315.488   -13.950    -0.34    1.34
 -67939.396   -13.959    -0.03    1.21
 -67563.286   -13.768     0.51    1.30
 -67187.159   -13.392     1.00    1.45
 -66811.015   -13.224     0.45    1.35
 -66434.854   -13.083     0.38    1.42
 -66058.675   -12.667     1.11    1.57
 -65682.480   -12.654     0.03    1.42
 -65306.267   -12.529     0.33    1.43
 -64930.037   -12.465     0.17    1.28
 -64553.790   -12.619    -0.41    1.14
 -64177.526   -12.550     0.19    1.14
 -63801.244   -12.450     0.27    1.17
 -63424.946   -12.667    -0.58    1.25
 -63048.630   -12.813    -0.39    1.10
 -62672.297   -12.916    -0.27    1.03
 -62295.947   -12.404     1.36    1.22
 -61919.579   -12.488    -0.22    1.51
 -61543.195   -12.379     0.29    1.61
 -61166.793   -12.245     0.36    1.52
 -60790.374   -12.379    -0.36    1.21
 -60413.937   -12.018     0.96    1.23
 -60037.484   -11.782     0.63    1.23
 -59661.013   -11.541     0.64    1.26
 -59284.525   -11.200     0.91    1.36
 -58908.020   -11.052     0.39    1.33
 -58531.498   -11.132    -0.21    1.17
 -58154.958   -11.276    -0.38    1.14
 -57778.401   -11.177     0.26    1.02
 -57401.827   -11.177     0.00    1.01
 -57025.235   -11.061     0.31    0.97
 -56648.627   -11.086    -0.07    0.90
 -56272.001   -10.996     0.24    0.86
 -55895.357   -10.768     0.61    1.02
 -55518.697   -10.550     0.58    1.12
 -55142.019   -10.382     0.45    1.16
 -54765.324   -10.450    -0.18    1.11
 -54388.611   -10.616    -0.44    1.35
 -54011.882   -11.427    -2.15    1.87
 -53635.135   -11.829    -1.07    2.04
 -53258.370   -12.223    -1.04    2.15
 -52881.589   -12.813    -1.57    2.00
 -52504.790   -13.387    -1.52    1.88
 -52127.973   -13.291     0.26    2.10
 -51751.140   -13.180     0.29    2.19
 -51374.289   -12.404     2.06    2.38
 -50997.421   -11.359     2.77    2.29
 -50620.535   -10.480     2.33    1.70
 -50243.632   -10.177     0.80    1.37
 -49866.712   -10.254    -0.21    1.30
 -49489.775   -10.086     0.45    1.23
 -49112.820   -10.180    -0.25    1.31
 -48735.847   -10.250    -0.18    1.32
 -48358.858   -10.495    -0.65    1.20
 -47981.851   -10.583    -0.23    1.06
 -47604.826   -10.677    -0.25    1.05
 -47227.785   -10.496     0.48    0.94
 -46850.725   -10.768    -0.72    1.10
 -46473.649   -10.992    -0.59    1.29
 -46096.555   -11.154    -0.43    1.29
 -45719.444   -11.200    -0.12    1.31
 -45342.315   -10.779     1.11    1.31
 -44968.377   -10.723     0.15    1.13
 -44594.666   -10.554     0.45    1.03
 -44220.938   -10.559    -0.01    0.99
 -43847.193   -10.666    -0.29    1.14
 -43473.431   -10.829    -0.44    1.13
 -43099.652   -10.932    -0.28    1.13
 -42725.856   -11.054    -0.33    1.06
 -42352.043   -10.882     0.46    0.97
 -41978.212   -10.829     0.14    1.00
 -41604.365   -10.702     0.34    1.04
 -41230.500   -10.712    -0.03    0.93
 -40856.618   -10.712     0.00    0.93
 -40482.719   -10.927    -0.57    0.89
 -40108.803   -11.079    -0.41    1.12
 -39734.870   -11.086    -0.02    1.26
 -39360.920   -11.228    -0.38    1.21
 -38986.953   -11.015     0.57    1.28
 -38612.968   -10.632     1.02    0.93
 -38238.966   -10.457     0.47    0.94
 -37864.948   -10.245     0.57    0.94
 -37490.912   -10.529    -0.76    1.00
 -37116.859   -10.359     0.46    1.21
 -36742.789   -10.131     0.61    1.30
 -36368.701    -9.973     0.42    1.30
 -35994.597    -9.768     0.55    1.35
 -35620.475    -9.702     0.18    1.74
 -35246.336    -9.586     0.31    1.77
 -34872.180    -9.207     1.01    1.79
 -34498.007    -8.586     1.66    1.52
 -34123.816    -8.457     0.35    1.42
 -33749.609    -8.541    -0.22    1.30
 -33375.384    -8.723    -0.49    1.30
 -33001.142    -8.750    -0.07    1.25
 -32626.883    -8.654     0.25    1.23
 -32252.606    -8.513     0.38    1.01
 -31878.313    -8.541    -0.07    1.04
 -31504.002    -8.723    -0.49    1.02
 -31129.674    -8.922    -0.53    1.25
 -30755.329    -8.791     0.35    1.30
 -30380.966    -8.545     0.66    1.48
 -30006.587    -8.018     1.41    1.39
 -29632.190    -7.770     0.66    1.31
 -29257.775    -7.904    -0.36    1.40
 -28883.344    -8.041    -0.36    1.40
 -28508.895    -7.712     0.88    1.67
 -28134.429    -7.510     0.54    1.55
 -27759.946    -7.354     0.42    1.64
 -27385.446    -7.245     0.29    1.52
 -27010.928    -7.308    -0.17    1.14
 -26636.393    -7.086     0.59    1.07
 -26261.841    -6.813     0.73    1.20
 -25887.271    -6.619     0.52    0.98
 -25512.685    -6.427     0.51    0.95
 -25138.081    -6.391     0.10    0.91
 -24763.459    -6.450    -0.16    0.90
 -24388.821    -6.129     0.86    1.07
 -24014.165    -5.621     1.36    1.34
 -23639.491    -4.700     2.46    1.68
 -23264.801    -4.340     0.96    1.50
 -22890.093    -4.495    -0.41    1.36
 -22515.368    -4.733    -0.64    1.39
 -22140.625    -4.609     0.33    1.41
 -21765.865    -3.968     1.71    1.76
 -21391.088    -3.465     1.34    1.46
 -21016.294    -3.265     0.53    1.45
 -20641.482    -3.631    -0.97    1.35
 -20266.653    -3.995    -0.97    1.31
 -19891.806    -4.334    -0.90    1.05
 -19516.942    -4.268     0.18    0.97
 -19142.061    -4.154     0.30    1.10
 -18767.162    -3.968     0.50    1.03
 -18392.246    -3.768     0.53    0.99
 -18017.313    -3.788    -0.05    1.04
 -17642.362    -3.654     0.36    1.02
 -17267.394    -3.462     0.51    1.10
 -16892.409    -3.526    -0.17    1.09
 -16517.406    -3.177     0.93    1.11
 -16142.386    -3.154     0.06    1.18
 -15767.348    -3.018     0.36    1.13
 -15392.293    -2.879     0.37    1.36
 -15017.221    -2.450     1.15    1.49
 -14642.131    -2.479    -0.08    1.59
 -14267.024    -2.450     0.08    1.53
 -13891.899    -2.518    -0.18    1.59
 -13516.757    -2.806    -0.77    1.53
 -13141.598    -2.518     0.77    1.56
 -12766.421    -2.417     0.27    1.25
 -12391.226    -2.200     0.58    1.26
 -12016.015    -2.178     0.06    1.18
 -11640.785    -2.332    -0.41    1.28
 -11265.539    -2.086     0.66    1.42
 -10890.275    -2.059     0.07    1.36
 -10514.993    -1.882     0.47    1.19
 -10139.694    -1.821     0.16    0.93
  -9764.378    -1.836    -0.04    0.88
  -9389.044    -1.791     0.12    1.06
  -9013.692    -1.619     0.46    1.12
  -8638.323    -1.313     0.82    1.12
  -8262.937    -1.179     0.36    1.25
  -7887.533    -0.950     0.61    1.61
  -7512.112    -0.975    -0.07    1.73
  -7136.673    -0.945     0.08    1.78
  -6761.217    -1.154    -0.56    1.38
  -6385.743    -0.829     0.87    1.46
  -6010.251    -0.777     0.14    1.39
  -5634.743    -0.729     0.13    1.36
  -5259.216    -0.813    -0.22    1.29
  -4883.672    -1.130    -0.84    0.99
  -4508.111    -0.945     0.49    1.01
  -4132.532    -0.973    -0.07    1.08
  -3756.936    -0.654     0.85    1.25
  -3381.322    -0.632     0.06    1.32
  -3005.690    -0.520     0.30    1.30
  -2630.041    -0.518     0.01    1.28
  -2254.374    -0.433     0.23    1.14
  -1878.690    -0.586    -0.41    1.34
  -1502.989    -0.247     0.90    1.25
  -1127.269    -0.179     0.18    1.33
   -751.532    -0.063     0.31    1.36
   -375.778     0.096     0.42    1.21
     -0.006     0.131     0.10    1.04
    375.784     0.171     0.11    0.99
    751.591     0.414     0.65    1.09
   1127.415     0.690     0.74    1.22
   1503.258     0.646    -0.12    1.32
   1879.118     0.777     0.35    1.50
   2254.995     0.241    -1.43    2.33
   2630.890     0.227    -0.04    2.31
   3006.803    -0.223    -1.19    2.22
   3382.734     0.055     0.74    2.35
   3758.682    -0.377    -1.15    2.63
   4134.647    -0.440    -0.17    2.74
   4510.630    -0.852    -1.10    2.67
   4886.631    -0.712     0.37    1.86
   5262.650    -0.443     0.72    2.04
   5638.686     0.005     1.19    2.19
   6014.740     0.703     1.86    2.09
   6390.811     1.423     1.92    2.04
   6766.900     2.241     2.17    1.24
   7143.007     2.505     0.70    1.24
   7519.131     2.264    -0.64    1.33
   7895.273     2.112    -0.40    1.30
   8271.433     2.277     0.44    1.44
   8647.611     1.893    -1.02    1.53
   9023.806     2.141     0.66    1.56
   9400.018     2.414     0.72    1.62
   9776.249     2.573     0.42    1.44
  10152.497     2.729     0.42    1.42
  10528.763     2.459    -0.72    1.43
  10905.046     2.171    -0.77    1.38
  11281.348     2.567     1.05    1.62
  11657.667     2.912     0.92    1.68
  12034.003     3.474     1.49    1.63
  12410.358     3.912     1.17    1.60
  12786.730     4.101     0.50    1.31
  13163.120     3.982    -0.32    1.37
  13539.527     4.164     0.48    1.51
  13915.953     3.846    -0.85    1.46
  14292.396     3.550    -0.78    1.49
  14668.857     3.073    -1.27    1.36
  15045.335     2.664    -1.09    1.23
  15421.831     2.505    -0.42    1.08
  15798.346     2.687     0.48    1.29
  16174.877     2.959     0.72    1.22
  16551.427     3.300     0.91    1.28
  16927.994     3.560     0.69    1.42
  17304.579     3.732     0.46    1.54
  17681.182     3.454    -0.74    1.51
  18057.803     3.437    -0.05    1.53
  18434.442     3.141    -0.78    1.44
  18811.098     2.869    -0.72    1.28
  19187.772     2.800    -0.18    1.40
  19564.464     2.869     0.18    1.49
  19941.174     3.050     0.48    1.37
  20317.901     3.300     0.66    1.35
  20694.647     3.264    -0.10    1.33
  21071.410     3.346     0.22    1.15
  21448.191     3.536     0.51    1.00
  21824.990     3.715     0.48    1.07
  22201.806     4.135     1.11    1.31
  22578.641     4.141     0.02    1.34
  22955.493     3.989    -0.40    1.32
  23332.363     4.008     0.05    1.11
  23709.251     3.777    -0.61    0.87
  24086.157     3.699    -0.21    0.79
  24463.081     3.985     0.76    1.04
  24840.022     4.255     0.72    1.15
  25216.982     4.660     1.07    1.47
  25593.959     4.914     0.67    1.40
  25970.955     4.943     0.08    1.41
  26347.968     4.573    -0.98    1.44
  26724.999     4.567    -0.02    1.52
  27102.048     4.664     0.26    1.28
  27479.114     4.596    -0.18    1.12
  27856.199     4.794     0.53    1.21
  28233.302     5.187     1.04    1.41
  28610.422     5.455     0.71    1.32
  28987.561     5.482     0.07    1.26
  29364.717     5.660     0.47    1.31
  29741.757     5.636    -0.06    1.25
  30115.392     5.618    -0.05    1.29
  30489.044     5.820     0.54    1.40
  30862.714     6.073     0.68    1.48
  31236.401     6.455     1.02    1.43
  31610.106     6.391    -0.17    1.41
  31983.829     6.118    -0.73    1.37
  32357.569     6.050    -0.18    1.34
  32731.327     6.027    -0.06    1.35
  33105.102     6.256     0.61    1.29
  33478.895     6.391     0.36    1.28
  33852.705     6.631     0.64    1.22
  34226.534     6.800     0.45    1.16
  34600.379     6.890     0.24    1.28
  34974.243     7.164     0.73    1.43
  35348.124     7.277     0.30    1.50
  35722.023     7.589     0.83    1.71
  36095.939     8.141     1.48    1.82
  36469.873     8.417     0.74    1.59
  36843.824     8.735     0.85    1.57
  37217.794     9.046     0.83    1.63
  37591.781     9.300     0.68    1.50
  37965.785     9.550     0.67    1.41
  38339.808     9.425    -0.34    1.35
  38713.847     9.687     0.70    1.45
  39087.905     9.941     0.68    1.41
  39461.980    10.290     0.93    1.32
  39836.073    10.557     0.71    1.29
  40210.184    10.497    -0.16    1.46
  40584.312    10.732     0.63    1.57
  40958.458    10.767     0.09    1.55
  41332.622    10.709    -0.15    1.52
  41706.803    10.989     0.75    1.42
  42081.003    11.046     0.15    1.50
  42455.220    11.357     0.83    1.49
  42829.454    11.497     0.37    1.45
  43203.706    11.505     0.02    1.40
  43577.976    11.240    -0.71    1.37
  43952.264    11.164    -0.20    1.58
  44326.570    10.915    -0.66    1.53
  44700.893    10.891    -0.06    1.64
  45075.234    10.868    -0.06    1.78
  45449.593    10.962     0.25    1.76
  45823.969    10.823    -0.37    1.47
  46198.363    10.635    -0.50    1.32
  46572.775    10.914     0.74    1.11
  46947.205    11.055     0.38    1.10
  47321.653    10.982    -0.19    1.11
  47696.118    10.957    -0.07    1.39
  48070.601    11.036     0.21    1.42
  48445.102    11.050     0.04    1.29
  48819.621    11.221     0.46    1.25
  49194.157    11.368     0.39    1.05
  49568.712    11.357    -0.03    1.22
  49943.284    11.596     0.64    1.31
  50317.873    11.596     0.00    1.30
  50692.481    11.675     0.21    1.41
  51067.107    11.982     0.82    1.25
  51441.750    12.146     0.44    1.20
  51816.411    12.277     0.35    0.93
  52191.090    12.311     0.09    0.93
  52565.787    12.414     0.28    1.02
  52940.502    12.709     0.79    1.25
  53315.234    12.821     0.30    1.46
  53689.984    12.891     0.19    1.60
  54064.753    13.236     0.92    1.48
  54439.539    13.268     0.09    1.41
  54814.343    13.527     0.69    1.03
  55189.164    14.032     1.35    1.16
  55564.004    14.135     0.27    1.39
  55938.861    14.504     0.99    1.37
  56313.737    14.550     0.12    1.29
  56688.630    14.821     0.72    1.03
  57063.541    15.209     1.04    1.20
  57438.470    15.732     1.39    1.22
  57813.417    16.334     1.61    1.40
  58188.382    16.891     1.49    1.16
  58563.365    17.571     1.81    1.28
  58938.365    17.982     1.10    1.25
  59313.384    18.821     2.24    1.42
  59688.420    19.423     1.61    1.47
  60063.475    20.482     2.82    1.97
  60438.547    21.474     2.64    1.96
  60813.637    22.618     3.05    2.08
  61188.746    23.996     3.67    1.93
  61563.872    24.914     2.45    1.91
  61939.016    25.171     0.69    2.11
  62314.178    25.255     0.22    2.33
  62689.358    25.118    -0.36    2.20
  63064.556    25.965     2.26    2.21
  63439.772    26.732     2.05    2.10
  63815.006    28.065     3.55    1.99
  64190.257    29.164     2.93    1.88
  64565.527    30.241     2.87    1.97
  64940.815    31.141     2.40    1.80
  65316.121    31.800     1.76    1.84
  65691.444    32.114     0.84    1.86
  66066.786    31.482    -1.68    2.01
  66442.146    31.138    -0.92    2.17
  66817.524    30.823    -0.84    1.90
  67192.920    30.892     0.18    1.77
  67568.333    32.187     3.45    2.25
  67943.765    33.868     4.48    2.78
  68319.215    35.721     4.94    2.61
  68694.683    37.050     3.54    2.58
  69070.169    38.171     2.99    2.78
  69445.672    37.917    -0.68    2.98
  69821.194    37.527    -1.04    2.88
  70196.734    37.535     0.02    2.87
  70572.292    38.041     1.35    3.38
  70947.868    38.798     2.01    4.61
  71323.463    39.557     2.02    5.03
  71699.075    40.164     1.62    4.74
  72074.705    39.939    -0.60    4.18
  72450.353    40.050     0.30    3.25
  72826.020    40.776     1.93    3.47
  73201.704    41.433     1.75    4.02
  73577.407    43.032     4.26    3.91
  73953.127    43.868     2.23    4.05
  74328.866    45.101     3.28    3.53
  74704.623    46.411     3.48    2.93
  75080.398    47.687     3.40    2.61
  75456.191    48.703     2.70    2.50
  75832.002    50.869     5.76    2.87
  76207.831    53.450     6.87    3.80
  76583.679    55.001     4.13    3.44
  76959.544    56.868     4.97    2.92
  77335.428    58.411     4.10    3.23
  77711.330    60.459     5.45    3.51
  78087.250    62.482     5.38    3.80
  78463.188    64.823     6.23    3.73
  78839.144    66.846     5.38    3.74
  79215.118    68.937     5.56    3.65
  79591.111    71.755     7.50    3.84
  79967.121    74.209     6.53    4.19
  80343.150    77.527     8.82    4.81
  80719.197    80.914     9.01    4.45
  81095.262    82.527     4.29    4.11
  81471.346    85.379     7.58    4.20
  81847.447    86.962     4.21    4.63
  82223.567    89.346     6.34    5.06
  82599.705    91.096     4.65    5.19
  82975.861    92.096     2.66    4.83
  83352.035    92.914     2.18    5.27
  83728.228    92.437    -1.27    5.27
  84104.439    92.914     1.27    6.12
  84480.668    93.655     1.97    6.23
  84856.915    95.505     4.92    6.82
  85233.180    98.646     8.35    8.85
  85609.464   102.391     9.95    9.96
  85985.766   107.959    14.80   13.15
  86362.086   111.427     9.22   13.25
  86738.424   116.090    12.39   15.71
  87114.781   117.274     3.15   15.58
  87491.155   118.468     3.17   13.71
  87867.548   121.050     6.86   12.74
  88243.960   122.404     3.60   12.19
  88620.389   126.823    11.74   12.90
  88996.837   127.748     2.46   12.76
  89373.303   130.757     7.99   13.16
  89749.788   133.683     7.77   15.98
  90126.291   139.437    15.28   17.63
  90502.812   141.937     6.64   15.92
  90879.351   143.025     2.89   16.63
  91255.908   146.732     9.84   17.57
  91632.484   147.471     1.96   16.57
  92009.078   148.868     3.71   16.01
  92385.691   144.194   -12.41   14.42
  92762.322   139.868   -11.49   11.87
  93138.971   137.027    -7.54    9.44
  93515.638   139.666     7.01   10.40
  93892.324   145.982    16.77   11.09
  94269.028   147.822     4.88    8.86
  94645.751   148.557     1.95   11.64
  95022.492   145.557    -7.96   11.57
  95399.251   144.241    -3.49   10.21
  95776.028   145.027     2.09   12.63
  96152.824   142.977    -5.44   13.81
  96529.638   137.937   -13.38   12.90
  96906.471   129.800   -21.59    9.48
  97283.322   123.732   -16.10    8.55
  97660.191   125.505     4.70   14.45
  98037.079   130.346    12.85   19.48
  98413.985   139.346    23.88   21.58
  98790.909   148.271    23.68   20.16
  99167.852   152.078    10.10   17.10
  99544.814   153.164     2.88   16.41
  99921.793   158.300    13.63   16.43
 100298.791   160.041     4.62   14.02
 100675.808   160.608     1.50   13.32
 101052.843   157.957    -7.03   14.36
 101429.896   150.892   -18.74   14.42
 101806.968   144.468   -17.04   12.77
 102184.058   145.800     3.53   12.46
 102561.167   147.989     5.80   13.24
 102938.294   156.379    22.25   16.18
 103315.439   163.567    19.06   14.81
 103692.603   169.401    15.47   14.54
 104069.786   176.573    19.02   17.14
 104446.986   185.237    22.97   20.36
 104823.699   194.187    23.76   22.14
 105197.274   198.732    12.17   22.93
 105570.867   194.535   -11.24   26.13
 105944.478   183.550   -29.40   27.04
 106318.108   174.937   -23.06   21.88
 106691.755   170.709   -11.31   15.27
 107065.421   178.389    20.55   25.76
 107439.105   189.596    29.99   27.30
 107812.806   199.232    25.79   29.42
 108186.526   204.732    14.72   24.45
 108560.264   215.567    28.99   31.22
 108934.021   230.096    38.88   39.21
 109307.795   232.868     7.42   40.99
 109681.588   237.628    12.74   45.40
 110055.398   225.323   -32.92   46.40
 110429.227   214.846   -28.03   43.89
 110803.074   202.368   -33.38   41.05
 111176.939   197.799   -12.22   34.95
 111550.822   194.891    -7.78   30.96
 111924.724   190.423   -11.95   27.45
 112298.643   186.389   -10.79   25.84
 112672.581   183.755    -7.05   24.82
 113046.537   176.846   -18.48   21.95
 113420.511   172.335   -12.06   19.81
 113794.504   166.641   -15.22   20.25
 114168.514   159.709   -18.54   19.72
 114542.543   152.468   -19.36   20.38
 114916.590   148.090   -11.71   16.86
 115290.655   148.779     1.84   16.23
 115664.739   150.073     3.46   16.35
 116038.840   152.312     5.99   14.67
 116412.960   156.618    11.51   16.31
 116787.098   157.482     2.31   14.88
 117161.254   162.550    13.55   16.70
 117535.429   173.096    28.19   22.36
 117909.622   187.164    37.60   30.17
 118283.833   204.757    47.02   29.96
 118658.062   217.623    34.39   29.99
 119032.309   220.732     8.31   32.42
 119406.575   220.869     0.37   32.05
 119780.859   216.187   -12.51   32.67
 120155.162   212.664    -9.41   31.45
 120529.482   209.027    -9.72   33.16
 120903.821   203.976   -13.50   34.69
 121278.178   203.209    -2.05   39.61
 121652.554   203.482     0.73   41.81
 122026.947   207.055     9.54   45.89
 122401.359   206.535    -1.39   42.22
 122775.790   203.474    -8.18   39.92
 123150.238   201.868    -4.29   33.48
 123524.705   194.107   -20.73   24.08
 123899.190   191.323    -7.43   19.67
 124273.694   188.050    -8.74   14.56
 124648.216   187.381    -1.79   19.37
 125022.756   182.391   -13.32   21.48
 125397.315   177.298   -13.60   22.26
 125771.892   170.277   -18.74   21.36
 126146.487   164.389   -15.72   20.21
 126521.100   159.164   -13.95   18.45
 126895.732   153.668   -14.67   15.07
 127270.383   151.590    -5.55   10.11
 127645.051   154.890     8.81   12.29
 128019.738   156.989     5.60   13.12
 128394.444   168.459    30.62   23.29
 128769.167   177.757    24.81   25.53
 129143.909   189.357    30.96   27.09
 129518.670   211.732    59.71   34.65
 129893.449   226.799    40.21   36.98
 130268.246   240.579    36.77   34.54
 130643.062   245.393    12.85   31.53
 131017.896   238.935   -17.23   27.72
 131392.748   236.664    -6.06   30.62
 131767.619   241.446    12.76   35.00
 132142.509   244.346     7.74   37.54
 132517.416   245.036     1.84   36.02
 132892.343   253.346    22.17   41.23
 133267.287   244.602   -23.32   39.51
 133642.250   240.868    -9.96   38.29
 134017.232   237.209    -9.76   39.21
 134392.232   234.915    -6.12   39.41
 134767.250   236.641     4.60   45.59
 135142.287   234.943    -4.53   40.40
 135517.342   240.391    14.53   38.77
 135892.416   233.941   -17.20   35.87
 136267.508   236.141     5.87   36.54
 136642.619   242.573    17.15   39.44
 137017.748   262.800    53.93   53.72
 137392.895   281.937    51.02   55.72
 137768.061   306.396    65.20   63.06
 138143.246   343.618    99.22   81.36
 138518.449   357.125    36.00   78.98
 138893.671   356.201    -2.46   73.88
 139268.911   364.823    22.98   75.31
 139644.169   375.171    27.58   78.14
 140019.446   385.437    27.36   79.96
 140394.742   406.621    56.45   80.30
 140770.056   425.914    51.41   78.25
 141145.389   460.799    92.96   82.41
 141520.740   483.757    61.17   68.74
 141896.110   472.112   -31.03   76.98
 142271.498   443.298   -76.77   93.62
 142646.905   409.277   -90.63   86.81
 143022.330   377.923   -83.53   87.80
 143397.774   349.437   -75.88   84.97
 143773.237   322.868   -70.77   72.50
 144148.718   286.959   -95.65   63.26
 144524.217   259.664   -72.70   47.42
 144899.735   245.989   -36.42   33.85
 145275.272   260.664    39.08   49.22
 145650.828   293.504    87.46   63.44
 146026.402   320.687    72.39   76.99
 146401.994   358.982   101.97   86.26
 146777.605   372.300    35.46   90.00
 147153.235   381.112    23.46   80.64
 147528.883   387.271    16.40   74.28
 147904.550   402.641    40.92   77.99
 148280.236   411.381    23.27   75.58
 148655.940   413.036     4.41   73.53
 149031.663   397.437   -41.52   71.92
 149407.404   377.957   -51.85   73.73
 149783.164   367.217   -28.59   77.15
