# NaN NaN NaN ;Mean Elev.(m), Avg Gradient(m/km), RMS Gradient(m/km) - SRTM1     
#  165.755   0.220   0.861 ;Mean Elev.(m), Avg Gradient(m/km), RMS Gradient(m/km) - ASTER GDEM
#  160.207   0.310   1.002 ;Mean Elev.(m), Avg Gradient(m/km), RMS Gradient(m/km) - GMTED2010 
  7   165.854 52471.70500241 47.69  70.935738  31.660907 31.744
  7   165.874 52471.70500306 45.18  70.934828  31.664197 31.744
  7   165.903 52471.70500434 42.11  70.933008  31.670767 31.744
  7   165.981 52471.70500499 48.50  70.932088  31.674047 31.744
  8   158.740 52506.70498013 41.91  70.938474  31.663550 31.433
  8   158.884 52506.70498078 43.40  70.937564  31.666830 31.433
  8   159.030 52506.70498142 45.90  70.936654  31.670120 31.433
  8   159.136 52506.70498206 47.06  70.935744  31.673400 31.433
  8   159.237 52506.70498271 44.94  70.934824  31.676680 31.433
  9   165.093 52541.70496297 38.94  70.939354  31.667156 31.306
  9   165.063 52541.70496362 42.26  70.938444  31.670446 31.306
  9   165.172 52541.70496426 38.20  70.937524  31.673726 31.306
 10   164.049 52576.70501030 44.02  70.934890  31.658195 31.118
 10   164.250 52576.70501094 35.55  70.933980  31.661475 31.118
 10   164.371 52576.70501159 38.32  70.933070  31.664755 31.118
 10   164.390 52576.70501288 43.31  70.931240  31.671325 31.118
 10   164.671 52576.70501352 48.52  70.930330  31.674615 31.118
 11   164.393 52611.70497392 40.28  70.938417  31.662727 37.461
 11   164.509 52611.70497457 36.40  70.937497  31.666007 37.461
 11   164.795 52611.70497521 39.92  70.936587  31.669297 37.461
 11   164.976 52611.70497586 44.49  70.935677  31.672577 37.461
 11   164.968 52611.70497650 45.71  70.934767  31.675867 37.461
 12   163.532 52646.70495978 22.58  70.937818  31.661905 14.835
 12   163.639 52646.70496043 22.93  70.936908  31.665185 14.835
 12   163.738 52646.70496107 24.58  70.935998  31.668475 14.835
 12   163.534 52646.70496172 24.41  70.935088  31.671755 14.835
 12   162.185 52646.70496236 28.41  70.934168  31.675035 14.835
 15   165.192 52751.70501197 47.68  70.932203  31.653369 24.943
 15   165.144 52751.70501262 52.40  70.931293  31.656659 24.943
 15   165.360 52751.70501326 50.07  70.930383  31.659939 24.943
 15   165.279 52751.70501390 51.72  70.929463  31.663219 24.943
 16   165.792 52786.70495715 50.99  70.933736  31.656523 24.035
 16   165.843 52786.70495780 53.44  70.932826  31.659813 24.035
 16   165.962 52786.70495844 47.69  70.931916  31.663093 24.035
 16   165.890 52786.70495973 53.57  70.930086  31.669663 24.035
 16   165.944 52786.70496038 47.28  70.929176  31.672953 24.035
 17   165.988 52821.70503044 50.89  70.935794  31.657445 22.431
 17   165.815 52821.70503109 52.76  70.934874  31.660735 22.431
 17   165.835 52821.70503173 50.59  70.933964  31.664015 22.431
 17   166.154 52821.70503302 51.40  70.932134  31.670585 22.431
 17   166.257 52821.70503367 41.18  70.931224  31.673865 22.431
 18   166.722 52856.70507912 43.76  70.938077  31.664998 31.277
 18   166.775 52856.70507977 43.82  70.937167  31.668288 31.277
 18   166.862 52856.70508041 42.18  70.936257  31.671568 31.277
 18   166.937 52856.70508106 43.25  70.935337  31.674858 31.277
 19   165.260 52891.70511010 45.87  70.935716  31.657435 22.181
 19   165.431 52891.70511074 44.92  70.934796  31.660725 22.181
 19   165.461 52891.70511139 45.81  70.933886  31.664005 22.181
 19   165.814 52891.70511268 47.96  70.932066  31.670575 22.181
 19   165.799 52891.70511332 46.59  70.931146  31.673865 22.181
 20   164.778 52926.70506380 44.72  70.939109  31.665872 24.823
 20   164.937 52926.70506444 42.02  70.938199  31.669162 24.823
 20   165.122 52926.70506509 45.60  70.937289  31.672442 24.823
 20   165.302 52926.70506573 42.21  70.936379  31.675732 24.823
 21   164.767 52961.70503231 48.90  70.941193  31.668269 26.356
 21   164.818 52961.70503295 44.70  70.940283  31.671549 26.356
 21   164.869 52961.70503360 43.45  70.939373  31.674839 26.356
 22   164.164 52996.70507204 36.95  70.936148  31.660682 22.510
 22   164.268 52996.70507269 38.39  70.935238  31.663962 22.510
 22   164.566 52996.70507398 46.68  70.933418  31.670532 22.510
 22   164.695 52996.70507462 42.98  70.932498  31.673812 22.510
 23   164.246 53031.70503344 44.66  70.939545  31.666453 28.314
 23   164.199 53031.70503409 40.78  70.938635  31.669743 28.314
 23   164.263 53031.70503473 39.20  70.937725  31.673023 28.314
 24   164.475 53066.70504207 48.94  70.940020  31.664816 22.513
 24   164.436 53066.70504272 43.12  70.939110  31.668106 22.513
 24   164.654 53066.70504336 39.64  70.938200  31.671386 22.513
 24   164.535 53066.70504401 39.65  70.937280  31.674666 22.513
 25   163.696 53101.70503857 39.15  70.938480  31.662560 27.118
 25   163.671 53101.70503922 43.94  70.937570  31.665850 27.118
 25   163.764 53101.70503986 44.20  70.936650  31.669130 27.118
 25   163.877 53101.70504051 40.54  70.935740  31.672420 27.118
 25   164.205 53101.70504115 36.81  70.934830  31.675700 27.118
 26   165.144 53136.70504488 48.80  70.940190  31.667238 22.150
 26   165.186 53136.70504552 42.63  70.939280  31.670518 22.150
 26   165.208 53136.70504617 45.74  70.938360  31.673808 22.150
 27   165.679 53171.70509319 48.06  70.936064  31.657952 21.917
 27   165.778 53171.70509384 46.92  70.935144  31.661242 21.917
 27   165.832 53171.70509448 45.24  70.934234  31.664522 21.917
 27   165.959 53171.70509577 46.50  70.932414  31.671092 21.917
 27   166.068 53171.70509641 48.02  70.931494  31.674382 21.917
 28   165.287 53206.70510748 35.78  70.937223  31.661210 26.823
 28   165.526 53206.70510812 33.79  70.936313  31.664490 26.823
 28   165.604 53206.70510876 35.30  70.935403  31.667780 26.823
 28   165.640 53206.70510941 36.00  70.934493  31.671060 26.823
 28   165.662 53206.70511005 34.74  70.933573  31.674350 26.823
 29   165.375 53241.70507706 44.35  70.941191  31.672377 22.340
 29   165.461 53241.70507770 43.37  70.940281  31.675667 22.340
 30   164.580 53276.70504594 45.20  70.935389  31.658464 22.040
 30   164.786 53276.70504658 38.95  70.934469  31.661754 22.040
 30   164.738 53276.70504722 42.71  70.933559  31.665034 22.040
 30   165.059 53276.70504851 47.90  70.931729  31.671604 22.040
 30   164.933 53276.70504916 49.62  70.930819  31.674884 22.040
 31   164.276 53311.70508479 42.71  70.935741  31.658621 24.211
 31   164.288 53311.70508544 40.40  70.934821  31.661901 24.211
 31   164.495 53311.70508608 35.87  70.933911  31.665181 24.211
 31   164.614 53311.70508737 46.67  70.932091  31.671751 24.211
 31   164.610 53311.70508802 49.91  70.931171  31.675041 24.211
 32   164.157 53346.70505208 43.08  70.939603  31.667003 26.540
 32   164.232 53346.70505272 38.43  70.938693  31.670293 26.540
 32   164.515 53346.70505337 38.43  70.937783  31.673573 26.540
 33   163.557 53381.70501101 34.38  70.936792  31.660244 22.824
 33   163.373 53381.70501165 31.35  70.935882  31.663524 22.824
 33   163.565 53381.70501230 37.04  70.934972  31.666814 22.824
 33   163.595 53381.70501294 39.83  70.934052  31.670094 22.824
 33   163.580 53381.70501359 34.57  70.933142  31.673374 22.824
 34   164.855 53416.70503122 44.69  70.942817  31.672019 23.570
 34   164.797 53416.70503186 44.08  70.941907  31.675299 23.570
 35   165.529 53451.70502791 45.68  70.935510  31.661182 18.954
 35   165.464 53451.70502855 42.48  70.934600  31.664462 18.954
 35   165.527 53451.70502984 49.45  70.932770  31.671032 18.954
 35   165.654 53451.70503049 47.84  70.931860  31.674312 18.954
 36   164.797 53486.70511183 44.42  70.932204  31.653078 20.930
 36   165.127 53486.70511247 43.41  70.931294  31.656358 20.930
 36   164.914 53486.70511312 39.48  70.930374  31.659648 20.930
 36   165.056 53486.70511376 39.44  70.929464  31.662928 20.930
 37   165.456 53521.70510698 47.28  70.939425  31.667866 19.979
 37   165.566 53521.70510763 43.68  70.938515  31.671156 19.979
 37   165.639 53521.70510827 40.62  70.937605  31.674436 19.979
 38   166.177 53556.70512954 49.22  70.933122  31.657147 34.266
 38   166.304 53556.70513019 43.66  70.932202  31.660427 34.266
 38   166.420 53556.70513083 43.23  70.931292  31.663707 34.266
 38   166.086 53556.70513212 31.56  70.929472  31.670277 34.266
 38   166.037 53556.70513277 31.59  70.928552  31.673557 34.266
 40   165.606 53626.70505457 41.64  70.930526  31.650041 19.519
 40   165.575 53626.70505522 39.00  70.929616  31.653321 19.519
 41   164.502 53661.70508168 46.11  70.935368  31.659523 31.270
 41   164.635 53661.70508233 49.31  70.934448  31.662803 31.270
 41   164.827 53661.70508362 51.01  70.932628  31.669373 31.270
 41   164.789 53661.70508426 53.97  70.931718  31.672653 31.270
 42   164.722 53696.70505070 45.70  70.939288  31.666830 25.525
 42   164.826 53696.70505134 44.88  70.938378  31.670120 25.525
 42   164.978 53696.70505199 43.98  70.937468  31.673400 25.525
 43   163.823 53731.70497419 37.66  70.943935  31.671625 18.347
 43   163.988 53731.70497483 35.66  70.943025  31.674905 18.347
 44   163.766 53766.70494683 35.48  70.941311  31.668737 20.940
 44   163.636 53766.70494747 38.72  70.940401  31.672017 20.940
 44   163.891 53766.70494812 37.36  70.939481  31.675297 20.940
 45   164.508 53801.70494903 31.23  70.942527  31.673504 17.991
 45   164.529 53801.70494968 37.45  70.941617  31.676794 17.991
 46   163.937 53836.70495540 37.42  70.935557  31.659191 26.416
 46   164.086 53836.70495604 45.72  70.934637  31.662481 26.416
 46   164.296 53836.70495669 45.28  70.933727  31.665761 26.416
 46   164.362 53836.70495733 46.34  70.932817  31.669051 26.416
 46   164.283 53836.70495798 49.19  70.931897  31.672331 26.416
 47   165.474 53871.70501053 29.81  70.937442  31.661428 22.480
 47   165.612 53871.70501118 28.34  70.936532  31.664708 22.480
 47   165.721 53871.70501182 30.19  70.935622  31.667998 22.480
 47   165.728 53871.70501247 27.67  70.934712  31.671278 22.480
 47   165.717 53871.70501311 27.12  70.933792  31.674558 22.480
 48   165.546 53906.70504923 49.34  70.935176  31.657450 21.753
 48   165.478 53906.70504987 50.48  70.934266  31.660740 21.753
 48   165.649 53906.70505052 49.97  70.933356  31.664020 21.753
 48   165.885 53906.70505180 49.08  70.931526  31.670590 21.753
 48   165.707 53906.70505245 41.95  70.930610  31.673871 28.814
 49   165.256 53941.70507671 34.88  70.931275  31.652742 19.618
 49   165.378 53941.70507735 33.16  70.930365  31.656022 19.618
 49   165.461 53941.70507800 31.12  70.929455  31.659302 19.618
 49   165.548 53941.70507864 30.19  70.928535  31.662592 19.618
 50   166.285 53976.70503342 40.51  70.938365  31.665534 26.793
 50   166.278 53976.70503407 40.05  70.937445  31.668814 26.793
 50   166.270 53976.70503471 36.37  70.936535  31.672104 26.793
 50   166.331 53976.70503535 35.32  70.935625  31.675384 26.793
 51   165.599 54011.70503602 48.47  70.936175  31.659970 28.680
 51   165.548 54011.70503666 53.81  70.935265  31.663260 28.680
 51   165.602 54011.70503795 50.49  70.933435  31.669830 28.680
 51   165.689 54011.70503860 51.68  70.932525  31.673110 28.680
 52   165.065 54046.70505091 49.80  70.941596  31.672070 24.424
 52   165.202 54046.70505156 50.34  70.940686  31.675350 24.424
 54   163.865 54116.70497587 42.37  70.941496  31.669608 27.702
 54   163.799 54116.70497651 46.47  70.940586  31.672898 27.702
 55   164.659 54151.70499346 49.95  70.937024  31.663186 30.331
 55   164.678 54151.70499410 47.24  70.936104  31.666476 30.331
 55   164.684 54151.70499475 48.88  70.935194  31.669756 30.331
 55   164.728 54151.70499539 49.47  70.934284  31.673046 30.331
 55   164.870 54151.70499604 49.38  70.933374  31.676326 30.331
 56   165.088 54186.70496858 46.39  70.940675  31.670456 25.456
 56   165.138 54186.70496922 47.23  70.939765  31.673746 25.456
 57   165.634 54221.70500262 51.49  70.936100  31.660711 27.206
 57   165.579 54221.70500327 51.34  70.935180  31.664001 27.206
 57   165.573 54221.70500456 54.09  70.933360  31.670571 27.206
 57   165.729 54221.70500520 51.12  70.932450  31.673851 27.206
 58   166.087 54256.70502648 43.13  70.937736  31.664989 18.621
 58   166.099 54256.70502712 42.13  70.936826  31.668279 18.621
 58   166.161 54256.70502777 40.02  70.935916  31.671559 18.621
 58   166.179 54256.70502841 37.39  70.934996  31.674849 18.621
 59   165.978 54291.70502821 43.41  70.939521  31.665307 22.861
 59   166.026 54291.70502885 43.06  70.938611  31.668597 22.861
 59   166.093 54291.70502950 43.05  70.937701  31.671877 22.861
 59   166.144 54291.70503014 44.12  70.936781  31.675167 22.861
 60   166.065 54326.70502516 49.22  70.940760  31.665833 22.223
 60   165.982 54326.70502580 42.57  70.939850  31.669123 22.223
 60   166.045 54326.70502645 38.65  70.938940  31.672403 22.223
 61   165.304 54361.70497677 49.60  70.941690  31.670006 23.586
 61   165.497 54361.70497741 45.31  70.940780  31.673286 23.586
 62   164.651 54396.70496483 51.98  70.938837  31.664856 28.145
 62   164.743 54396.70496548 51.51  70.937927  31.668136 28.145
 62   164.757 54396.70496612 53.12  70.937017  31.671426 28.145
 62   164.746 54396.70496677 50.64  70.936107  31.674706 28.145
 63   164.766 54431.70492629 48.31  70.941652  31.669222 27.196
 63   164.571 54431.70492693 46.65  70.940742  31.672512 27.196
 63   164.608 54431.70492758 51.08  70.939832  31.675792 27.196
 64   163.051 54466.70494601 50.00  70.938164  31.665202 26.301
 64   163.145 54466.70494665 51.45  70.937254  31.668482 26.301
 64   163.158 54466.70494730 40.24  70.936344  31.671772 26.301
 64   163.078 54466.70494794 35.90  70.935424  31.675052 26.301
 65   163.887 54501.70493988 49.06  70.940759  31.667105 26.729
 65   164.004 54501.70494052 53.04  70.939849  31.670395 26.729
 65   164.062 54501.70494117 52.77  70.938939  31.673675 26.729
 66   164.511 54536.70496108 53.03  70.940001  31.665123 22.038
 66   164.512 54536.70496173 49.51  70.939091  31.668403 22.038
 66   164.489 54536.70496237 53.18  70.938171  31.671693 22.038
 66   164.534 54536.70496301 53.02  70.937259  31.674973 34.282
 67   165.547 54571.70494254 26.11  70.941252  31.669663 11.965
 67   165.662 54571.70494319 27.91  70.940342  31.672943 11.965
 68   165.567 54606.70495512 43.66  70.937609  31.664370 20.092
 68   165.715 54606.70495577 48.80  70.936689  31.667660 20.092
 68   165.826 54606.70495641 52.05  70.935779  31.670940 20.092
 68   165.923 54606.70495705 49.06  70.934864  31.674223 37.668
 69   165.940 54641.70496409 45.58  70.938478  31.665212 17.677
 69   166.037 54641.70496474 47.10  70.937558  31.668502 17.677
 69   166.120 54641.70496538 43.99  70.936648  31.671782 17.677
 69   166.138 54641.70496603 42.25  70.935737  31.675064 36.894
 70   165.398 54676.70496552 45.30  70.937871  31.661592 20.720
 70   165.512 54676.70496617 50.71  70.936961  31.664872 20.720
 70   165.598 54676.70496681 50.45  70.936041  31.668162 20.720
 70   165.701 54676.70496746 41.18  70.935131  31.671442 20.720
 70   165.790 54676.70496810 41.30  70.934218  31.674723 37.201
 71   165.087 54711.70492191 45.79  70.942371  31.669886 19.407
 71   165.248 54711.70492255 50.07  70.941461  31.673176 19.407
 71   165.391 54711.70492320 52.17  70.940551  31.676456 19.407
 72   164.621 54746.70493358 38.33  70.937781  31.661030 19.992
 72   164.624 54746.70493423 36.26  70.936871  31.664310 19.992
 72   164.825 54746.70493487 33.67  70.935951  31.667600 19.992
 72   164.746 54746.70493551 34.74  70.935041  31.670880 19.992
 72   164.847 54746.70493616 37.19  70.934125  31.674162 29.282
 73   164.712 54781.70490627 46.25  70.940663  31.665858 21.024
 73   164.765 54781.70490691 46.97  70.939753  31.669148 21.024
 73   164.819 54781.70490756 53.20  70.938833  31.672428 21.024
 74   163.431 54816.70492651 43.33  70.938114  31.661437 23.569
 74   163.588 54816.70492716 37.60  70.937204  31.664717 23.569
 74   163.812 54816.70492780 41.91  70.936284  31.667997 23.569
 74   163.883 54816.70492845 48.15  70.935374  31.671287 23.569
 74   164.018 54816.70492909 45.61  70.934458  31.674567 33.622
 75   163.217 54851.70490448 41.03  70.940705  31.665744 23.417
 75   163.593 54851.70490512 50.89  70.939795  31.669034 23.417
 75   163.646 54851.70490577 51.18  70.938875  31.672314 23.417
 76   164.309 54886.70493055 47.54  70.937561  31.661399 24.008
 76   164.479 54886.70493119 41.59  70.936651  31.664679 24.008
 76   164.646 54886.70493184 52.29  70.935731  31.667969 24.008
 76   164.683 54886.70493248 53.60  70.934821  31.671249 24.008
 76   164.700 54886.70493313 50.78  70.933907  31.674530 37.849
 77   164.525 54921.70490513 49.17  70.940706  31.666018 23.194
 77   164.695 54921.70490577 53.08  70.939796  31.669308 23.194
 77   164.562 54921.70490642 52.63  70.938886  31.672588 23.194
 78   164.972 54956.70492695 45.28  70.936748  31.660432 18.794
 78   165.080 54956.70492760 42.78  70.935838  31.663712 18.794
 78   165.340 54956.70492824 42.66  70.934918  31.667002 18.794
 78   165.359 54956.70492888 43.08  70.934008  31.670282 18.794
 78   165.341 54956.70492953 40.72  70.933091  31.673564 33.218
 79   165.603 54991.70495004 49.51  70.936442  31.660940 20.351
 79   165.641 54991.70495068 42.56  70.935532  31.664220 20.351
 79   165.841 54991.70495197 48.67  70.933702  31.670790 20.351
 79   165.909 54991.70495261 49.61  70.932789  31.674073 36.468
 80   165.522 55026.70494133 50.89  70.940036  31.665522 22.887
 80   165.607 55026.70494197 50.07  70.939126  31.668812 22.887
 80   165.599 55026.70494261 51.37  70.938206  31.672092 22.887
 80   165.693 55026.70494326 47.48  70.937296  31.675373 37.044
 81   166.121 55061.70493461 39.73  70.938946  31.664948 14.683
 81   166.202 55061.70493526 40.84  70.938026  31.668238 14.683
 81   166.291 55061.70493590 43.86  70.937116  31.671518 14.683
 81   166.342 55061.70493655 44.16  70.936204  31.674800 33.592
 82   165.316 55096.70488446 48.75  70.940812  31.669711 18.211
 82   165.366 55096.70488510 49.36  70.939902  31.672991 18.211
 83   164.001 55131.70487655 44.40  70.937986  31.661867 19.936
 83   164.182 55131.70487720 44.30  70.937076  31.665147 19.936
 83   164.162 55131.70487784 44.21  70.936156  31.668437 19.936
 83   164.330 55131.70487849 45.11  70.935246  31.671717 19.936
 83   164.397 55131.70487913 50.80  70.934331  31.674998 34.739
 84   164.266 55166.70484570 51.60  70.941115  31.666319 23.455
 84   164.503 55166.70484634 51.70  70.940205  31.669609 23.455
 84   164.550 55166.70484699 48.52  70.939285  31.672889 23.455
 85   163.067 55201.70486889 43.22  70.937625  31.661196 24.485
 85   163.126 55201.70486954 45.43  70.936715  31.664476 24.485
 85   163.276 55201.70487018 44.45  70.935795  31.667766 24.485
 85   163.482 55201.70487083 44.75  70.934885  31.671046 24.485
 85   163.447 55201.70487147 41.02  70.933970  31.674328 40.319
 86   164.119 55236.70485237 42.70  70.940259  31.666281 22.766
 86   164.204 55236.70485302 47.47  70.939349  31.669571 22.766
 86   164.307 55236.70485366 45.24  70.938439  31.672851 22.766
 87   164.632 55271.70486355 47.98  70.938475  31.664868 24.906
 87   164.672 55271.70486419 49.86  70.937555  31.668148 24.906
 87   164.701 55271.70486484 50.41  70.936645  31.671438 24.906
 87   164.748 55271.70486548 50.42  70.935733  31.674718 41.304
 88   164.651 55306.70483576 22.49  70.941207  31.672522  9.673
 88   164.708 55306.70483640 31.49  70.940293  31.675805 36.253
 89   165.394 55341.70483424 46.29  70.938831  31.664930 22.625
 89   165.502 55341.70483488 50.64  70.937911  31.668220 22.625
 89   165.547 55341.70483552 51.88  70.937001  31.671500 22.625
 89   165.592 55341.70483617 48.58  70.936087  31.674783 36.521
 90   165.789 55376.70482722 44.38  70.940387  31.665309 16.186
 90   165.889 55376.70482786 47.95  70.939477  31.668599 16.186
 90   165.982 55376.70482850 49.52  70.938557  31.671879 16.186
 90   166.019 55376.70482915 45.80  70.937647  31.675160 33.564
 91   165.852 55411.70485008 33.52  70.938732  31.662352 16.708
 91   166.134 55411.70485072 35.99  70.937822  31.665632 16.708
 91   166.299 55411.70485137 32.85  70.936902  31.668912 16.708
 91   166.253 55411.70485201 32.27  70.935992  31.672202 16.708
 91   166.397 55411.70485266 32.53  70.935076  31.675482 27.245
 92   165.856 55446.70484270 46.78  70.939786  31.665838 22.319
 92   165.802 55446.70484334 43.54  70.938866  31.669128 22.319
 92   165.651 55446.70484399 47.45  70.937956  31.672408 22.319
 92   165.686 55446.70484463 51.42  70.937044  31.675691 31.400
 93   165.188 55481.70477487 44.63  70.943085  31.670957 15.062
 93   165.290 55481.70477552 48.77  70.942175  31.674237 15.062
