# NaN NaN NaN ;Mean Elev.(m), Avg Gradient(m/km), RMS Gradient(m/km) - SRTM1     
#  154.205  -0.403   1.141 ;Mean Elev.(m), Avg Gradient(m/km), RMS Gradient(m/km) - ASTER GDEM
#  152.958  -0.361   1.411 ;Mean Elev.(m), Avg Gradient(m/km), RMS Gradient(m/km) - GMTED2010 
  7   153.406 52468.23457022 38.46  70.782737  31.242127 25.106
  7   153.463 52468.23457086 44.39  70.781837  31.238837 25.106
  7   153.193 52468.23457151 42.70  70.780927  31.235557 25.106
  8   149.632 52503.23455889 48.79  70.782061  31.244021 40.146
  8   149.612 52503.23455954 46.75  70.781151  31.240731 40.146
  8   149.559 52503.23456018 46.42  70.780251  31.237451 40.146
  8   149.607 52503.23456083 47.55  70.779341  31.234161 40.146
 10   152.436 52573.23458390 37.20  70.782581  31.244145 23.989
 10   152.431 52573.23458455 35.72  70.781671  31.240855 23.989
 10   152.943 52573.23458519 36.20  70.780771  31.237575 23.989
 10   152.873 52573.23458584 33.66  70.779861  31.234285 23.989
 11   152.725 52608.23454287 40.93  70.784376  31.240296 31.549
 11   152.644 52608.23454352 40.39  70.783466  31.237016 31.549
 11   152.569 52608.23454416 40.13  70.782566  31.233726 31.549
 12   150.720 52643.23453891 39.88  70.784483  31.238170 35.198
 12   150.549 52643.23453956 39.19  70.783573  31.234880 35.198
 13   152.364 52678.23452188 41.37  70.784651  31.236704 33.881
 13   152.315 52678.23452252 40.15  70.783741  31.233414 33.881
 15   152.066 52748.23458297 27.78  70.775357  31.252341 21.869
 15   152.108 52748.23458362 27.85  70.774457  31.249061 21.869
 15   151.896 52748.23458426 28.87  70.773547  31.245771 21.869
 16   153.542 52783.23452536 40.71  70.786229  31.239334 29.800
 16   153.430 52783.23452600 42.39  70.785329  31.236044 29.800
 17   153.503 52818.23460368 47.34  70.784600  31.236973 32.522
 17   153.453 52818.23460432 46.72  70.783700  31.233683 32.522
 18   153.706 52853.23465320 34.62  70.786667  31.237628 32.684
 18   153.667 52853.23465385 40.53  70.785757  31.234348 32.684
 20   152.664 52923.23464065 36.59  70.781357  31.243168 26.493
 20   152.668 52923.23464129 40.54  70.780457  31.239888 26.493
 20   152.873 52923.23464194 39.53  70.779547  31.236598 26.493
 23   152.319 53028.23459867 44.06  70.784624  31.236889 35.312
 23   152.082 53028.23459932 46.12  70.783724  31.233599 35.312
 25   151.526 53098.23462274 29.23  70.777122  31.245144 17.759
 25   151.615 53098.23462338 28.27  70.776222  31.241864 17.759
 28   153.744 53203.23467880 51.28  70.783539  31.241570 41.743
 28   153.772 53203.23467945 49.91  70.782629  31.238290 41.743
 28   153.633 53203.23468009 47.46  70.781729  31.235000 41.743
 30   153.107 53273.23460824 44.77  70.790277  31.234902 42.247
 30   153.065 53273.23460889 50.87  70.789367  31.231622 42.247
 31   152.461 53308.23466580 36.08  70.781694  31.245038 24.252
 31   152.534 53308.23466644 36.27  70.780784  31.241758 24.252
 31   152.428 53308.23466709 37.38  70.779884  31.238468 24.252
 31   152.449 53308.23466773 37.18  70.778974  31.235188 24.252
 34   152.880 53413.23460993 49.00  70.787720  31.236979 41.386
 34   152.759 53413.23461058 50.61  70.786810  31.233699 41.386
 36   152.862 53483.23468196 38.63  70.779611  31.243295 26.981
 36   152.752 53483.23468260 41.26  70.778711  31.240005 26.981
 37   153.576 53518.23468222 38.99  70.784327  31.238354 31.491
 37   153.505 53518.23468287 38.76  70.783417  31.235074 31.491
 38   154.234 53553.23470289 48.25  70.778770  31.245921 46.383
 38   154.079 53553.23470354 48.03  70.777860  31.242641 46.383
 39   154.095 53588.23465438 28.52  70.786082  31.236913 23.539
 39   153.991 53588.23465502 29.94  70.785172  31.233633 23.539
 40   153.508 53623.23462468 37.23  70.782840  31.243030 33.408
 40   153.660 53623.23462533 40.47  70.781930  31.239740 33.408
 40   153.637 53623.23462597 42.38  70.781030  31.236460 33.408
 41   152.897 53658.23465303 46.30  70.783928  31.238553 38.427
 41   152.880 53658.23465367 51.22  70.783018  31.235273 38.427
 42   152.918 53693.23463384 40.20  70.781686  31.241647 28.743
 42   152.864 53693.23463449 42.69  70.780786  31.238357 28.743
 42   152.793 53693.23463513 43.03  70.779876  31.235077 28.743
 43   152.447 53728.23455712 42.53  70.783303  31.241000 39.893
 43   152.410 53728.23455776 47.79  70.782403  31.237710 39.893
 43   152.302 53728.23455840 47.77  70.781493  31.234430 39.893
 45   152.799 53798.23452522 41.72  70.785376  31.239955 34.615
 45   152.746 53798.23452587 42.07  70.784466  31.236665 34.615
 45   152.722 53798.23452651 45.31  70.783556  31.233385 34.615
 47   158.320 53868.23458500 33.28  70.783939  31.239342 37.813
 47   158.381 53868.23458565 33.81  70.783039  31.236052 37.813
 48   153.646 53903.23461608 37.71  70.783857  31.242757 37.334
 48   153.627 53903.23461673 40.71  70.782957  31.239467 37.334
 48   153.560 53903.23461737 41.87  70.782047  31.236187 37.334
 49   153.373 53938.23465144 27.00  70.776562  31.247785 26.036
 49   153.655 53938.23465208 28.84  70.775652  31.244495 26.036
 50   154.273 53973.23461443 47.73  70.780029  31.245341 42.914
 50   154.228 53973.23461507 50.12  70.779119  31.242051 42.914
 54   151.725 54113.23455841 39.83  70.780273  31.242547 30.974
 54   151.669 54113.23455905 38.70  70.779363  31.239267 30.974
 54   151.647 54113.23455970 37.54  70.778463  31.235977 30.974
 56   153.482 54183.23454710 41.42  70.781642  31.244977 34.215
 56   153.473 54183.23454775 41.09  70.780731  31.241696 23.310
 56   153.503 54183.23454839 38.34  70.779831  31.238406 23.310
 56   153.487 54183.23454904 37.90  70.778921  31.235126 23.310
 57   153.013 54218.23457401 46.35  70.784596  31.238430 35.219
 57   152.958 54218.23457465 44.82  70.783686  31.235140 35.219
 58   153.158 54253.23459879 35.81  70.784062  31.240043 26.524
 58   153.152 54253.23459943 37.55  70.783152  31.236762 27.767
 58   153.003 54253.23460008 34.82  70.782242  31.233472 27.767
 59   153.265 54288.23460345 43.81  70.785160  31.238604 33.733
 59   153.185 54288.23460410 42.26  70.784250  31.235314 33.733
 60   153.451 54323.23460056 37.25  70.785563  31.239327 27.510
 60   153.422 54323.23460121 30.16  70.784653  31.236037 27.510
 61   153.546 54358.23455710 46.42  70.782352  31.241998 37.653
 61   153.513 54358.23455775 49.77  70.781452  31.238716 37.846
 61   153.407 54358.23455839 45.80  70.780542  31.235426 37.846
 62   152.530 54393.23454095 44.52  70.785685  31.239768 40.349
 62   152.506 54393.23454159 46.97  70.784775  31.236478 40.349
 62   152.478 54393.23454224 51.23  70.783865  31.233198 40.349
 63   152.497 54428.23450783 41.44  70.784168  31.240153 43.590
 63   152.432 54428.23450848 47.20  70.783258  31.236863 43.590
 63   152.436 54428.23450912 50.10  70.782348  31.233583 43.590
 65   151.790 54498.23451739 41.41  70.783949  31.238661 38.357
 65   151.759 54498.23451803 41.77  70.783039  31.235381 38.357
 67   152.851 54568.23452067 48.37  70.782554  31.242445 38.688
 67   152.781 54568.23452131 44.78  70.781644  31.239155 38.688
 67   152.518 54568.23452196 41.92  70.780734  31.235875 38.688
 68   153.380 54603.23452765 53.80  70.784989  31.240250 43.149
 68   153.306 54603.23452829 54.52  70.784089  31.236960 43.149
 68   153.223 54603.23452893 54.09  70.783179  31.233680 43.149
 69   153.920 54638.23453858 37.11  70.783418  31.241783 27.974
 69   153.685 54638.23453923 38.09  70.782518  31.238493 27.974
 69   153.537 54638.23453987 39.72  70.781608  31.235213 27.974
 70   154.023 54673.23454120 30.20  70.783480  31.242543 27.344
 70   153.619 54673.23454185 31.01  70.782580  31.239263 27.344
 70   153.585 54673.23454249 30.84  70.781670  31.235973 27.344
 71   153.478 54708.23450008 45.44  70.784445  31.241016 33.561
 71   153.284 54708.23450072 48.91  70.783535  31.237726 33.561
 71   153.071 54708.23450137 44.31  70.782635  31.234446 33.561
 72   153.136 54743.23450779 49.89  70.785229  31.239257 36.496
 72   153.093 54743.23450843 46.53  70.784319  31.235977 36.496
 73   152.309 54778.23448322 47.18  70.784501  31.238864 38.416
 73   152.186 54778.23448387 46.90  70.783591  31.235584 38.416
 75   151.708 54848.23448224 45.49  70.783405  31.241319 36.986
 75   151.531 54848.23448289 44.41  70.782505  31.238039 36.986
 75   151.478 54848.23448353 47.98  70.781595  31.234749 36.986
 76   152.419 54883.23450497 41.52  70.784034  31.238376 33.087
 76   152.468 54883.23450562 44.77  70.783124  31.235086 33.087
 77   152.402 54918.23448409 34.70  70.780100  31.245031 32.892
 77   152.282 54918.23448473 37.72  70.779190  31.241741 32.892
 78   153.068 54953.23449815 52.54  70.784699  31.240555 41.700
 78   152.985 54953.23449880 48.58  70.783799  31.237265 41.700
 78   152.921 54953.23449944 51.55  70.782889  31.233985 41.700
 79   153.455 54988.23452239 31.91  70.783039  31.242203 26.223
 79   153.515 54988.23452303 32.85  70.782139  31.238913 26.223
 79   153.405 54988.23452367 38.58  70.781229  31.235633 26.223
 80   153.463 55023.23451512 41.83  70.784609  31.238882 31.122
 80   153.368 55023.23451577 42.77  70.783699  31.235602 31.122
 81   154.099 55058.23450993 44.68  70.784515  31.240630 38.486
 81   153.968 55058.23451058 42.78  70.783605  31.237350 38.486
 81   153.836 55058.23451122 45.82  70.782705  31.234060 38.486
 82   153.523 55093.23446437 44.25  70.782088  31.244550 38.539
 82   153.447 55093.23446502 43.17  70.781188  31.241270 38.539
 82   153.342 55093.23446566 45.15  70.780278  31.237980 38.539
 82   153.241 55093.23446631 48.21  70.779368  31.234700 38.539
 83   152.620 55128.23445160 44.44  70.784421  31.237799 37.927
 83   152.541 55128.23445224 47.40  70.783511  31.234509 37.927
 84   152.592 55163.23442682 51.44  70.783411  31.239716 40.553
 84   152.507 55163.23442747 47.03  70.782501  31.236436 40.553
 85   151.977 55198.23444243 50.16  70.785270  31.238595 41.143
 85   151.958 55198.23444308 40.99  70.784360  31.235315 41.143
 86   152.824 55233.23443076 45.14  70.782234  31.243773 33.675
 86   152.754 55233.23443140 43.55  70.781334  31.240493 33.675
 86   152.682 55233.23443205 43.62  70.780424  31.237203 33.675
 86   152.551 55233.23443269 36.41  70.779514  31.233923 33.675
 87   152.850 55268.23443752 49.19  70.784413  31.237114 42.172
 87   152.792 55268.23443816 47.25  70.783503  31.233824 42.172
 88   153.095 55303.23440998 43.95  70.783564  31.242749 37.770
 88   152.951 55303.23441063 43.26  70.782664  31.239459 37.770
 88   152.920 55303.23441127 41.13  70.781754  31.236179 37.770
 89   153.949 55338.23441011 49.03  70.784393  31.240465 33.685
 89   153.729 55338.23441075 48.23  70.783483  31.237185 33.685
 89   153.607 55338.23441140 48.75  70.782583  31.233895 33.685
 90   154.030 55373.23440119 38.82  70.784564  31.239632 32.351
 90   153.997 55373.23440183 40.68  70.783654  31.236352 32.351
 91   154.344 55408.23442172 31.15  70.786800  31.238548 13.252
 91   154.199 55408.23442237 30.14  70.785890  31.235268 13.252
 92   153.869 55443.23441899 39.22  70.784426  31.240094 26.901
 92   153.914 55443.23441964 39.32  70.783516  31.236814 26.901
 92   153.844 55443.23442028 41.62  70.782616  31.233524 26.901
 93   153.153 55478.23435817 47.39  70.782249  31.241143 36.764
 93   153.134 55478.23435882 42.23  70.781339  31.237853 36.764
 93   152.953 55478.23435946 44.09  70.780439  31.234573 36.764
