# NaN NaN NaN ;Mean Elev.(m), Avg Gradient(m/km), RMS Gradient(m/km) - SRTM1     
#   89.709   0.070   0.884 ;Mean Elev.(m), Avg Gradient(m/km), RMS Gradient(m/km) - ASTER GDEM
#   82.678   0.065   1.019 ;Mean Elev.(m), Avg Gradient(m/km), RMS Gradient(m/km) - GMTED2010 
  8    87.564 52509.70840082 43.54  70.279038  28.817198 24.357
  8    87.631 52509.70840147 42.31  70.278158  28.820488 24.357
  9    86.962 52544.70840420 50.71  70.275635  28.817965 23.019
  9    87.088 52544.70840484 48.85  70.274765  28.821255 23.019
 10    86.362 52579.70843996 50.61  70.271070  28.817326 23.480
 10    86.218 52579.70844061 50.73  70.270200  28.820616 23.480
 11    86.185 52614.70840734 41.22  70.273158  28.817266 21.164
 11    86.307 52614.70840799 43.80  70.272278  28.820556 21.164
 12    85.114 52649.70838691 50.31  70.276693  28.817424 25.595
 12    85.203 52649.70838755 45.36  70.275823  28.820714 25.595
 13    85.931 52684.70836980 54.94  70.281353  28.817203 23.033
 13    85.970 52684.70837044 45.98  70.280473  28.820493 23.033
 14    86.742 52719.70842256 47.08  70.272397  28.815485 14.936
 14    86.506 52719.70842321 46.73  70.271527  28.818775 14.936
 14    86.415 52719.70842385 47.27  70.270647  28.822065 14.936
 15    85.949 52754.70844734 24.63  70.264230  28.817684 24.169
 15    86.151 52754.70844799 31.75  70.263360  28.820974 24.169
 16    87.587 52789.70839485 46.57  70.270618  28.815110 19.074
 16    87.672 52789.70839549 47.91  70.269748  28.818400 19.074
 16    87.514 52789.70839614 46.14  70.268868  28.821690 19.074
 17    88.067 52824.70846499 41.18  70.273823  28.815783 26.186
 17    87.958 52824.70846564 44.45  70.272953  28.819073 26.186
 18    88.112 52859.70851101 29.54  70.276101  28.815940 33.404
 18    88.183 52859.70851166 27.68  70.275231  28.819230 33.404
 19    86.965 52894.70854234 28.74  70.271867  28.817577 45.796
 19    87.180 52894.70854298 34.01  70.270987  28.820867 45.796
 20    86.463 52929.70849163 54.68  70.274803  28.817322 27.698
 20    86.352 52929.70849227 48.18  70.273933  28.820612 27.698
 21    85.759 52964.70847959 48.36  70.275132  28.817416 24.265
 21    85.680 52964.70848023 45.43  70.274252  28.820706 24.265
 22    85.613 52999.70851538 37.52  70.268109  28.817644 23.729
 22    85.600 52999.70851602 46.03  70.267239  28.820934 23.729
 23    86.232 53034.70846542 48.32  70.274918  28.816650 22.449
 23    86.252 53034.70846607 45.41  70.274038  28.819940 22.449
 24    85.850 53069.70848270 49.28  70.274974  28.815747 21.002
 24    85.783 53069.70848334 45.53  70.274104  28.819037 21.002
 25    85.237 53104.70846706 39.83  70.275025  28.817433 21.305
 25    85.385 53104.70846770 43.07  70.274145  28.820723 21.305
 26    86.093 53139.70848904 53.15  70.274313  28.817853 22.723
 26    86.114 53139.70848968 47.29  70.273433  28.821143 22.723
 27    87.411 53174.70852507 46.72  70.273179  28.816099 22.765
 27    87.488 53174.70852571 45.74  70.272309  28.819389 22.765
 28    87.703 53209.70854242 44.59  70.273031  28.816273 24.046
 28    87.712 53209.70854306 49.24  70.272161  28.819563 24.046
 29    87.868 53244.70851028 51.15  70.277373  28.817808 23.947
 29    87.764 53244.70851093 48.75  70.276493  28.821098 23.947
 30    86.618 53279.70849122 26.20  70.269632  28.817158 19.608
 30    86.629 53279.70849186 33.16  70.268752  28.820448 19.608
 31    85.869 53314.70851167 37.68  70.273098  28.817081 21.727
 31    85.925 53314.70851231 39.97  70.272228  28.820371 21.727
 32    85.592 53349.70847735 47.72  70.278531  28.817872 25.168
 32    85.580 53349.70847799 41.21  70.277661  28.821162 25.168
 33    84.908 53384.70845440 39.99  70.271107  28.818191 22.561
 33    84.943 53384.70845505 48.92  70.270227  28.821481 22.561
 35    87.129 53454.70846529 27.97  70.273722  28.815683 18.663
 35    87.148 53454.70846593 32.59  70.272852  28.818973 18.663
 35    87.340 53454.70846658 39.23  70.271972  28.822263 18.663
 36    86.500 53489.70855122 26.38  70.265878  28.817834 23.059
 36    86.646 53489.70855187 31.20  70.265008  28.821124 23.059
 37    87.523 53524.70853679 44.50  70.277563  28.817047 21.589
 37    87.428 53524.70853744 43.33  70.276693  28.820337 21.589
 38    88.860 53559.70856365 30.46  70.268670  28.815258 27.462
 38    88.563 53559.70856430 29.50  70.267800  28.818548 27.462
 38    88.907 53559.70856494 28.86  70.266930  28.821838 27.462
 39    88.479 53594.70850148 32.55  70.282961  28.817681 36.758
 39    88.793 53594.70850212 45.91  70.282081  28.820971 36.758
 40    87.293 53629.70849485 40.07  70.264392  28.817063 32.342
 40    87.190 53629.70849549 43.16  70.263512  28.820353 32.342
 40    87.333 53629.70849614 47.50  70.262642  28.823643 32.342
 41    86.391 53664.70851833 50.51  70.270314  28.816909 24.930
 41    86.364 53664.70851897 46.67  70.269444  28.820199 24.930
 42    86.066 53699.70847470 47.19  70.277597  28.818297 25.089
 42    86.077 53699.70847535 44.70  70.276727  28.821587 25.089
 44    86.500 53769.70838242 44.32  70.279658  28.815876 24.690
 44    86.388 53769.70838306 49.00  70.278778  28.819166 24.690
 45    86.019 53804.70837714 42.60  70.281329  28.816381 22.900
 45    86.057 53804.70837778 45.66  70.280449  28.819671 22.900
 48    87.696 53909.70848973 48.54  70.268076  28.816538 28.161
 48    87.328 53909.70849037 44.29  70.267206  28.819828 28.161
 49    87.752 53944.70851143 41.29  70.265823  28.816745 37.451
 49    87.826 53944.70851207 47.55  70.264953  28.820035 37.451
 49    87.734 53944.70851272 45.19  70.264083  28.823325 37.451
 50    88.167 53979.70845916 43.98  70.275379  28.816677 35.159
 50    88.230 53979.70845981 48.52  70.274509  28.819967 35.159
 51    86.890 54014.70847552 41.15  70.272408  28.817628 24.629
 51    86.971 54014.70847616 47.10  70.271538  28.820918 24.629
 52    86.628 54049.70847901 53.31  70.281414  28.817593 20.495
 52    86.504 54049.70847966 48.06  70.280534  28.820883 20.495
 54    86.699 54119.70839942 50.78  70.279439  28.817750 20.106
 54    86.479 54119.70840006 45.30  70.278569  28.821040 20.106
 55    86.710 54154.70842828 47.74  70.273645  28.817570 24.192
 55    86.591 54154.70842892 46.37  70.272765  28.820860 24.192
 56    86.952 54189.70839528 52.89  70.278368  28.817670 24.893
 56    86.795 54189.70839593 47.56  70.277488  28.820960 24.893
 57    87.269 54224.70843862 54.67  70.273022  28.815367 22.513
 57    87.070 54224.70843927 46.99  70.272152  28.818657 22.513
 57    87.142 54224.70843991 45.89  70.271282  28.821947 22.513
 58    87.618 54259.70846011 36.94  70.274558  28.817863 20.079
 58    87.674 54259.70846075 45.02  70.273688  28.821153 20.079
 59    87.912 54294.70846291 27.85  70.275939  28.815785 30.657
 59    88.033 54294.70846356 31.21  70.275069  28.819075 30.657
 60    88.320 54329.70845641 49.48  70.278244  28.816883 31.917
 60    88.277 54329.70845705 46.32  70.277374  28.820173 31.917
 61    87.482 54364.70840231 45.43  70.278428  28.817693 28.054
 61    87.317 54364.70840295 45.39  70.277558  28.820983 28.054
 62    86.169 54399.70839731 44.41  70.276550  28.816273 24.882
 62    86.341 54399.70839795 49.56  70.275670  28.819563 24.882
 63    85.461 54434.70835481 37.06  70.278520  28.816577 20.512
 63    85.608 54434.70835545 42.36  70.277650  28.819867 20.512
 64    85.317 54469.70838057 47.18  70.275856  28.815778 22.774
 64    85.141 54469.70838121 43.18  70.274976  28.819068 22.774
 65    85.552 54504.70836950 47.66  70.277854  28.817929 23.202
 65    85.643 54504.70837015 45.37  70.276984  28.821219 23.202
 66    85.744 54539.70839571 44.04  70.277031  28.816437 28.784
 66    85.848 54539.70839636 52.69  70.276151  28.819717 28.784
 67    86.217 54574.70837043 51.38  70.278722  28.817525 22.626
 67    86.239 54574.70837107 48.13  70.277842  28.820815 22.626
 68    87.187 54609.70838854 43.66  70.275467  28.815899 20.676
 68    87.126 54609.70838918 35.11  70.274587  28.819189 20.676
 69    88.085 54644.70839607 29.67  70.275175  28.816093 28.257
 69    88.024 54644.70839672 33.34  70.274295  28.819383 28.257
 70    87.800 54679.70839772 53.11  70.274709  28.816376 31.609
 70    87.859 54679.70839836 50.49  70.273829  28.819666 31.609
 71    87.485 54714.70834905 45.99  70.279880  28.817330 31.036
 71    87.405 54714.70834970 38.95  70.279000  28.820620 31.036
 72    86.707 54749.70836771 43.04  70.273540  28.815500 27.718
 72    86.767 54749.70836836 52.98  70.272670  28.818790 27.718
 72    86.719 54749.70836900 50.59  70.271800  28.822070 27.718
 73    86.270 54784.70833688 48.95  70.277572  28.817366 25.861
 73    86.313 54784.70833753 46.35  70.276692  28.820656 25.861
 74    86.720 54819.70836038 38.81  70.274620  28.815800 23.123
 74    85.988 54819.70836103 48.38  70.273750  28.819090 23.123
 75    85.625 54854.70833384 46.87  70.277762  28.816982 22.225
 75    85.653 54854.70833448 50.78  70.276882  28.820272 22.225
 76    86.367 54889.70836488 45.09  70.273942  28.816814 20.745
 76    86.361 54889.70836552 46.06  70.273062  28.820104 20.745
 77    86.358 54924.70833299 46.07  70.277316  28.817193 20.868
 77    86.367 54924.70833364 43.75  70.276436  28.820483 20.868
 78    86.867 54959.70836298 49.65  70.272851  28.815558 25.881
 78    86.934 54959.70836362 47.77  70.271981  28.818848 25.881
 78    86.895 54959.70836427 46.39  70.271111  28.822128 25.881
 79    88.003 54994.70838464 41.13  70.273142  28.815054 22.624
 79    87.865 54994.70838529 39.24  70.272262  28.818344 22.624
 79    87.699 54994.70838593 39.54  70.271392  28.821624 22.624
 80    88.109 55029.70837447 47.13  70.275652  28.816119 27.228
 80    87.860 55029.70837512 47.40  70.274772  28.819409 27.228
 81    88.303 55064.70836594 28.83  70.276727  28.816907 24.297
 81    88.510 55064.70836659 34.38  70.275847  28.820197 24.297
 82    87.301 55099.70830986 34.11  70.277705  28.817653 24.622
 82    87.224 55099.70831051 31.37  70.276825  28.820943 24.622
 83    86.013 55134.70831011 32.13  70.274251  28.815953 23.459
 83    85.866 55134.70831075 24.90  70.273381  28.819233 23.459
 84    86.072 55169.70827415 51.11  70.278549  28.816736 22.683
 84    86.112 55169.70827479 53.02  70.277669  28.820026 22.683
 85    85.203 55204.70830348 50.27  70.273914  28.816033 27.198
 85    85.023 55204.70830413 53.53  70.273044  28.819323 27.198
 86    85.789 55239.70828091 49.72  70.277062  28.817516 20.444
 86    85.878 55239.70828155 48.70  70.276182  28.820806 20.444
 87    86.077 55274.70829716 37.94  70.275704  28.816530 18.163
 87    86.208 55274.70829780 33.10  70.274824  28.819820 18.163
 88    86.277 55309.70826479 48.72  70.278749  28.817047 19.269
 88    86.244 55309.70826543 48.05  70.277869  28.820337 19.269
 89    86.907 55344.70826587 27.49  70.276763  28.815932 20.995
 89    86.746 55344.70826651 22.97  70.275893  28.819222 20.995
 90    87.993 55379.70825983 48.19  70.277043  28.816527 28.741
 90    87.956 55379.70826048 49.77  70.276163  28.819817 28.741
 91    89.758 55414.70828562 32.45  70.274257  28.815844 39.045
 91    89.706 55414.70828626 35.23  70.273387  28.819134 39.045
 92    87.877 55449.70827262 49.52  70.277765  28.817092 28.161
 92    87.913 55449.70827327 49.89  70.276885  28.820382 28.161
 93    85.946 55484.70819804 53.62  70.280496  28.818030 26.017
 93    85.850 55484.70819869 48.07  70.279616  28.821320 26.017
