-190120.632   523.651     0.00   91.72
-189744.021   498.747   -66.14   89.99
-189367.432   454.259  -118.16   65.86
-188990.862   442.049   -32.43   64.23
-188614.314   421.081   -55.69   62.60
-188237.785   393.656   -72.85   63.03
-187861.277   365.199   -75.59   68.74
-187484.790   315.047  -133.23   62.69
-187108.322   277.899   -98.69   47.00
-186731.876   250.112   -73.83   39.24
-186355.449   229.192   -55.58   24.45
-185979.043   214.935   -37.88   17.61
-185602.658   203.090   -31.48   17.13
-185226.292   190.799   -32.66   14.84
-184849.947   180.237   -28.07   13.79
-184473.623   171.786   -22.46   11.32
-184097.319   164.612   -19.07   10.26
-183721.035   158.015   -17.54    8.97
-183344.771   153.094   -13.08    8.13
-182968.528   147.677   -14.40    7.42
-182592.305   142.185   -14.60    6.86
-182216.103   137.177   -13.31    6.71
-181839.921   132.243   -13.12    5.65
-181463.759   128.460   -10.06    5.09
-181087.618   124.303   -11.05    4.79
-180711.496   121.899    -6.39    4.57
-180335.395   119.503    -6.37    4.04
-179959.315   118.527    -2.60    3.91
-179583.255   120.348     4.84    4.08
-179207.215   122.015     4.43    3.79
-178831.195   123.458     3.84    3.13
-178455.195   123.681     0.59    2.90
-178079.216   122.861    -2.18    3.33
-177703.257   122.253    -1.62    3.24
-177327.319   120.992    -3.36    3.22
-176951.400   120.192    -2.13    3.34
-176575.502   119.148    -2.78    3.25
-176199.624   117.753    -3.71    3.07
-175823.767   115.286    -6.57    3.18
-175447.929   113.357    -5.13    3.40
-175072.112   111.415    -5.17    3.73
-174696.315   109.170    -5.97    3.78
-174320.539   107.970    -3.19    3.49
-173944.782   107.634    -0.89    3.07
-173569.046   107.743     0.29    2.62
-173193.330   107.264    -1.27    2.64
-172817.634   106.367    -2.39    2.86
-172441.958   104.437    -5.14    2.86
-172066.303   102.459    -5.27    3.01
-171690.668   100.276    -5.81    2.91
-171315.053    97.873    -6.40    3.74
-170939.458    94.981    -7.70    3.88
-170563.883    92.659    -6.18    3.88
-170188.328    90.569    -5.57    3.43
-169812.794    88.970    -4.26    3.73
-169437.280    89.126     0.41    3.27
-169061.786    90.185     2.82    4.56
-168686.312    93.351     8.43    5.35
-168310.858    96.003     7.07    5.07
-167935.424    98.248     5.98    5.14
-167560.010    99.264     2.71    4.71
-167184.617   100.184     2.45    4.16
-166809.244   100.322     0.37    3.74
-166433.891   100.099    -0.59    3.37
-166058.557    98.837    -3.36    3.52
-165683.244    97.480    -3.62    3.24
-165307.952    97.780     0.80    4.05
-164932.679    98.163     1.02    4.31
-164557.426    99.003     2.24    4.29
-164182.193    98.437    -1.51    4.20
-163806.981    97.759    -1.81    3.71
-163431.788    98.322     1.50    3.41
-163056.616    99.718     3.72    3.45
-162681.464   102.259     6.77    3.72
-162306.331   104.859     6.93    4.74
-161931.219   108.237     9.01    5.21
-161556.127   111.415     8.47    4.81
-161181.055   114.027     6.97    4.98
-160806.003   115.185     3.09    4.94
-160430.971   116.410     3.27    5.54
-160055.959   116.881     1.26    5.27
-159680.967   116.177    -1.88    5.34
-159305.995   116.208     0.08    5.41
-158931.043   116.199    -0.02    5.34
-158556.111   116.980     2.08    6.09
-158181.199   116.808    -0.46    6.32
-157806.307   116.599    -0.56    5.97
-157431.435   114.867    -4.62    6.37
-157056.583   113.156    -4.57    6.22
-156681.751   113.025    -0.35    6.23
-156306.939   114.221     3.19    6.82
-155932.147   117.753     9.43    7.23
-155557.374   118.656     2.41    6.06
-155182.622   119.094     1.17    4.43
-154807.890   118.081    -2.70    4.26
-154433.178   115.276    -7.49    4.35
-154058.486   112.569    -7.23    4.35
-153683.813   110.656    -5.11    4.88
-153309.161   108.981    -4.47    5.00
-152934.528   107.264    -4.58    4.73
-152559.916   106.303    -2.57    4.60
-152185.323   105.303    -2.67    4.17
-151810.750   104.592    -1.90    4.77
-151436.198   103.344    -3.33    5.02
-151061.665   102.482    -2.30    5.51
-150687.152   100.231    -6.01    5.64
-150312.659    98.917    -3.51    6.72
-149938.185    98.286    -1.68    9.12
-149563.732    99.047     2.03   13.03
-149189.298   100.792     4.66   16.61
-148814.885   103.387     6.93   19.44
-148440.491   107.286    10.42   21.18
-148066.117   106.218    -2.85   20.14
-147691.763   100.461   -15.38   19.88
-147317.429    90.935   -25.45   19.34
-146943.115    83.417   -20.09   18.12
-146568.820    76.237   -19.18   14.11
-146194.546    73.620    -6.99   11.39
-145820.291    72.185    -3.83    9.49
-145446.056    71.479    -1.89    7.25
-145071.841    76.992    14.73   12.62
-144697.646    87.935    29.25   20.52
-144323.470   102.481    38.88   21.87
-143949.315   118.415    42.59   17.92
-143575.179   128.597    27.22   14.68
-143201.063   135.776    19.19   13.79
-142826.966   141.099    14.23   13.71
-142452.890   146.370    14.09   15.73
-142078.833   149.597     8.63   15.53
-141704.796   148.681    -2.45   15.54
-141330.779   150.015     3.57   14.16
-140956.782   151.085     2.86   12.53
-140582.804   158.570    20.02   17.75
-140208.846   167.653    24.29   18.77
-139834.908   177.549    26.47   18.67
-139460.990   190.049    33.43   20.28
-139087.091   199.526    25.35   20.42
-138713.212   212.192    33.88   21.26
-138339.353   224.413    32.69   19.19
-137965.514   241.243    45.03   24.18
-137591.694   258.265    45.54   24.66
-137217.894   274.592    43.68   29.29
-136844.114   280.503    15.82   32.53
-136470.353   285.231    12.65   38.34
-136096.612   291.547    16.90   44.48
-135722.891   292.460     2.44   45.72
-135349.190   311.418    50.74   53.68
-134975.508   327.837    43.94   53.80
-134601.846   343.786    42.69   53.20
-134228.204   356.108    32.98   48.32
-133854.581   383.415    73.09   55.93
-133480.978   419.873    97.60   54.53
-133107.394   437.330    46.73   52.97
-132733.831   434.259    -8.22   58.23
-132360.287   429.435   -12.92   60.13
-131986.762   429.090    -0.92   49.66
-131613.257   446.822    47.48   51.64
-131239.772   475.126    75.79   50.93
-130866.307   480.958    15.62   45.96
-130492.861   471.072   -26.48   56.50
-130119.435   461.308   -26.15   56.53
-129746.028   461.731     1.13   50.46
-129372.641   476.286    38.99   46.97
-128999.274   490.547    38.20   39.65
-128625.926   506.460    42.63   43.26
-128250.913   520.659    37.87   47.70
-127873.639   539.094    48.87   50.32
-127496.384   558.895    52.49   60.73
-127119.150   559.390     1.31   69.60
-126741.936   544.438   -39.64   64.73
-126364.742   548.590    11.01   57.17
-125987.567   556.569    21.16   60.91
-125610.413   574.903    48.62   64.20
-125233.279   587.575    33.60   69.45
-124856.165   552.873   -92.03   93.69
-124479.071   508.434  -117.86  102.43
-124101.996   468.917  -104.81   84.94
-123724.942   436.570   -85.80   55.22
-123347.908   431.303   -13.97   52.09
-122970.894   416.799   -38.48   44.49
-122593.899   396.803   -53.05   32.27
-122216.925   382.703   -37.41   27.57
-121839.971   367.317   -40.82   17.18
-121463.036   361.570   -15.25    9.45
-121086.122   360.059    -4.01    8.01
-120709.227   362.003     5.16    8.28
-120332.353   362.594     1.57    8.06
-119955.498   364.265     4.43    7.48
-119578.663   366.413     5.70    6.60
-119201.848   370.047     9.65    6.27
-118825.053   374.026    10.56    6.58
-118448.278   378.938    13.04    6.29
-118071.523   382.146     8.52    5.11
-117694.788   383.081     2.48    5.61
-117318.073   381.434    -4.37    6.27
-116941.378   379.822    -4.28    7.73
-116564.702   378.192    -4.33    8.53
-116188.046   375.677    -6.68    9.89
-115811.411   373.081    -6.89    9.77
-115434.795   369.663    -9.08   10.15
-115058.199   366.815    -7.56   10.09
-114681.623   362.148   -12.39    9.94
-114305.066   358.844    -8.77    9.71
-113928.530   354.569   -11.36    8.07
-113552.013   352.844    -4.58    6.66
-113175.517   351.059    -4.74    5.08
-112799.040   350.308    -2.00    5.50
-112422.583   349.081    -3.26    6.65
-112046.145   346.281    -7.44    7.10
-111669.728   344.194    -5.55    6.31
-111293.330   342.177    -5.36    5.45
-110916.952   343.026     2.26    6.29
-110540.594   343.326     0.80    7.11
-110164.256   344.072     1.98    7.91
-109787.938   344.184     0.30    8.93
-109411.639   344.731     1.45    8.34
-109035.360   346.278     4.11    8.83
-108659.101   347.615     3.55    9.33
-108282.862   347.829     0.57   10.84
-107906.643   349.792     5.22   13.37
-107530.443   354.437    12.35   18.33
-107154.263   362.123    20.43   19.17
-106778.103   373.731    30.86   15.65
-106401.962   380.480    17.94   15.58
-106025.842   386.037    14.78   16.85
-105649.741   396.458    27.71   21.97
-105273.659   409.208    33.91   26.36
-104897.598   437.659    75.66   42.99
-104521.556   470.932    88.49   51.18
-104145.534   524.776   143.21   70.19
-103769.532   571.980   125.55   54.93
-103393.549   578.094    16.26   51.70
-103017.586   530.982  -125.32   93.53
-102641.643   473.792  -152.14  109.11
-102265.719   398.221  -201.05  103.92
-101889.815   328.861  -184.53   81.00
-101513.931   290.792  -101.29   70.80
-101138.067   276.992   -36.72   67.45
-100762.222   258.703   -48.66   75.64
-100386.397   238.634   -53.41   80.36
-100010.591   204.482   -90.89   69.56
 -99634.806   162.286  -112.30   58.62
 -99259.039   121.003  -109.87   42.13
 -98883.293    87.917   -88.06   38.69
 -98507.566    57.890   -79.92   27.20
 -98131.859    40.935   -45.13   17.08
 -97756.171    31.460   -25.22    8.62
 -97380.503    26.435   -13.38    2.29
 -97004.855    25.373    -2.83    1.67
 -96629.226    24.743    -1.68    1.14
 -96253.617    24.392    -0.93    1.21
 -95878.028    24.192    -0.53    1.26
 -95502.458    23.829    -0.97    1.23
 -95126.908    23.808    -0.06    1.17
 -94751.377    23.742    -0.18    1.34
 -94375.866    23.823     0.22    1.34
 -94000.374    24.156     0.89    1.37
 -93624.902    24.481     0.87    1.34
 -93249.450    24.481    -0.00    1.42
 -92874.017    24.265    -0.57    1.57
 -92498.604    24.059    -0.55    1.66
 -92123.210    23.674    -1.03    1.60
 -91747.836    23.156    -1.38    1.43
 -91372.482    22.822    -0.89    1.44
 -90997.147    22.594    -0.61    1.38
 -90621.831    22.503    -0.24    1.29
 -90246.535    22.341    -0.43    1.25
 -89871.259    22.367     0.07    1.34
 -89496.002    22.075    -0.78    1.29
 -89120.765    22.026    -0.13    1.17
 -88745.547    21.926    -0.27    1.32
 -88370.349    21.867    -0.16    1.54
 -87995.170    21.748    -0.32    1.57
 -87620.010    21.699    -0.13    1.49
 -87244.871    21.594    -0.28    1.41
 -86869.750    21.694     0.27    1.44
 -86494.650    21.913     0.58    1.72
 -86119.568    22.526     1.64    1.64
 -85744.506    22.913     1.03    1.57
 -85369.464    22.792    -0.32    1.18
 -84994.441    22.653    -0.37    1.29
 -84619.437    22.322    -0.88    1.30
 -84244.453    21.876    -1.19    1.20
 -83869.489    21.253    -1.66    1.35
 -83494.544    21.326     0.19    1.30
 -83119.618    21.526     0.53    1.34
 -82744.712    21.503    -0.06    1.40
 -82369.825    21.551     0.13    1.29
 -81994.958    21.392    -0.42    1.39
 -81620.110    20.713    -1.81    1.34
 -81245.281    20.503    -0.56    1.40
 -80870.472    20.370    -0.36    1.20
 -80495.682    20.351    -0.05    1.37
 -80120.912    20.917     1.51    1.61
 -79746.161    21.038     0.33    1.59
 -79371.430    21.503     1.24    1.64
 -78996.717    22.108     1.61    1.59
 -78622.025    21.770    -0.90    1.64
 -78247.351    21.748    -0.06    1.65
 -77872.697    21.460    -0.77    1.49
 -77498.063    21.348    -0.30    1.38
 -77123.447    21.094    -0.68    1.56
 -76748.851    21.059    -0.09    1.69
 -76374.275    21.185     0.34    1.75
 -75999.718    20.703    -1.29    1.91
 -75625.180    20.547    -0.42    1.79
 -75250.661    20.253    -0.78    1.75
 -74876.162    20.303     0.13    1.78
 -74501.682    20.481     0.47    1.65
 -74127.222    20.503     0.06    1.46
 -73752.780    20.276    -0.61    1.33
 -73378.359    20.231    -0.12    1.30
 -73003.956    20.703     1.26    1.50
 -72629.573    20.981     0.74    1.69
 -72255.209    21.286     0.82    1.75
 -71880.864    21.637     0.94    1.62
 -71506.539    21.237    -1.07    1.71
 -71132.232    20.617    -1.66    1.59
 -70757.946    20.390    -0.61    1.66
 -70383.678    19.815    -1.54    1.89
 -70009.430    19.194    -1.66    2.08
 -69635.201    18.308    -2.37    2.39
 -69260.991    17.253    -2.82    1.97
 -68886.800    17.103    -0.40    1.57
 -68512.629    16.776    -0.87    1.86
 -68138.477    16.548    -0.61    1.88
 -67764.344    16.163    -1.03    2.61
 -67390.231    15.765    -1.06    3.25
 -67016.136    14.395    -3.66    3.23
 -66642.061    13.194    -3.21    2.85
 -66268.006    12.548    -1.73    2.03
 -65893.969    12.322    -0.60    1.42
 -65519.951    12.503     0.49    1.61
 -65145.953    13.117     1.64    1.87
 -64771.974    13.235     0.32    1.82
 -64398.014    13.663     1.14    1.85
 -64024.074    13.575    -0.23    1.64
 -63650.152    13.370    -0.55    1.59
 -63276.250    13.253    -0.31    1.45
 -62902.367    12.844    -1.09    1.55
 -62528.503    12.792    -0.14    1.67
 -62154.658    12.813     0.06    1.87
 -61780.833    12.981     0.45    1.99
 -61407.026    13.430     1.20    1.66
 -61033.239    13.659     0.61    1.55
 -60659.471    13.481    -0.48    1.13
 -60285.722    13.549     0.18    1.26
 -59911.992    13.437    -0.30    1.18
 -59538.282    13.479     0.11    1.01
 -59164.590    13.753     0.73    1.06
 -58790.918    13.718    -0.10    1.07
 -58417.264    13.570    -0.40    1.10
 -58043.630    13.481    -0.24    1.15
 -57670.015    12.867    -1.64    1.35
 -57296.419    12.548    -0.85    1.55
 -56922.842    12.718     0.45    3.43
 -56549.284    12.435    -0.76    3.41
 -56175.746    12.430    -0.01    3.69
 -55802.226    12.185    -0.66    3.87
 -55428.726    11.322    -2.31    2.76
 -55055.244    11.390     0.18    3.43
 -54681.782    11.148    -0.65    3.26
 -54308.339    11.123    -0.07    2.59
 -53934.914    11.059    -0.17    2.01
 -53561.509    11.503     1.19    2.53
 -53186.014    11.117    -1.03    2.43
 -52808.789    10.792    -0.86    2.14
 -52431.584    10.640    -0.40    1.56
 -52054.398    10.881     0.64    1.75
 -51677.232    11.317     1.16    2.31
 -51300.085    11.221    -0.26    2.57
 -50922.957    10.922    -0.79    2.92
 -50545.849    10.592    -0.87    2.65
 -50168.761    10.059    -1.41    2.45
 -49791.692    10.025    -0.09    2.79
 -49414.642    10.481     1.21    3.12
 -49037.612    11.163     1.81    3.51
 -48660.601    12.025     2.29    3.14
 -48283.609    12.859     2.21    2.10
 -47906.637    12.708    -0.40    1.13
 -47529.685    12.503    -0.54    1.19
 -47152.751    12.185    -0.84    1.18
 -46775.838    11.926    -0.69    1.36
 -46398.943    11.895    -0.08    1.24
 -46022.068    11.415    -1.27    1.38
 -45645.212    11.126    -0.77    1.45
 -45268.376    11.003    -0.32    1.27
 -44891.559    11.025     0.06    1.03
 -44514.761    10.958    -0.18    1.09
 -44137.983    10.770    -0.50    1.10
 -43761.224    10.503    -0.71    1.18
 -43384.485    10.259    -0.65    1.17
 -43007.764     9.799    -1.22    1.19
 -42631.064     9.503    -0.78    1.30
 -42254.382     9.459    -0.12    1.31
 -41877.720     9.231    -0.61    1.35
 -41501.077     8.685    -1.45    1.43
 -41124.453     8.458    -0.60    1.49
 -40747.849     8.040    -1.11    1.58
 -40371.264     7.458    -1.55    1.96
 -39994.698     6.772    -1.82    2.01
 -39618.152     5.970    -2.13    2.08
 -39241.625     4.844    -2.99    2.51
 -38865.117     4.248    -1.58    2.27
 -38488.629     3.237    -2.69    2.09
 -38112.159     2.378    -2.28    1.62
 -37735.710     2.481     0.27    1.65
 -37359.279     2.357    -0.33    1.67
 -36982.867     2.390     0.09    1.60
 -36606.475     2.640     0.66    1.94
 -36230.102     3.049     1.09    1.95
 -35853.749     3.590     1.44    1.40
 -35477.414     4.430     2.23    1.82
 -35101.099     5.237     2.14    2.03
 -34724.803     6.049     2.16    2.05
 -34348.527     7.069     2.71    1.59
 -33972.269     7.390     0.85    2.19
 -33596.031     7.387    -0.01    2.51
 -33219.812     7.764     1.00    2.77
 -32843.612     7.899     0.36    2.87
 -32467.431     7.281    -1.64    2.73
 -32091.270     6.867    -1.10    3.07
 -31715.128     6.547    -0.85    3.39
 -31339.005     6.481    -0.17    3.29
 -30962.901     7.708     3.26    3.24
 -30586.816     7.526    -0.48    2.87
 -30210.751     7.413    -0.30    2.48
 -29834.704     7.503     0.24    2.35
 -29458.677     7.348    -0.41    2.65
 -29082.669     7.299    -0.13    2.62
 -28706.680     7.276    -0.06    2.69
 -28330.711     6.221    -2.81    3.11
 -27954.760     5.276    -2.51    3.15
 -27578.829     5.208    -0.18    3.22
 -27202.916     4.480    -1.94    3.32
 -26827.023     4.037    -1.18    3.64
 -26451.149     3.503    -1.42    3.33
 -26075.294     3.326    -0.47    2.86
 -25699.459     3.612     0.76    2.81
 -25323.642     3.659     0.12    2.85
 -24947.845     4.185     1.40    2.96
 -24572.066     4.146    -0.10    2.69
 -24196.307     3.615    -1.42    3.06
 -23820.567     3.113    -1.33    3.13
 -23444.845     2.895    -0.58    3.21
 -23069.143     2.913     0.05    3.33
 -22693.460     2.981     0.18    3.23
 -22317.796     3.685     1.88    3.06
 -21942.152     4.235     1.46    2.66
 -21566.526     4.731     1.32    2.39
 -21190.919     4.575    -0.41    2.21
 -20815.331     4.459    -0.31    2.41
 -20439.763     4.459     0.00    2.27
 -20064.213     4.062    -1.06    2.17
 -19688.683     4.026    -0.09    2.44
 -19313.171     3.623    -1.08    2.97
 -18937.679     3.299    -0.86    2.97
 -18562.205     3.387     0.24    2.46
 -18186.751     3.526     0.37    2.09
 -17811.316     3.281    -0.65    1.91
 -17435.899     3.597     0.84    2.26
 -17060.502     2.958    -1.70    2.36
 -16685.124     2.603    -0.94    2.60
 -16309.764     2.163    -1.17    2.60
 -15934.424     2.094    -0.18    2.44
 -15559.102     1.913    -0.48    2.41
 -15183.800     1.570    -0.91    2.15
 -14808.517     1.837     0.71    2.13
 -14433.252     1.685    -0.40    2.00
 -14058.007     2.162     1.27    2.19
 -13682.780     2.549     1.03    2.17
 -13307.573     2.859     0.83    1.69
 -12932.384     3.117     0.69    1.47
 -12557.214     3.170     0.14    1.58
 -12182.064     2.813    -0.95    1.73
 -11806.932     2.786    -0.07    1.63
 -11431.819     2.646    -0.37    1.62
 -11056.725     2.799     0.41    1.41
 -10681.650     2.703    -0.25    1.39
 -10306.594     2.764     0.16    1.24
  -9931.557     2.617    -0.39    1.17
  -9556.539     2.410    -0.55    1.25
  -9181.540     2.286    -0.33    1.26
  -8806.559     2.201    -0.23    1.28
  -8431.598     2.170    -0.08    1.31
  -8056.655     2.348     0.47    1.55
  -7681.731     2.156    -0.51    1.65
  -7306.826     1.815    -0.91    1.73
  -6931.940     1.890     0.20    2.00
  -6557.073     2.281     1.04    1.92
  -6182.225     2.776     1.32    1.90
  -5807.396     2.992     0.58    1.69
  -5432.585     2.867    -0.33    1.48
  -5057.794     2.590    -0.74    1.41
  -4683.021     2.303    -0.77    1.32
  -4308.267     1.640    -1.77    1.59
  -3933.532     1.015    -1.67    2.71
  -3558.816     0.822    -0.51    2.83
  -3184.118     0.731    -0.24    2.86
  -2809.440     0.792     0.16    3.10
  -2434.780     0.549    -0.65    2.77
  -2060.139     0.208    -0.91    3.00
  -1685.517     0.049    -0.42    3.28
  -1310.913     0.163     0.30    3.09
   -936.329     0.390     0.61    2.39
   -561.763     0.617     0.61    1.60
   -187.216     0.170    -1.19    1.54
    187.312    -0.031    -0.54    1.55
    561.821    -0.408    -1.00    1.69
    936.312    -0.801    -1.05    1.91
   1310.784    -1.319    -1.38    1.98
   1685.237    -1.383    -0.17    2.04
   2059.671    -1.337     0.12    1.45
   2434.087    -2.208    -2.32    2.49
   2808.484    -2.521    -0.84    2.43
   3182.862    -2.692    -0.46    2.54
   3557.221    -2.941    -0.66    3.01
   3931.561    -2.747     0.52    3.41
   4305.883    -2.706     0.11    3.52
   4680.186    -2.883    -0.47    3.43
   5054.471    -2.652     0.62    3.62
   5428.736    -2.423     0.61    3.52
   5802.983    -2.170     0.68    3.53
   6177.211    -2.019     0.40    3.18
   6551.421    -2.830    -2.17    3.28
   6925.611    -4.450    -4.33    3.32
   7299.784    -5.633    -3.16    3.02
   7673.937    -5.860    -0.61    2.73
   8048.072    -4.897     2.58    3.08
   8422.188    -3.052     4.93    3.29
   8796.285    -1.938     2.98    2.61
   9170.364    -1.860     0.21    2.66
   9544.424    -2.224    -0.97    2.84
   9918.465    -1.962     0.70    2.52
  10292.487    -2.428    -1.25    2.25
  10666.491    -2.697    -0.72    1.76
  11040.477    -2.763    -0.18    1.23
  11414.443    -2.613     0.40    1.22
  11788.392    -2.656    -0.11    1.52
  12162.321    -2.830    -0.47    1.89
  12536.232    -2.380     1.20    2.11
  12910.124    -2.633    -0.68    2.16
  13283.997    -2.922    -0.77    2.01
  13657.852    -3.087    -0.44    1.97
  14031.688    -3.497    -1.09    1.93
  14405.506    -3.319     0.48    1.84
  14779.305    -3.163     0.42    1.55
  15153.086    -3.310    -0.39    1.71
  15526.847    -3.837    -1.41    2.35
  15900.591    -4.347    -1.36    2.36
  16274.315    -4.065     0.75    2.25
  16648.022    -4.163    -0.26    2.24
  17021.709    -4.163     0.00    2.12
  17395.378    -4.274    -0.30    2.12
  17769.028    -4.194     0.21    1.24
  18142.660    -4.201    -0.02    1.02
  18516.273    -4.047     0.41    1.01
  18889.868    -3.951     0.26    1.02
  19263.444    -4.163    -0.57    1.16
  19637.002    -4.252    -0.24    1.32
  20010.541    -4.430    -0.48    1.32
  20384.061    -4.636    -0.55    1.34
  20757.563    -4.719    -0.22    1.20
  21131.047    -4.672     0.13    1.28
  21504.512    -4.428     0.65    1.34
  21880.489    -4.301     0.34    1.40
  22257.665    -3.997     0.81    1.13
  22634.824    -3.769     0.60    1.30
  23011.963    -3.938    -0.45    1.48
  23389.083    -4.008    -0.18    1.56
  23766.184    -4.072    -0.17    1.38
  24143.267    -4.247    -0.46    1.48
  24520.330    -3.938     0.82    1.31
  24897.375    -4.065    -0.34    1.30
  25274.401    -4.230    -0.44    1.32
  25651.408    -4.616    -1.02    1.19
  26028.396    -4.452     0.43    1.61
  26405.365    -4.101     0.93    1.77
  26782.315    -4.383    -0.75    1.67
  27159.247    -4.408    -0.07    1.64
  27536.159    -4.627    -0.58    1.44
  27913.053    -4.906    -0.74    1.42
  28289.928    -4.590     0.84    1.39
  28666.784    -4.630    -0.11    1.32
  29043.622    -4.451     0.47    1.31
  29420.440    -4.542    -0.24    1.08
  29797.240    -4.656    -0.30    1.20
  30174.021    -4.860    -0.54    1.26
  30550.783    -5.019    -0.42    1.56
  30927.526    -4.587     1.15    1.60
  31304.251    -4.906    -0.84    1.67
  31680.956    -4.341     1.50    1.85
  32057.643    -4.337     0.01    1.72
  32434.311    -4.315     0.06    1.60
  32810.961    -4.360    -0.12    1.58
  33187.591    -4.406    -0.12    1.24
  33564.203    -4.474    -0.18    1.13
  33940.796    -4.776    -0.80    1.10
  34317.370    -5.163    -1.03    1.35
  34693.926    -5.544    -1.01    1.19
  35070.462    -5.830    -0.76    1.02
  35446.980    -5.897    -0.18    1.03
  35823.480    -5.897     0.00    0.96
  36199.960    -6.042    -0.39    1.09
  36576.422    -6.211    -0.45    1.09
  36952.865    -6.185     0.07    1.02
  37329.290    -6.354    -0.45    1.03
  37705.695    -6.656    -0.80    1.10
  38082.082    -6.997    -0.91    1.07
  38458.450    -7.008    -0.03    1.10
  38834.800    -7.110    -0.27    1.20
  39211.131    -6.897     0.57    1.32
  39587.443    -7.363    -1.24    1.25
  39963.736    -7.706    -0.91    1.12
  40340.011    -7.769    -0.17    1.17
  40716.267    -7.951    -0.48    1.19
  41092.504    -8.057    -0.28    1.21
  41468.723    -8.178    -0.32    1.29
  41844.923    -8.277    -0.26    1.24
  42221.105    -8.274     0.01    1.29
  42597.267    -8.360    -0.23    1.25
  42973.412    -8.473    -0.30    1.20
  43349.537    -8.674    -0.53    1.15
  43725.644    -8.697    -0.06    1.14
  44101.732    -8.678     0.05    1.11
  44477.801    -8.222     1.21    1.04
  44853.852    -7.701     1.38    1.41
  45229.885    -6.837     2.30    1.87
  45605.898    -5.636     3.19    2.49
  45981.893    -4.919     1.91    2.31
  46357.870    -3.872     2.79    2.36
  46733.828    -3.906    -0.09    2.23
  47109.767    -4.264    -0.95    2.16
  47485.688    -4.428    -0.44    2.31
  47861.590    -4.630    -0.54    2.02
  48237.473    -4.282     0.92    2.04
  48613.338    -3.344     2.50    2.19
  48989.184    -2.282     2.83    2.33
  49365.012    -1.474     2.15    2.18
  49740.821    -0.883     1.57    1.85
  50116.612    -1.563    -1.81    2.11
  50492.384    -2.156    -1.58    2.06
  50868.137    -3.211    -2.81    1.93
  51243.872    -4.452    -3.30    2.04
  51619.589    -5.031    -1.54    1.93
  51995.287    -5.119    -0.23    2.57
  52370.966    -4.906     0.57    3.11
  52746.627    -4.910    -0.01    3.45
  53122.269    -5.101    -0.51    3.35
  53497.893    -5.566    -1.24    2.85
  53873.498    -6.430    -2.30    3.00
  54249.085    -7.264    -2.22    3.35
  54624.653    -8.019    -2.01    3.28
  55000.203    -7.928     0.24    2.67
  55375.734    -8.474    -1.45    2.50
  55751.247    -8.701    -0.61    2.17
  56126.741    -8.919    -0.58    1.82
  56502.217    -9.292    -0.99    1.36
  56877.674    -9.452    -0.43    1.15
  57253.113    -9.428     0.06    1.04
  57628.533    -9.110     0.85    1.26
  58003.935    -8.587     1.39    1.43
  58379.319    -7.385     3.20    1.70
  58754.683    -6.408     2.60    1.70
  59130.030    -5.428     2.61    1.89
  59505.358    -3.919     4.02    1.73
  59880.668    -2.729     3.17    2.00
  60255.959    -1.408     3.52    2.11
  60631.232    -0.019     3.70    2.15
  61006.486     1.992     5.36    2.36
  61381.722     3.458     3.91    2.10
  61756.939     4.503     2.79    1.83
  62132.138     5.913     3.76    1.54
  62507.319     6.932     2.72    1.99
  62882.481     8.199     3.38    2.12
  63257.625     9.344     3.05    1.74
  63632.751    10.163     2.18    1.80
  64007.858    10.367     0.55    1.97
  64382.946    10.708     0.91    2.18
  64758.017    11.126     1.11    2.24
  65133.069    11.113    -0.03    2.07
  65508.102    11.677     1.50    2.10
  65883.117    11.370    -0.82    2.17
  66258.114    11.458     0.23    2.34
  66633.092    11.694     0.63    2.18
  67008.053    11.829     0.36    2.01
  67382.994    12.299     1.25    1.68
  67757.918    12.353     0.15    1.73
  68132.823    12.721     0.98    1.76
  68507.710    13.685     2.57    2.24
  68882.578    14.829     3.05    2.52
  69257.428    16.224     3.72    2.21
  69632.260    16.967     1.98    2.10
  70007.073    17.413     1.19    2.24
  70381.868    17.203    -0.56    2.39
  70756.645    17.081    -0.33    2.31
  71131.404    17.117     0.10    2.08
  71506.144    17.526     1.09    1.85
  71880.866    17.753     0.61    2.16
  72255.569    16.503    -3.34    3.64
  72630.255    14.208    -6.13    4.62
  73004.922    11.623    -6.90    3.42
  73379.570    11.435    -0.50    2.72
  73754.201    13.367     5.16    3.29
  74128.813    15.299     5.16    2.88
  74503.407    16.594     3.46    1.99
  74877.983    16.778     0.49    1.71
  75252.540    16.344    -1.16    1.68
  75627.080    15.884    -1.23    1.55
  76001.601    16.708     2.20    2.09
  76376.103    17.799     2.91    2.26
  76750.588    18.685     2.37    2.05
  77125.054    18.572    -0.30    2.11
  77499.502    17.683    -2.37    2.29
  77873.932    16.844    -2.24    2.37
  78248.343    16.789    -0.15    2.45
  78622.737    17.503     1.91    2.40
  78997.112    18.281     2.08    2.09
  79371.469    19.062     2.08    1.39
  79745.808    18.572    -1.31    1.48
  80120.128    17.965    -1.62    1.57
  80494.431    17.094    -2.33    1.80
  80868.715    16.527    -1.52    1.93
  81242.981    16.592     0.17    2.20
  81617.229    16.344    -0.66    2.13
  81991.458    16.410     0.18    1.90
  82365.670    16.640     0.61    1.81
  82739.863    17.403     2.04    1.89
  83114.038    18.322     2.45    2.13
  83488.195    19.146     2.20    2.57
  83862.334    20.437     3.45    2.71
  84236.455    21.163     1.94    2.34
  84610.558    21.690     1.41    2.06
  84984.642    22.231     1.45    2.05
  85358.708    23.053     2.20    2.02
  85732.756    24.322     3.39    2.11
  86106.787    25.599     3.41    1.75
  86480.799    27.059     3.90    2.06
  86854.792    28.549     3.98    2.13
  87228.768    30.085     4.11    2.13
  87602.726    32.026     5.19    2.62
  87976.665    34.203     5.82    2.82
  88350.587    35.913     4.57    3.00
  88724.490    37.284     3.67    2.64
  89098.375    38.640     3.63    2.63
  89472.242    39.140     1.34    2.62
  89846.091    39.434     0.79    2.81
  90219.922    38.367    -2.85    2.94
  90593.735    36.703    -4.45    3.14
  90967.530    34.935    -4.73    3.39
  91341.307    33.003    -5.17    2.77
  91715.066    31.322    -4.50    2.62
  92088.807    30.231    -2.92    2.75
  92462.529    30.062    -0.45    3.35
  92836.234    29.570    -1.32    3.60
  93209.921    30.003     1.16    3.50
  93583.589    30.026     0.06    3.11
  93957.240    30.528     1.34    3.42
  94330.872    31.322     2.12    4.46
  94704.487    31.981     1.76    4.69
  95078.083    33.201     3.27    4.95
  95451.662    33.059    -0.38    4.42
  95825.222    33.378     0.86    3.82
  96198.765    33.390     0.03    3.77
  96572.289    33.953     1.51    3.86
  96948.746    35.549     4.24    4.30
  97325.879    38.049     6.63    5.00
  97702.993    42.155    10.89    6.82
  98080.088    45.094     7.80    6.51
  98457.166    48.943    10.20    6.88
  98834.225    50.435     3.96    6.41
  99211.266    51.685     3.31    6.42
  99588.288    52.617     2.47    7.79
  99965.292    53.792     3.12    8.26
 100342.278    54.623     2.20    8.66
 100719.245    54.615    -0.02    7.20
 101096.194    58.480    10.25    9.16
 101473.125    59.899     3.76    9.67
 101850.038    59.981     0.22    9.98
 102226.932    61.637     4.39   13.22
 102603.808    59.799    -4.88   12.92
 102980.665    56.337    -9.19   10.95
 103357.505    57.081     1.98   10.67
 103734.326    57.526     1.18    9.94
 104111.128    59.981     6.51   10.86
 104487.913    64.663    12.42   11.32
 104864.679    66.776     5.61   12.84
 105241.427    69.276     6.64   12.21
 105618.156    70.852     4.18   14.87
 105994.868    71.548     1.85   16.00
 106371.561    71.253    -0.78   16.92
 106748.236    69.708    -4.10   17.63
 107124.893    67.457    -5.98   16.10
 107501.531    64.792    -7.07   15.86
 107878.151    64.708    -0.22   17.83
 108254.753    63.815    -2.37   18.58
 108631.337    61.945    -4.96   17.03
 109007.902    59.867    -5.52   14.07
 109384.450    57.640    -5.91   13.01
 109760.979    56.913    -1.93   13.43
 110137.489    55.526    -3.68   14.26
 110513.982    56.117     1.57   15.34
 110890.457    57.390     3.38   16.43
 111266.913    58.480     2.89   17.65
 111643.351    57.148    -3.54   16.23
 112019.771    54.903    -5.96   16.07
 112396.172    52.844    -5.47   14.33
 112772.556    51.003    -4.89   10.87
 113148.921    50.062    -2.50   10.69
 113525.269    51.237     3.12   11.47
 113901.598    52.146     2.42   12.19
 114277.908    50.913    -3.28   11.29
 114654.201    49.981    -2.48   11.04
 115030.476    47.969    -5.35   10.65
 115406.732    51.026     8.13   15.69
 115782.970    53.211     5.81   18.53
 116159.191    57.685    11.89   19.40
 116535.393    56.480    -3.20   18.42
 116911.576    54.663    -4.83   16.23
 117287.742    51.208    -9.18   12.21
 117663.890    50.123    -2.89   10.29
 118040.019    49.753    -0.98    9.22
 118416.131    47.853    -5.05    7.91
 118792.224    47.681    -0.46    8.37
 119168.299    45.783    -5.05    9.09
 119544.357    45.731    -0.14    9.58
 119920.396    46.640     2.42   10.16
 120296.417    48.503     4.96   10.53
 120672.419    51.572     8.16   12.65
 121048.404    54.138     6.82   14.38
 121424.371    55.322     3.15   16.01
 121800.320    50.594   -12.57   13.79
 122176.250    48.573    -5.38   11.45
 122552.163    45.708    -7.62   11.00
 122928.057    46.042     0.89   11.39
 123303.934    44.958    -2.88   10.93
 123679.792    42.410    -6.78   11.66
 124055.632    41.259    -3.06   13.01
 124431.455    39.413    -4.91   14.13
 124807.259    38.573    -2.23   14.12
 125183.045    35.663    -7.74   12.21
 125558.814    37.888     5.92   11.67
 125934.564    38.344     1.21    9.25
 126310.296    38.163    -0.48    7.20
 126686.010    38.776     1.63    6.89
 127061.706    37.126    -4.39    7.31
 127437.385    36.361    -2.04    8.78
 127813.045    35.413    -2.52   10.24
 128188.687    36.878     3.90   11.17
 128564.311    38.049     3.12   11.32
 128939.918    37.549    -1.33   10.30
 129315.506    39.344     4.78   10.33
 129691.076    39.326    -0.05    7.63
 130066.628    40.403     2.87    5.67
 130442.163    40.276    -0.34    4.95
 130817.679    38.723    -4.14    5.67
 131193.178    35.789    -7.81    6.12
 131568.658    32.643    -8.38    5.42
 131944.121    31.178    -3.90    5.10
 132319.565    29.926    -3.33    5.32
 132694.992    30.528     1.60    4.65
 133070.401    29.685    -2.24    4.02
 133445.791    28.503    -3.15    3.62
 133821.164    27.413    -2.91    3.99
 134196.519    27.549     0.36    3.92
 134571.856    27.829     0.75    4.01
 134947.176    27.859     0.08    3.55
 135322.477    29.194     3.56    3.24
 135697.760    30.026     2.22    3.46
 136073.026    32.072     5.45    3.79
 136448.273    33.459     3.70    3.50
 136823.503    34.413     2.54    3.44
 137198.715    34.432     0.05    4.35
 137573.908    33.503    -2.47    4.52
 137949.084    32.085    -3.78    5.37
 138324.243    30.435    -4.40    4.90
 138699.383    28.481    -5.21    4.29
 139074.505    26.970    -4.03    2.98
 139449.610    26.003    -2.58    2.44
 139824.697    25.027    -2.60    2.43
 140199.765    22.935    -5.58    3.02
 140574.816    21.294    -4.38    2.71
 140949.850    20.140    -3.08    2.91
 141324.865    19.253    -2.36    2.86
 141699.863    19.308     0.14    2.84
 142074.842    18.867    -1.18    2.49
 142449.804    18.027    -2.24    2.07
 142824.748    17.731    -0.79    1.96
 143199.674    18.526     2.12    2.27
 143574.583    19.549     2.73    2.42
 143949.473    20.844     3.46    2.26
 144324.346    22.094     3.33    2.02
 144699.201    22.913     2.18    2.28
 145074.039    23.899     2.63    2.58
 145448.858    24.703     2.15    2.71
 145823.660    25.322     1.65    2.70
 146198.444    25.799     1.27    3.20
 146573.210    26.435     1.70    3.64
 146947.958    26.549     0.30    4.33
 147322.689    27.248     1.86    3.77
 147697.401    27.248     0.00    3.67
 148072.097    26.526    -1.93    3.45
 148446.774    26.413    -0.30    3.12
 148821.433    25.903    -1.36    3.08
 149196.075    25.410    -1.32    2.93
 149570.699    25.094    -0.84    3.54
 149945.306    24.526    -1.52    3.62
 150319.894    23.759    -2.05    3.63
 150694.465    22.815    -2.52    3.73
 151069.019    22.117    -1.86    3.54
 151443.554    20.659    -3.89    3.16
 151818.072    19.364    -3.46    3.33
 152192.572    18.410    -2.55    3.27
 152567.054    17.799    -1.63    3.06
 152941.519    18.108     0.83    3.17
 153315.966    18.208     0.27    2.99
 153690.395    18.480     0.73    2.56
 154064.807    18.970     1.31    3.20
 154439.201    19.341     0.99    3.48
 154813.577    20.367     2.74    4.08
 155187.935    20.981     1.64    3.68
 155562.276    22.527     4.13    3.62
 155936.600    23.458     2.49    3.42
 156310.905    24.185     1.94    3.00
 156685.193    25.049     2.31    3.39
 157059.463    25.364     0.84    3.13
 157433.716    26.170     2.15    3.35
 157807.951    26.003    -0.45    3.18
 158182.168    25.594    -1.09    3.28
 158556.368    25.731     0.36    3.54
 158930.550    25.231    -1.34    3.53
 159304.715    24.322    -2.43    4.02
 159678.861    23.852    -1.25    3.94
 160052.991    23.415    -1.17    3.97
 160427.102    23.299    -0.31    3.83
 160801.196    22.935    -0.97    3.68
 161175.273    21.822    -2.98    3.99
 161549.331    20.549    -3.40    4.05
 161923.373    18.890    -4.43    4.34
 162297.396    17.271    -4.33    3.83
 162671.402    15.844    -3.81    3.42
 163045.391    14.481    -3.65    3.44
 163419.362    12.890    -4.25    3.04
 163793.315    11.708    -3.16    3.34
 164167.251    10.253    -3.89    3.36
 164541.169     8.708    -4.13    3.43
 164915.070     6.876    -4.90    3.12
 165288.953     5.322    -4.16    3.09
 165662.818     3.981    -3.59    3.12
 166036.666     2.390    -4.25    3.13
 166410.497     0.935    -3.89    2.86
 166784.310    -0.633    -4.19    3.20
 167158.105    -2.087    -3.89    3.38
 167531.883    -3.659    -4.20    3.14
 167905.643    -5.357    -4.54    2.74
 168279.386    -6.565    -3.23    2.69
 168653.111    -7.997    -3.83    2.56
 169026.819    -8.815    -2.19    2.63
 169400.509    -9.587    -2.07    2.36
 169774.182   -10.451    -2.31    2.01
 170147.837   -11.194    -1.99    1.85
 170521.475   -11.752    -1.49    2.56
 170895.095   -11.701     0.14    3.05
 171268.698   -11.451     0.67    2.90
 171642.284   -11.042     1.09    2.61
 172019.217   -10.337     1.87    2.29
 172396.300   -10.292     0.12    2.75
 172773.365    -9.428     2.29    2.76
 173150.412    -9.008     1.11    2.75
 173527.441    -8.565     1.18    2.49
 173904.453    -8.201     0.96    2.32
 174281.447    -7.869     0.88    2.52
 174658.423    -6.613     3.33    2.47
 175035.381    -5.563     2.78    2.28
 175412.321    -4.906     1.74    2.23
 175789.244    -4.008     2.38    2.03
 176166.149    -3.287     1.91    2.14
 176543.036    -2.565     1.92    2.42
 176919.905    -2.055     1.35    2.70
 177296.756    -1.938     0.31    2.54
 177673.590    -2.337    -1.06    2.17
 178050.406    -3.110    -2.05    2.27
 178427.204    -3.542    -1.15    2.44
 178803.985    -4.639    -2.91    2.44
 179180.747    -5.450    -2.15    2.26
 179557.492    -6.097    -1.72    2.03
 179934.220    -6.769    -1.79    1.99
 180310.929    -7.357    -1.56    2.29
 180687.621    -7.806    -1.19    2.25
 181064.295    -8.052    -0.65    2.25
 181440.951    -9.020    -2.57    2.20
 181817.590    -9.451    -1.14    2.27
 182194.211   -10.163    -1.89    2.29
 182570.814   -10.915    -2.00    2.27
 182947.400   -11.360    -1.18    2.13
 183323.967   -12.072    -1.89    1.88
 183700.517   -12.674    -1.60    1.92
 184077.050   -13.178    -1.34    2.19
 184453.565   -13.194    -0.04    2.30
 184830.062   -14.133    -2.49    2.38
 185206.541   -14.947    -2.16    2.52
 185583.003   -15.906    -2.55    2.74
 185959.447   -16.877    -2.58    2.31
 186335.873   -17.042    -0.44    2.43
 186712.282   -17.678    -1.69    2.49
 187088.673   -18.171    -1.31    1.96
 187465.047   -19.792    -4.31    2.25
 187841.402   -21.222    -3.80    2.46
 188217.740   -22.837    -4.29    2.72
 188594.061   -24.659    -4.84    2.26
 188970.364   -25.633    -2.59    2.48
 189346.649   -26.776    -3.04    2.90
 189722.917   -28.240    -3.89    3.13
 190099.167   -28.997    -2.01    3.05
 190475.399   -30.253    -3.34    2.68
 190851.614   -30.678    -1.13    2.46
 191227.811   -31.292    -1.63    2.25
 191603.991   -32.055    -2.03    2.07
 191980.153   -33.269    -3.23    1.93
 192356.297   -34.181    -2.42    1.79
 192732.424   -34.815    -1.69    1.80
 193108.533   -35.985    -3.11    1.52
 193484.625   -36.587    -1.60    1.79
 193860.699   -37.230    -1.71    1.86
 194236.755   -37.594    -0.97    1.58
 194612.794   -38.156    -1.49    1.75
 194988.816   -38.497    -0.91    1.93
 195364.820   -38.724    -0.60    1.82
 195740.806   -38.860    -0.36    1.69
 196116.775   -38.915    -0.15    1.76
 196492.726   -38.852     0.17    1.61
 196868.659   -38.447     1.08    1.68
 197244.575   -38.337     0.29    1.54
 197620.474   -38.086     0.67    1.35
 197996.355   -37.747     0.90    1.37
 198372.219   -37.337     1.09    1.45
 198748.065   -36.799     1.43    1.35
 199123.893   -36.428     0.99    1.28
 199499.704   -36.047     1.02    1.45
 199875.498   -35.633     1.10    1.52
 200251.274   -34.729     2.40    1.57
 200627.032   -34.087     1.71    1.63
 201002.773   -33.519     1.51    2.20
 201378.497   -32.735     2.09    2.52
 201754.203   -31.792     2.51    2.21
 202129.891   -30.702     2.90    1.85
 202505.562   -30.360     0.91    1.52
 202881.216   -29.985     1.00    1.44
 203256.852   -29.380     1.61    1.48
 203632.471   -29.341     0.10    1.46
 204008.072   -28.722     1.65    1.44
 204383.656   -28.497     0.60    1.71
 204759.222   -28.204     0.78    1.69
 205134.771   -27.663     1.44    2.06
 205510.302   -28.148    -1.29    2.13
 205885.816   -28.334    -0.50    2.32
 206261.313   -28.315     0.05    2.19
 206636.792   -28.765    -1.20    2.05
 207012.254   -28.928    -0.44    1.95
 207387.698   -29.082    -0.41    1.75
 207763.125   -28.747     0.89    1.75
 208138.534   -28.587     0.42    1.81
 208513.927   -28.155     1.15    1.62
 208889.301   -28.519    -0.97    1.81
 209264.658   -28.887    -0.98    1.61
 209639.998   -29.380    -1.31    1.58
 210015.321   -29.636    -0.68    1.92
 210390.626   -30.019    -1.02    1.97
 210765.914   -30.406    -1.03    1.97
 211141.184   -30.422    -0.04    1.85
 211516.437   -30.656    -0.62    1.71
 211891.673   -31.044    -1.04    1.70
 212266.891   -31.568    -1.40    1.93
 212642.092   -31.906    -0.90    1.97
 213017.275   -31.520     1.03    2.04
 213392.442   -31.363     0.42    2.05
 213767.591   -31.211     0.41    1.85
 214142.722   -31.178     0.09    1.81
 214517.836   -31.235    -0.15    1.98
 214892.933   -31.592    -0.95    1.96
 215268.013   -31.701    -0.29    2.11
 215643.075   -31.936    -0.63    2.00
 216018.120   -31.883     0.14    2.24
 216393.147   -31.806     0.20    2.27
 216768.157   -31.636     0.45    2.21
 217143.150   -31.752    -0.31    2.34
 217518.126   -31.883    -0.35    2.93
 217893.084   -31.938    -0.15    3.07
 218268.026   -32.735    -2.12    3.35
 218642.949   -33.519    -2.09    3.02
 219017.856   -33.194     0.87    3.08
 219392.745   -33.187     0.02    3.09
 219767.617   -33.450    -0.70    3.05
 220142.472   -33.451    -0.00    2.30
 220517.309   -34.337    -2.36    2.35
 220892.129   -35.179    -2.25    2.61
 221266.932   -35.633    -1.21    2.26
 221641.718   -35.985    -0.94    2.09
 222016.486   -36.235    -0.67    2.15
 222391.237   -36.383    -0.40    1.69
 222765.971   -36.735    -0.94    1.66
 223140.688   -36.627     0.29    1.72
 223515.387   -36.758    -0.35    1.75
 223890.069   -36.974    -0.57    1.75
 224264.734   -37.357    -1.02    1.85
 224639.382   -37.973    -1.64    1.73
 225014.012   -38.156    -0.49    1.55
 225388.626   -38.592    -1.16    1.57
 225763.222   -38.701    -0.29    1.55
 226137.801   -38.616     0.23    1.48
 226512.362   -38.729    -0.30    1.38
 226886.907   -38.354     1.00    2.05
 227261.434   -38.542    -0.50    2.43
 227635.944   -38.633    -0.24    2.42
 228010.437   -39.057    -1.13    2.19
 228384.913   -39.269    -0.57    1.98
 228759.371   -39.544    -0.73    1.72
 229133.813   -39.590    -0.12    1.90
 229508.237   -39.241     0.93    1.81
 229882.644   -39.269    -0.08    1.92
 230257.034   -39.568    -0.80    1.66
 230631.407   -39.547     0.06    1.63
 231005.762   -40.224    -1.81    1.95
 231380.101   -40.911    -1.84    1.92
 231754.422   -41.997    -2.90    1.97
 232128.726   -43.031    -2.76    1.80
 232503.013   -43.915    -2.36    1.72
 232877.283   -44.792    -2.34    1.36
 233251.536   -45.172    -1.01    1.56
 233625.772   -45.815    -1.72    1.62
 233999.990   -46.547    -1.96    1.62
 234374.192   -47.068    -1.39    1.58
 234748.376   -47.357    -0.77    1.47
 235122.544   -47.915    -1.49    1.43
 235496.694   -48.656    -1.98    1.58
 235870.827   -48.797    -0.38    1.73
 236244.943   -49.133    -0.90    1.62
 236619.042   -49.301    -0.45    1.72
 236993.123   -49.806    -1.35    1.77
 237367.188   -50.101    -0.79    1.66
 237741.236   -50.758    -1.76    1.48
 238115.266   -51.383    -1.67    1.74
 238489.280   -51.521    -0.37    2.36
 238863.276   -51.928    -1.09    2.62
 239237.256   -52.082    -0.41    3.18
 239611.218   -52.837    -2.02    3.26
 239985.164   -53.087    -0.67    3.37
 240359.092   -53.139    -0.14    3.42
 240733.003   -53.133     0.02    3.56
 241106.897   -52.872     0.70    2.78
 241480.774   -52.792     0.21    2.79
 241854.635   -53.752    -2.57    3.04
 242228.478   -54.315    -1.50    2.97
 242602.304   -55.110    -2.13    2.31
 242976.113   -55.806    -1.86    1.80
 243349.905   -55.997    -0.51    1.77
 243723.680   -56.009    -0.03    1.79
 244097.438   -56.474    -1.24    1.62
 244471.179   -56.729    -0.68    1.84
 244844.903   -57.008    -0.75    1.70
 245218.610   -57.542    -1.43    1.51
 245592.300   -57.911    -0.99    1.45
 245965.973   -58.133    -0.59    1.56
 246339.630   -58.497    -0.97    1.64
 246713.613   -58.497     0.00    1.66
 247090.669   -58.837    -0.90    1.80
 247467.707   -58.659     0.47    1.81
 247844.728   -58.837    -0.47    1.66
 248221.732   -58.897    -0.16    1.55
 248598.718   -58.860     0.10    1.51
 248975.687   -58.297     1.49    1.47
 249352.639   -58.383    -0.23    1.82
 249729.574   -58.292     0.24    1.80
 250106.491   -58.592    -0.80    1.68
 250483.391   -59.110    -1.38    1.73
 250860.274   -59.189    -0.21    1.56
 251237.140   -59.337    -0.39    1.64
 251613.988   -59.217     0.32    1.71
 251990.819   -58.776     1.17    1.68
 252367.633   -58.697     0.21    1.90
 252744.429   -58.272     1.13    2.13
 253121.209   -58.247     0.07    1.92
 253497.971   -58.326    -0.21    1.91
 253874.716   -57.951     0.99    1.85
 254251.443   -57.892     0.16    1.50
 254628.154   -58.326    -1.15    1.76
 255004.847   -58.087     0.63    2.35
 255381.523   -57.814     0.73    2.34
 255758.182   -57.830    -0.04    2.60
 256134.824   -58.497    -1.77    2.59
 256511.448   -58.633    -0.36    2.69
 256888.055   -58.543     0.24    2.73
 257264.645   -58.997    -1.20    2.78
 257641.218   -59.587    -1.57    2.34
 258017.774   -60.380    -2.10    1.89
 258394.313   -60.616    -0.62    2.41
 258770.834   -60.406     0.56    2.56
 259147.338   -60.354     0.14    3.03
 259523.825   -60.519    -0.44    3.00
 259900.295   -60.124     1.05    3.09
 260276.748   -60.264    -0.37    2.69
 260653.183   -60.566    -0.80    2.70
 261029.602   -60.208     0.95    2.67
 261406.003   -60.360    -0.41    3.11
 261782.387   -60.473    -0.30    2.96
 262158.754   -60.951    -1.27    2.83
 262535.104   -61.636    -1.82    2.46
 262911.437   -61.869    -0.62    2.72
 263287.753   -61.427     1.17    2.85
 263664.051   -61.282     0.38    2.77
 264040.333   -60.951     0.88    2.80
 264416.597   -60.101     2.26    2.60
 264792.844   -60.208    -0.28    2.52
 265169.074   -60.287    -0.21    2.70
 265545.288   -59.985     0.80    3.17
 265921.484   -60.284    -0.79    3.41
