-272727.507     4.676     0.00    9.82
-272350.599     5.246     1.51    9.09
-271973.677     5.528     0.75    7.78
-271596.739     8.799     8.67    7.93
-271219.787    11.873     8.15    6.91
-270842.820    14.878     7.97    7.32
-270467.644    16.946     5.51    8.06
-270093.607    17.436     1.31   10.27
-269719.555    17.380    -0.15   12.03
-269345.488    16.149    -3.29   12.18
-268971.407    19.995    10.28   12.88
-268597.310    26.078    16.26   13.99
-268223.200    31.792    15.27   11.69
-267849.074    33.316     4.07   10.54
-267474.934    29.030   -11.45   12.49
-267100.779    20.340   -23.22   11.67
-266726.610    13.855   -17.33    9.43
-266352.426     9.434   -11.81    8.00
-265978.227    10.387     2.55    8.93
-265604.013    12.669     6.09   10.02
-265229.785    15.925     8.70    9.63
-264855.541    18.959     8.11    9.09
-264481.284    22.239     8.76    9.07
-264107.011    23.007     2.05    8.60
-263732.724    25.157     5.74    8.40
-263358.422    24.935    -0.59    8.03
-262984.105    23.578    -3.62    9.40
-262609.774    20.435    -8.39   10.98
-262235.427    16.739    -9.87   11.11
-261861.066    13.911    -7.55   10.29
-261486.691    13.268    -1.72    8.62
-261112.300    13.190    -0.21    7.59
-260737.895    11.745    -3.86    5.53
-260363.475    13.458     4.58    6.19
-259989.040    13.436    -0.06    6.80
-259614.591    13.435    -0.00    6.92
-259240.126    14.358     2.46    6.88
-258865.647    15.187     2.21    7.01
-258491.153    14.092    -2.92    6.80
-258116.645    12.816    -3.41    6.84
-257742.121    11.180    -4.37    7.67
-257367.583     7.166   -10.72    4.61
-256993.030     7.551     1.03    5.42
-256618.462     9.637     5.57    6.50
-256243.880    13.415    10.08    8.04
-255869.282    18.840    14.48    8.25
-255494.670    21.785     7.86    7.39
-255120.043    26.078    11.46    6.99
-254745.401    28.534     6.55    7.64
-254370.744    26.960    -4.20    9.08
-253996.073    25.226    -4.63   10.49
-253621.386    22.197    -8.08    9.67
-253246.685    18.869    -8.88    6.35
-252871.969    20.358     3.97    6.94
-252497.238    22.233     5.00    7.51
-252122.493    21.746    -1.30    7.71
-251747.732    18.669    -8.21    8.28
-251372.957    16.157    -6.70    6.01
-250998.167    15.721    -1.16    5.69
-250623.362    15.157    -1.50    5.05
-250248.542    14.637    -1.39    5.26
-249873.707    14.846     0.56    5.64
-249498.857    14.683    -0.44    5.95
-249123.993    15.411     1.94    6.35
-248749.113    15.721     0.83    6.24
-248374.219    15.873     0.41    6.22
-247999.310    15.808    -0.17    5.29
-247624.386    14.751    -2.82    4.52
-247249.447    16.292     4.11    5.04
-246874.493    17.413     2.99    5.34
-246499.524    18.673     3.36    5.91
-246124.541    22.873    11.20    7.66
-245749.542    25.316     6.51    8.56
-245374.529    28.312     7.99    9.39
-244999.500    29.197     2.36   10.00
-244624.457    29.250     0.14    9.93
-244249.399    26.411    -7.57    9.91
-243874.326    22.576   -10.22    8.10
-243499.238    21.459    -2.98    6.66
-243124.135    22.436     2.60    6.82
-242749.017    23.792     3.61    7.32
-242373.884    25.849     5.48    7.46
-241998.736    26.078     0.61    7.64
-241623.574    24.622    -3.88    7.13
-241248.396    23.343    -3.41    5.65
-240873.204    22.030    -3.50    4.99
-240497.996    22.507     1.27    6.45
-240122.774    21.530    -2.60    6.60
-239747.536    21.134    -1.06    7.74
-239372.284    21.149     0.04    7.05
-238997.016    19.245    -5.07    5.64
-238621.734    19.126    -0.32    5.38
-238246.437    17.364    -4.69    5.20
-237871.124    16.946    -1.11    5.18
-237495.797    17.532     1.56    5.33
-237120.455    17.458    -0.20    4.97
-236745.097    17.578     0.32    5.33
-236369.725    17.816     0.63    5.20
-235994.338    16.626    -3.17    4.69
-235618.936    15.983    -1.71    3.42
-235243.518    15.458    -1.40    3.26
-234868.086    14.111    -3.59    4.23
-234492.639    12.288    -4.85    4.89
-234117.176    10.507    -4.74    4.06
-233741.699     8.864    -4.37    3.00
-233366.207     8.883     0.05    2.58
-232990.699    10.142     3.35    3.48
-232615.177    10.714     1.52    3.30
-232239.640    11.792     2.87    4.41
-231864.087    12.762     2.58    3.78
-231488.520    12.599    -0.43    3.71
-231112.937    14.596     5.32    3.67
-230737.339    16.072     3.93    4.87
-230361.727    18.801     7.26    5.91
-229986.099    19.649     2.26    6.42
-229610.456    18.180    -3.91    5.96
-229234.798    18.102    -0.21    5.08
-228859.125    17.509    -1.58    4.68
-228483.437    16.369    -3.03    3.80
-228107.734    15.483    -2.36    3.63
-227732.016    14.983    -1.33    3.87
-227356.283    14.785    -0.53    3.97
-226980.535    14.252    -1.42    4.50
-226604.771    14.574     0.86    4.12
-226228.993    15.193     1.65    4.74
-225853.199    15.599     1.08    4.80
-225477.391    17.692     5.57    6.79
-225101.567    19.297     4.27    7.65
-224725.728    22.846     9.44    8.59
-224349.874    23.508     1.76    8.25
-223974.005    24.210     1.87    8.40
-223598.121    24.911     1.87    8.55
-223222.221    25.529     1.64    7.26
-222846.307    25.180    -0.93    7.77
-222470.377    22.021    -8.40    6.88
-222094.432    20.755    -3.37    5.76
-221718.473    21.098     0.91    5.27
-221342.498    21.507     1.09    5.32
-220966.507    22.340     2.22    5.63
-220590.502    23.800     3.88    6.74
-220214.482    26.528     7.25    8.42
-219838.446    28.970     6.49    7.28
-219462.395    27.887    -2.88    8.51
-219086.329    26.111    -4.72    9.13
-218710.248    27.292     3.14    8.28
-218334.152    30.149     7.60    8.35
-217958.041    31.637     3.95    6.88
-217581.914    30.250    -3.69    8.28
-217205.772    26.580    -9.75    8.48
-216829.615    21.959   -12.28    7.74
-216453.443    18.935    -8.04    5.70
-216077.256    19.483     1.46    5.60
-215701.053    19.530     0.13    5.74
-215324.835    19.058    -1.26    5.83
-214948.602    18.864    -0.52    6.20
-214572.354    19.054     0.51    7.84
-214196.091    20.292     3.29    8.56
-213819.812    23.268     7.91    9.48
-213443.518    23.297     0.08    9.27
-213067.209    21.126    -5.77    8.97
-212690.885    18.745    -6.33    8.76
-212314.545    14.506   -11.26    6.92
-211938.191    11.824    -7.12    5.88
-211561.821    10.721    -2.93    5.16
-211185.435    10.149    -1.52    4.51
-210809.035    11.745     4.24    4.88
-210432.619    14.340     6.89    6.23
-210056.188    15.739     3.71    7.33
-209679.742    16.715     2.59    7.19
-209303.281    20.273     9.45    8.03
-208926.804    22.878     6.92    7.83
-208550.312    23.959     2.87    7.29
-208173.805    23.832    -0.34    7.64
-207797.282    22.245    -4.21    7.59
-207420.744    20.005    -5.95    7.10
-207044.191    17.808    -5.83    5.45
-206667.623    16.141    -4.43    4.22
-206291.039    16.149     0.02    4.03
-205914.440    17.227     2.86    3.85
-205537.826    18.064     2.22    5.82
-205161.196    18.551     1.29    6.12
-204784.551    18.529    -0.06    6.61
-204407.891    17.250    -3.40    6.31
-204031.216    16.190    -2.81    5.52
-203654.525    15.343    -2.25    4.02
-203277.819    15.855     1.36    3.67
-202901.097    15.925     0.19    4.54
-202524.361    15.553    -0.99    4.31
-202147.609    15.529    -0.06    4.20
-201770.841    15.364    -0.44    4.55
-201394.058    15.530     0.44    4.41
-201017.260    15.576     0.12    4.84
-200640.447    14.646    -2.47    5.28
-200263.618    14.134    -1.36    4.48
-199886.774    12.887    -3.31    3.68
-199509.914    11.626    -3.35    3.47
-199133.039    11.180    -1.18    3.00
-198756.149    12.028     2.25    4.13
-198379.243    12.483     1.21    4.45
-198002.322    12.687     0.54    4.44
-197625.386    12.529    -0.42    3.84
-197248.434    12.197    -0.88    3.80
-196871.467    12.459     0.70    4.55
-196494.485    12.959     1.32    5.83
-196117.487    15.739     7.37    8.36
-195740.473    19.602    10.25    9.77
-195365.742    20.935     3.56    9.54
-194991.762    20.263    -1.80    9.54
-194617.766    16.935    -8.90    8.11
-194243.755    14.435    -6.68    6.16
-193869.729    12.030    -6.43    3.74
-193495.688    10.948    -2.89    3.31
-193121.631     9.911    -2.77    3.28
-192747.560     9.083    -2.21    2.85
-192373.473     8.596    -1.30    2.63
-191999.371     9.190     1.59    2.94
-191625.254    10.364     3.14    3.16
-191251.122    12.041     4.48    4.06
-190876.975    12.387     0.93    4.39
-190502.812    12.392     0.01    5.13
-190128.635    12.867     1.27    5.50
-189754.442    12.324    -1.45    5.02
-189380.234    11.316    -2.69    3.66
-189006.010    10.901    -1.11    3.83
-188631.772    10.530    -0.99    3.98
-188257.518    10.098    -1.15    3.66
-187883.249    10.005    -0.25    3.05
-187508.965    10.714     1.89    3.49
-187134.666    10.649    -0.17    3.44
-186760.351    10.096    -1.48    3.63
-186386.021    10.935     2.24    4.17
-186011.676    11.937     2.68    4.40
-185637.316    12.693     2.02    4.66
-185262.941    12.415    -0.74    4.81
-184888.550    11.459    -2.55    4.30
-184514.144    10.832    -1.68    3.85
-184139.723    10.721    -0.30    3.71
-183765.286    10.457    -0.70    3.90
-183390.835    10.687     0.61    3.72
-183016.368    12.009     3.53    5.63
-182641.886    13.312     3.48    6.61
-182267.388    14.157     2.26    7.14
-181892.875    14.554     1.06    7.34
-181518.347    13.739    -2.18    5.42
-181143.804    14.226     1.30    4.68
-180769.246    15.390     3.11    4.71
-180394.672    17.971     6.89    5.13
-180020.083    20.626     7.09    5.45
-179645.478    21.554     2.48    8.15
-179270.858    19.410    -5.72    9.06
-178896.223    15.268   -11.05    8.67
-178521.573    11.911    -8.96    6.83
-178146.908    10.210    -4.54    3.74
-177772.227    11.165     2.55    3.60
-177397.530    11.173     0.02    3.59
-177022.819    11.775     1.61    3.61
-176648.092    11.971     0.52    3.78
-176273.350    10.554    -3.78    3.94
-175898.592     9.197    -3.62    3.37
-175523.820     8.994    -0.54    3.48
-175149.031     8.554    -1.17    3.68
-174774.228     8.925     0.99    3.95
-174399.409    10.096     3.13    3.95
-174024.575     9.553    -1.45    4.05
-173649.725    10.792     3.31    5.39
-173274.860    10.959     0.44    6.05
-172899.980     9.653    -3.48    5.60
-172525.085     7.855    -4.80    5.01
-172150.174     6.051    -4.81    3.31
-171775.247     5.292    -2.02    2.10
-171400.305     5.392     0.27    2.18
-171025.348     5.554     0.43    2.28
-170650.376     5.864     0.83    2.62
-170275.388     7.087     3.26    3.33
-169900.385     7.739     1.74    3.42
-169525.366     8.935     3.19    3.50
-169150.332     9.692     2.02    3.07
-168775.283     9.507    -0.49    3.23
-168400.218    10.959     3.87    4.13
-168025.138    13.935     7.93    7.02
-167650.042    15.948     5.37    8.55
-167274.931    14.775    -3.13    9.52
-166899.805    10.578   -11.19   10.00
-166524.663     6.959    -9.65    8.30
-166149.505     6.383    -1.54    5.21
-165774.333     8.165     4.75    8.00
-165399.145     8.933     2.05    8.14
-165023.941    10.387     3.88    7.91
-164648.722    10.983     1.59    7.48
-164273.488     9.816    -3.11    5.57
-163898.238     9.528    -0.77    5.28
-163522.972     9.765     0.63    6.09
-163147.691    10.051     0.76    7.23
-162772.395    11.214     3.10    7.85
-162397.083    11.134    -0.21    7.72
-162021.756    10.361    -2.06    7.36
-161646.414     8.585    -4.73    6.66
-161271.055     5.710    -7.66    6.08
-160895.682     4.996    -1.90    5.35
-160520.293     6.366     3.65    5.64
-160144.888     7.297     2.48    6.46
-159769.468     7.273    -0.06    6.13
-159394.032     9.596     6.19    6.49
-159018.581    11.956     6.29    6.85
-158643.115    12.778     2.19    6.97
-158267.633    12.887     0.29    7.37
-157892.135    10.250    -7.02    8.58
-157516.622     6.459   -10.09    8.42
-157141.093     4.047    -6.42    6.04
-156765.549     3.801    -0.65    5.08
-156389.990     4.047     0.65    4.86
-156014.415     3.649    -1.06    4.33
-155638.824     3.028    -1.65    4.02
-155263.218     1.558    -3.91    4.02
-154887.596     0.733    -2.20    3.88
-154511.959     0.404    -0.88    3.89
-154136.306     1.369     2.57    4.12
-153760.637     1.087    -0.75    3.85
-153384.953     0.901    -0.50    3.39
-153009.254     0.994     0.25    3.48
-152633.539     1.534     1.44    3.37
-152257.808     3.460     5.13    4.46
-151882.062     5.214     4.67    5.06
-151506.300     5.983     2.04    5.58
-151130.523     6.727     1.98    5.99
-150754.730     6.556    -0.45    6.23
-150378.922     6.096    -1.22    6.21
-150003.097     4.588    -4.01    5.75
-149627.258     4.832     0.65    5.14
-149251.403     6.134     3.46    4.78
-148875.532     6.768     1.69    3.92
-148499.645     7.278     1.36    4.62
-148123.743     7.944     1.77    5.36
-147747.825     8.755     2.16    6.24
-147371.892    10.102     3.58    6.97
-146995.943    10.459     0.95    6.50
-146619.979    10.102    -0.95    6.99
-146243.999     7.824    -6.06    7.54
-145868.003     5.824    -5.32    7.85
-145491.991     3.658    -5.76    7.42
-145115.964     3.316    -0.91    6.45
-144739.922     1.855    -3.89    5.90
-144363.863     1.092    -2.03    5.70
-143987.789     0.878    -0.57    6.48
-143611.700     0.183    -1.85    6.91
-143235.594    -0.827    -2.68    6.73
-142859.473    -0.517     0.82    6.42
-142483.337     0.792     3.48    5.81
-142107.185     3.459     7.09    5.81
-141731.017     6.508     8.10    5.26
-141354.833     8.204     4.51    4.63
-140978.634     7.483    -1.92    5.36
-140602.419     6.411    -2.85    6.71
-140226.188     5.320    -2.90    7.70
-139849.942     5.268    -0.14    7.78
-139473.680     3.808    -3.88    6.61
-139097.402     3.435    -0.99    5.39
-138721.108     2.816    -1.64    4.28
-138344.799     2.602    -0.57    4.46
-137968.474     3.064     1.23    5.75
-137592.134     2.387    -1.80    7.51
-137215.778     3.197     2.15    7.64
-136839.406     3.580     1.02    7.48
-136463.018     4.173     1.58    6.06
-136086.614     5.901     4.59    6.09
-135710.195     7.578     4.45    6.59
-135333.760     7.792     0.57    6.65
-134957.310     5.792    -5.31    7.28
-134580.843     4.030    -4.68    6.50
-134204.361     5.165     3.01    9.23
-133827.863     6.983     4.83    9.95
-133451.349     7.745     2.02   10.18
-133074.820     8.983     3.29   10.18
-132698.275     8.994     0.03    9.77
-132321.714     9.673     1.80    7.76
-131945.137    10.292     1.64    8.17
-131568.545    10.832     1.43    8.69
-131191.936    10.878     0.12    9.12
-130815.312     6.553   -11.48   10.42
-130438.672     1.435   -13.59    8.17
-130062.017    -2.103    -9.39    3.48
-129685.345    -2.898    -2.11    2.26
-129308.658    -2.029     2.31    3.91
-128931.955    -0.634     3.70    5.24
-128555.236     0.915     4.11    5.79
-128178.502     2.483     4.16    6.00
-127801.751     2.983     1.33    5.60
-127424.985     4.054     2.84    6.23
-127048.203     4.673     1.64    5.50
-126671.405     6.390     4.56    6.36
-126294.591     7.506     2.96    6.99
-125917.761     8.483     2.59    7.13
-125540.916    11.435     7.83    8.76
-125164.055    11.273    -0.43    8.46
-124787.178     8.483    -7.40    9.66
-124410.285     6.390    -5.55    9.54
-124033.376     2.506   -10.30    6.44
-123656.451     1.078    -3.79    7.58
-123279.511     2.556     3.92    9.31
-122902.554     2.733     0.47    9.85
-122525.582     3.064     0.88    9.50
-122148.594     2.687    -1.00    9.07
-121771.590     0.273    -6.40    8.13
-121394.570    -2.255    -6.71    7.35
-121017.534    -3.351    -2.90    6.10
-120640.483    -3.184     0.44    6.04
-120266.201    -1.447     4.64    6.39
-119892.276    -0.676     2.06    5.90
-119518.336     2.390     8.20    7.12
-119144.380     6.596    11.25    7.65
-118770.408    12.336    15.35    7.49
-118396.421    14.134     4.81    7.14
-118022.418    11.078    -8.17   10.26
-117648.400     6.459   -12.35   10.67
-117274.366     3.948    -6.71    9.09
-116900.316     6.320     6.34   10.30
-116526.251    11.007    12.53    9.83
-116152.170    13.869     7.65    8.96
-115778.073    14.935     2.85    8.53
-115403.961    12.602    -6.24    9.23
-115029.833     8.245   -11.65    9.78
-114655.689     2.816   -14.51    9.16
-114281.530    -1.446   -11.39    7.20
-113907.355    -4.566    -8.34    3.28
-113533.164    -4.517     0.13    3.83
-113158.958    -3.942     1.54    3.95
-112784.736    -4.424    -1.29    3.97
-112410.498    -5.054    -1.68    3.85
-112036.245    -4.959     0.25    3.30
-111661.975    -2.327     7.03    5.92
-111287.691     2.358    12.51    7.33
-110913.390     4.687     6.22    6.96
-110539.074     3.970    -1.92    7.71
-110164.742     1.459    -6.71    8.52
-109790.394    -3.424   -13.04    7.24
-109416.031    -4.634    -3.23    6.42
-109041.652    -4.108     1.40    6.40
-108667.257    -2.623     3.97    6.28
-108292.846     0.460     8.23    6.09
-107918.420     4.058     9.61    7.29
-107543.978     3.892    -0.44    7.29
-107169.520     2.778    -2.97    8.12
-106795.047     0.933    -4.93    8.48
-106420.557    -0.790    -4.60    7.31
-106046.052    -0.807    -0.04    6.48
-105671.532     0.051     2.29    5.46
-105296.995     0.646     1.59    5.48
-104922.443    -1.063    -4.56    5.16
-104547.875    -3.238    -5.81    4.57
-104173.291    -3.748    -1.36    5.28
-103798.691    -2.085     4.44    6.61
-103424.076     0.149     5.97    6.85
-103049.445     3.506     8.96    8.04
-102674.798     7.622    10.99    7.40
-102300.135     8.721     2.93    7.54
-101925.456     5.824    -7.73   10.57
-101550.762     1.141   -12.50   10.45
-101176.052    -2.767   -10.43    8.50
-100801.326    -6.610   -10.25    4.53
-100426.584    -7.122    -1.37    4.12
-100051.826    -6.803     0.85    4.39
 -99677.053    -5.466     3.57    4.59
 -99302.263    -1.813     9.75    7.26
 -98927.458     1.608     9.13    7.91
 -98552.637     2.343     1.96    7.45
 -98177.801     1.204    -3.04    8.94
 -97802.948    -2.946   -11.07    8.50
 -97428.080    -6.494    -9.46    4.76
 -97053.195    -7.261    -2.05    3.30
 -96678.295    -6.381     2.35    3.25
 -96303.379    -6.029     0.94    2.82
 -95928.447    -3.703     6.20    4.22
 -95553.500    -1.422     6.08    5.08
 -95178.536    -0.078     3.58    5.45
 -94803.557     4.622    12.53    8.10
 -94428.561     7.336     7.24    8.50
 -94053.550     7.297    -0.11    8.94
 -93678.523     5.111    -5.83    9.57
 -93303.480     1.692    -9.11    8.01
 -92928.421    -3.303   -13.32    5.04
 -92553.346    -5.089    -4.76    4.74
 -92178.256    -6.727    -4.37    4.27
 -91803.149    -8.041    -3.50    3.33
 -91428.027    -7.351     1.84    3.87
 -91052.888    -5.313     5.43    4.33
 -90677.734    -5.136     0.47    4.23
 -90302.564    -4.285     2.27    4.13
 -89927.378    -3.494     2.11    3.66
 -89552.176    -4.858    -3.64    3.39
 -89176.958    -5.803    -2.52    3.97
 -88801.724    -6.354    -1.47    4.29
 -88426.474    -5.495     2.29    5.38
 -88051.208    -3.699     4.78    5.52
 -87675.926    -2.517     3.15    4.87
 -87300.629    -1.970     1.46    4.53
 -86925.315    -3.732    -4.69    4.48
 -86549.985    -5.095    -3.63    4.32
 -86174.640    -6.541    -3.85    4.76
 -85799.278    -7.926    -3.69    4.47
 -85423.901    -9.168    -3.31    3.17
 -85048.507    -7.703     3.90    4.49
 -84673.098    -3.922    10.07    6.92
 -84297.673    -1.773     5.72    6.87
 -83922.231    -2.657    -2.35    8.00
 -83546.774    -6.540   -10.34    8.57
 -83171.300   -10.913   -11.64    5.96
 -82795.811   -12.075    -3.10    3.79
 -82420.306   -11.298     2.07    3.86
 -82044.784    -8.636     7.09    4.53
 -81669.247    -6.866     4.71    5.19
 -81293.694    -5.866     2.66    5.05
 -80918.124    -3.936     5.14    5.01
 -80542.539    -5.494    -4.15    5.83
 -80166.937    -7.517    -5.39    6.23
 -79791.320    -9.471    -5.20    5.19
 -79415.686    -8.634     2.23    5.98
 -79040.037    -5.381     8.66    6.83
 -78664.371    -3.308     5.52    5.72
 -78288.690    -2.122     3.16    5.64
 -77912.992    -3.803    -4.47    5.61
 -77537.278    -5.803    -5.32    6.41
 -77161.549    -8.565    -7.35    6.36
 -76785.803   -12.285    -9.90    3.10
 -76410.041   -13.131    -2.25    2.16
 -76034.263   -11.936     3.18    2.99
 -75658.469    -9.755     5.80    3.81
 -75282.659    -8.131     4.32    4.61
 -74906.833    -7.122     2.68    4.49
 -74530.991    -6.378     1.98    3.63
 -74155.132    -5.803     1.53    3.37
 -73779.258    -4.564     3.30    3.96
 -73403.367    -2.874     4.49    3.99
 -73027.461    -3.684    -2.15    4.44
 -72651.538    -3.494     0.51    4.86
 -72275.599    -2.215     3.40    5.91
 -71899.644    -2.351    -0.36    5.76
 -71523.673    -2.145     0.55    6.04
 -71147.686    -2.703    -1.48    5.32
 -70771.683    -5.608    -7.73    4.46
 -70395.663    -5.827    -0.58    4.30
 -70019.628    -6.913    -2.89    3.55
 -69643.576    -7.660    -1.99    1.96
 -69267.508    -6.680     2.61    2.21
 -68891.424    -6.889    -0.56    2.19
 -68515.324    -7.029    -0.37    2.01
 -68139.208    -7.168    -0.37    1.82
 -67763.076    -6.874     0.78    2.09
 -67386.927    -6.517     0.95    2.58
 -67010.763    -6.703    -0.49    2.36
 -66634.582    -7.017    -0.83    2.14
 -66258.385    -6.946     0.19    2.06
 -65882.171    -6.898     0.13    1.97
 -65505.942    -6.471     1.14    2.60
 -65129.696    -5.708     2.03    2.82
 -64753.435    -4.564     3.04    3.43
 -64377.157    -3.993     1.52    3.72
 -64000.863    -4.017    -0.06    3.68
 -63624.552    -4.972    -2.54    3.75
 -63248.226    -6.755    -4.74    2.24
 -62871.883    -7.255    -1.33    1.86
 -62495.524    -6.113     3.04    3.12
 -62119.149    -4.708     3.73    3.32
 -61742.758    -3.565     3.04    3.60
 -61366.350    -3.151     1.10    3.21
 -60989.926    -3.750    -1.59    2.80
 -60613.486    -5.176    -3.79    1.87
 -60237.030    -5.495    -0.85    1.70
 -59860.558    -5.589    -0.25    1.72
 -59484.069    -5.767    -0.47    1.55
 -59107.564    -6.040    -0.72    1.62
 -58731.043    -6.225    -0.49    1.54
 -58354.505    -6.422    -0.52    1.54
 -57977.951    -6.708    -0.76    1.06
 -57601.381    -6.688     0.05    1.43
 -57224.795    -6.401     0.76    1.40
 -56848.193    -5.712     1.83    1.62
 -56471.574    -4.982     1.94    2.11
 -56094.939    -4.851     0.35    2.16
 -55718.287    -4.959    -0.29    2.28
 -55341.620    -5.099    -0.37    2.45
 -54964.936    -4.717     1.01    2.57
 -54588.236    -2.995     4.57    3.32
 -54211.519    -2.298     1.85    3.42
 -53834.786    -2.517    -0.58    3.49
 -53458.037    -2.680    -0.43    3.57
 -53081.272    -3.517    -2.22    2.73
 -52704.490    -3.699    -0.48    2.39
 -52327.692    -4.347    -1.72    1.96
 -51950.877    -4.636    -0.77    1.47
 -51574.047    -4.470     0.44    1.21
 -51197.200    -3.680     2.10    1.82
 -50820.336    -3.374     0.81    2.09
 -50443.457    -3.054     0.85    1.94
 -50066.561    -3.587    -1.41    2.05
 -49689.648    -3.422     0.44    2.01
 -49312.719    -3.634    -0.56    1.78
 -48935.774    -3.874    -0.64    1.61
 -48558.813    -4.117    -0.64    1.48
 -48181.835    -4.517    -1.06    1.49
 -47804.841    -5.065    -1.45    1.67
 -47427.830    -4.970     0.25    1.68
 -47050.804    -4.610     0.95    1.86
 -46673.760    -4.249     0.96    1.94
 -46296.701    -4.517    -0.71    2.13
 -45919.625    -5.006    -1.30    1.64
 -45542.553    -5.052    -0.12    1.55
 -45168.697    -5.184    -0.35    1.20
 -44794.824    -5.222    -0.10    1.09
 -44420.936    -5.160     0.16    1.14
 -44047.031    -5.042     0.32    0.91
 -43673.110    -5.154    -0.30    0.94
 -43299.174    -5.092     0.16    1.01
 -42925.221    -5.160    -0.18    0.98
 -42551.252    -4.803     0.95    1.04
 -42177.267    -4.564     0.64    0.95
 -41803.265    -4.517     0.12    0.99
 -41429.248    -4.667    -0.40    1.12
 -41055.214    -4.699    -0.09    1.15
 -40681.165    -4.347     0.94    1.32
 -40307.099    -3.851     1.33    1.16
 -39933.017    -3.610     0.64    1.09
 -39558.919    -3.773    -0.44    1.20
 -39184.805    -3.949    -0.47    1.15
 -38810.674    -4.123    -0.46    1.20
 -38436.528    -4.108     0.04    1.15
 -38062.365    -4.117    -0.02    1.15
 -37688.186    -4.285    -0.45    1.13
 -37313.991    -4.471    -0.50    1.19
 -36939.779    -4.444     0.07    1.19
 -36565.552    -4.449    -0.01    1.35
 -36191.308    -4.440     0.02    1.31
 -35817.048    -4.495    -0.14    1.19
 -35442.772    -4.727    -0.62    1.12
 -35068.480    -4.790    -0.17    1.02
 -34694.172    -4.703     0.23    0.91
 -34319.847    -4.645     0.15    0.89
 -33945.506    -4.404     0.65    0.97
 -33571.149    -4.081     0.86    0.82
 -33196.776    -3.796     0.76    1.14
 -32822.386    -3.564     0.62    1.34
 -32447.980    -3.564     0.00    1.53
 -32073.558    -3.245     0.85    1.44
 -31699.120    -3.286    -0.11    1.60
 -31324.666    -3.949    -1.77    2.18
 -30950.195    -4.422    -1.26    2.05
 -30575.708    -4.972    -1.47    1.73
 -30201.205    -4.904     0.18    1.50
 -29826.685    -4.717     0.50    1.44
 -29452.150    -4.517     0.53    1.52
 -29077.598    -4.438     0.21    1.51
 -28703.029    -4.358     0.21    1.40
 -28328.445    -4.285     0.20    1.43
 -27953.844    -4.006     0.74    1.40
 -27579.227    -3.657     0.93    1.54
 -27204.594    -3.286     0.99    1.66
 -26829.944    -2.381     2.42    2.15
 -26455.278    -1.842     1.44    2.41
 -26080.596    -2.052    -0.56    2.54
 -25705.897    -2.447    -1.06    2.62
 -25331.182    -2.779    -0.89    2.65
 -24956.451    -3.154    -1.00    1.89
 -24581.704    -2.767     1.03    1.63
 -24206.940    -3.517    -2.00    2.17
 -23832.160    -3.827    -0.83    2.02
 -23457.363    -3.471     0.95    1.90
 -23082.551    -3.089     1.02    1.43
 -22707.722    -2.859     0.61    1.22
 -22332.876    -2.926    -0.18    1.26
 -21958.014    -3.078    -0.41    1.34
 -21583.136    -3.589    -1.36    1.44
 -21208.242    -3.843    -0.68    1.39
 -20833.331    -4.052    -0.56    1.40
 -20458.404    -4.041     0.03    1.60
 -20083.460    -3.589     1.21    1.89
 -19708.501    -3.335     0.68    1.76
 -19333.524    -3.298     0.10    1.82
 -18958.532    -3.099     0.53    1.35
 -18583.523    -2.995     0.28    1.21
 -18208.497    -2.946     0.13    1.19
 -17833.456    -2.866     0.21    1.07
 -17458.398    -2.517     0.93    1.27
 -17083.323    -2.122     1.05    1.29
 -16708.232    -1.898     0.60    1.43
 -16333.125    -2.052    -0.41    1.10
 -15958.001    -1.750     0.81    1.34
 -15582.861    -1.657     0.25    1.52
 -15207.704    -1.471     0.50    1.72
 -14832.531    -1.351     0.32    1.85
 -14457.342    -1.517    -0.44    1.95
 -14082.136    -1.695    -0.47    1.51
 -13706.914    -1.471     0.60    1.73
 -13331.675    -1.131     0.91    1.70
 -12956.420    -0.657     1.26    1.60
 -12581.149    -0.634     0.06    1.65
 -12205.861    -0.255     1.01    1.38
 -11830.556     0.126     1.02    1.82
 -11455.235     0.528     1.07    2.15
 -11079.898     0.994     1.24    1.97
 -10704.544     0.755    -0.64    1.92
 -10329.174     0.064    -1.84    1.55
  -9953.787    -0.099    -0.43    1.38
  -9578.384    -0.303    -0.54    1.18
  -9202.964     0.134     1.16    1.43
  -8827.528     0.165     0.08    1.91
  -8452.076    -0.881    -2.78    2.70
  -8076.607    -1.995    -2.97    3.00
  -7701.121    -3.303    -3.48    2.51
  -7325.619    -3.327    -0.06    2.50
  -6950.100    -2.384     2.51    2.68
  -6574.565    -2.354     0.08    2.68
  -6199.013    -2.540    -0.49    2.64
  -5823.445    -2.959    -1.12    2.59
  -5447.861    -3.493    -1.42    2.41
  -5072.259    -2.946     1.46    2.48
  -4696.642    -1.703     3.31    2.63
  -4321.008    -0.699     2.67    2.01
  -3945.357    -0.222     1.27    1.73
  -3569.689    -0.290    -0.18    1.93
  -3194.006    -0.261     0.08    2.02
  -2818.305    -0.017     0.65    2.00
  -2442.588     0.111     0.34    1.70
  -2066.855     0.622     1.36    1.54
  -1691.105     0.669     0.12    1.37
  -1315.338     0.413    -0.68    1.42
   -939.555     0.064    -0.93    1.38
   -563.755     0.126     0.16    1.45
   -187.939     0.064    -0.16    1.62
    187.894    -0.040    -0.28    1.68
    563.743    -0.176    -0.36    1.48
    939.609    -0.085     0.24    1.30
   1315.492     0.087     0.46    1.38
   1691.391     0.087     0.00    1.40
   2067.307    -0.176    -0.70    1.36
   2443.240    -0.154     0.06    1.40
   2819.189    -0.168    -0.04    1.41
   3195.154    -0.006     0.43    1.39
   3571.137     0.366     0.99    1.42
   3947.135     1.054     1.83    1.89
   4323.151     1.078     0.06    2.11
   4699.183     1.846     2.04    2.17
   5075.232     2.018     0.46    2.00
   5451.297     1.937    -0.21    1.62
   5827.379     1.855    -0.22    1.23
   6203.478     1.832    -0.06    1.15
   6579.593     1.960     0.34    1.21
   6955.725     2.505     1.45    1.13
   7331.874     2.715     0.56    1.19
   7708.039     3.051     0.89    1.45
   8084.221     3.413     0.96    1.97
   8460.420     3.576     0.43    1.92
   8836.635     3.897     0.85    1.95
   9212.867     4.038     0.37    2.01
   9589.116     4.273     0.62    1.63
   9965.381     4.551     0.74    1.61
  10341.663     4.948     1.05    1.35
  10717.962     4.739    -0.56    1.48
  11094.277     5.096     0.95    1.50
  11470.609     5.599     1.34    1.97
  11846.958     6.111     1.36    2.34
  12223.324     6.892     2.08    2.29
  12599.706     7.878     2.62    2.35
  12976.105     7.715    -0.43    2.44
  13352.521     8.197     1.28    2.38
  13728.953     8.705     1.35    2.64
  14105.402     8.994     0.77    2.70
  14481.868     8.915    -0.21    2.40
  14858.351     9.250     0.89    2.50
  15234.850     9.134    -0.31    2.33
  15611.366     8.715    -1.11    2.83
  15987.899     8.087    -1.67    2.69
  16364.448     7.437    -1.73    2.46
  16741.015     6.801    -1.69    2.40
  17117.598     6.762    -0.10    2.81
  17494.198     7.030     0.71    2.48
  17870.814     7.959     2.47    2.49
  18247.448     9.483     4.05    3.07
  18624.098    11.599     5.62    4.36
  19000.765    14.596     7.96    5.45
  19377.449    18.250     9.70    6.44
  19754.149    22.142    10.33    6.72
  20130.867    26.250    10.91    7.25
  20507.601    29.622     8.95    8.06
  20884.352    32.301     7.11    7.54
  21261.120    33.971     4.43    7.17
  21637.904    36.041     5.49    7.15
  22014.706    40.626    12.17    7.82
  22391.524    46.715    16.16    7.41
  22768.359    51.119    11.69    6.00
  23145.211    53.064     5.16    5.11
  23522.079    54.801     4.61    4.34
  23898.965    56.887     5.54    4.43
  24275.867    58.778     5.02    5.38
  24652.787    61.551     7.36    5.06
  25029.723    64.971     9.07    4.97
  25406.676    68.649     9.76    4.46
  25783.645    71.459     7.45    4.60
  26160.632    75.642    11.09    5.82
  26537.635    80.007    11.58    5.80
  26914.656    85.005    13.26    7.05
  27291.693    90.911    15.66    6.80
  27668.747    95.316    11.68    7.34
  28045.818   100.018    12.47    6.43
  28422.906   103.245     8.56    6.05
  28800.011   107.460    11.18    6.28
  29177.133   111.005     9.40    6.82
  29553.851   114.134     8.30    7.70
  29927.652   119.292    13.80    7.77
  30301.470   123.180    10.40    7.77
  30675.305   129.392    16.62    8.80
  31049.156   134.078    12.54    8.99
  31423.023   139.762    15.20    9.74
  31796.908   144.838    13.58    9.44
  32170.809   147.530     7.20   11.40
  32544.726   150.210     7.17   11.34
  32918.660   154.180    10.62   10.91
  33292.611   158.892    12.60   11.00
  33666.578   161.864     7.95   10.50
  34040.562   165.948    10.92   10.74
  34414.563   171.301    14.31   14.79
  34788.580   174.599     8.82   16.52
  35162.614   181.572    18.64   16.99
  35536.665   190.064    22.70   16.66
  35910.732   196.739    17.84   20.39
  36284.816   205.411    23.18   19.28
  36658.916   212.529    19.03   20.97
  37033.033   217.119    12.27   22.22
  37407.167   220.005     7.72   19.43
  37781.318   223.483     9.29   19.43
  38155.485   220.901    -6.90   25.14
  38529.669   219.343    -4.16   31.25
  38903.870   222.528     8.51   39.38
  39278.087   224.392     4.98   41.78
  39652.321   211.157   -35.37   52.07
  40026.571   191.233   -53.24   57.08
  40400.839   170.005   -56.72   45.81
  40775.123   155.733   -38.13   26.14
  41149.423   157.483     4.68   15.70
  41523.741   165.553    21.56   15.83
  41898.075   171.413    15.66   16.64
  42272.426   171.715     0.81   19.71
  42646.794   170.715    -2.67   21.17
  43021.178   167.064    -9.75   22.45
  43395.579   164.727    -6.24   23.23
  43769.997   163.483    -3.32   21.13
  44144.431   165.064     4.22   20.87
  44518.883   168.255     8.52   20.23
  44893.351   175.869    20.33   21.25
  45267.836   182.165    16.81   20.63
  45642.337   187.390    13.95   21.68
  46016.855   190.366     7.95   24.66
  46391.391   194.710    11.60   22.38
  46765.942   198.840    11.03   17.33
  47140.511   199.551     1.90   13.81
  47515.096   199.051    -1.33   11.11
  47889.699   195.369    -9.83    8.76
  48264.318   191.739    -9.69    7.01
  48638.953   189.245    -6.66    5.75
  49013.606   189.642     1.06    6.16
  49388.275   189.762     0.32    6.05
  49762.961   191.892     5.69    5.71
  50137.664   194.785     7.72    4.57
  50512.384   196.733     5.20    4.05
  50887.121   199.096     6.31    4.24
  51261.874   202.102     8.02    3.96
  51636.644   205.096     7.99    3.83
  52011.431   208.018     7.79    4.05
  52386.235   211.227     8.56    4.14
  52761.056   215.483    11.35    5.75
  53135.894   217.572     5.57    6.32
  53510.748   220.301     7.28    6.89
  53885.619   222.092     4.78    6.02
  54260.507   225.415     8.86    8.35
  54635.412   232.119    17.88   13.14
  55010.334   240.602    22.63   16.71
  55385.273   257.297    44.53   20.02
  55760.229   274.180    45.03   21.02
  56135.201   296.346    59.12   28.83
  56510.190   315.245    50.40   30.54
  56885.196   334.574    51.55   30.45
  57260.220   355.087    54.70   31.39
  57635.259   368.030    34.51   30.76
  58010.316   374.937    18.42   29.93
  58385.390   378.578     9.71   31.15
  58760.481   384.233    15.08   28.49
  59135.588   395.180    29.19   32.16
  59510.713   406.250    29.51   32.23
  59885.854   410.832    12.21   30.60
  60261.013   404.255   -17.53   33.31
  60636.188   384.018   -53.95   37.75
  61011.380   353.336   -81.78   29.97
  61386.589   333.105   -53.92   35.37
  61761.815   315.673   -46.46   31.89
  62137.058   307.554   -21.64   29.75
  62512.318   311.483    10.47   32.48
  62887.595   326.983    41.31   39.18
  63262.889   344.665    47.12   39.06
  63638.199   363.721    50.78   34.28
  64013.527   377.134    35.74   35.11
  64388.872   382.064    13.14   34.18
  64764.233   383.935     4.98   28.92
  65139.612   381.846    -5.56   37.55
  65515.008   378.054   -10.10   45.05
  65890.420   372.238   -15.49   50.29
  66265.850   376.878    12.36   54.23
  66641.296   383.390    17.34   61.46
  67016.760   378.297   -13.57   59.69
  67392.240   370.551   -20.63   53.61
  67767.738   357.576   -34.56   34.12
  68143.253   353.971    -9.60   21.36
  68518.784   368.778    39.43   32.05
  68894.333   401.030    85.89   42.07
  69269.898   412.292    29.99   36.14
  69645.481   414.739     6.51   30.47
  70021.081   406.832   -21.05   30.52
  70396.697   402.301   -12.06   25.23
  70772.331   411.483    24.45   23.26
  71147.982   423.041    30.77   18.67
  71523.650   435.018    31.88   16.90
  71899.334   441.948    18.45   12.95
  72275.036   444.915     7.90   12.16
  72650.755   442.530    -6.35   16.51
  73026.491   440.772    -4.68   20.42
  73402.244   441.250     1.27   22.76
  73778.015   444.018     7.37   21.12
  74153.802   451.320    19.43   18.07
  74529.606   453.194     4.99   16.08
  74905.428   456.346     8.39   16.41
  75281.266   462.995    17.69   28.86
  75657.122   486.005    61.23   65.89
  76032.994   529.669   116.17   84.50
  76408.884   543.864    37.77   81.71
  76784.791   539.855   -10.67   73.65
  77160.715   504.387   -94.35   67.32
  77536.656   467.869   -97.15   39.91
  77912.614   451.553   -43.40   16.99
  78288.590   459.892    22.18   25.11
  78664.582   487.785    74.19   47.52
  79040.592   525.051    99.12   83.81
  79416.618   589.459   171.30  115.83
  79792.662   643.983   145.00  102.37
  80168.723   642.971    -2.69   93.77
  80544.801   603.576  -104.76   97.05
  80920.896   576.846   -71.08   76.22
  81297.009   592.343    41.21   84.15
  81673.139   626.715    91.39   76.20
  82049.285   632.005    14.07   61.52
  82425.449   611.816   -53.68   61.42
  82801.630   586.794   -66.52   34.69
  83177.829   577.227   -25.43   27.95
  83554.044   576.142    -2.88   28.38
  83930.277   578.622     6.59   27.88
  84306.526   614.959    96.58   85.71
  84682.793   689.078   197.00  116.18
  85059.078   743.087   143.54   92.09
  85435.379   767.460    64.77   62.41
  85811.698   759.869   -20.17   49.18
  86188.034   771.727    31.51   50.15
  86564.387   784.528    34.02   47.06
  86940.757   778.506   -16.00   53.88
  87317.144   748.915   -78.63   61.71
  87693.549   726.574   -59.36   42.34
  88069.971   741.801    40.46   52.61
  88446.410   788.599   124.33   70.30
  88822.866   832.483   116.58   47.09
  89199.340   826.096   -16.96   51.03
  89575.831   796.087   -79.71   63.03
  89952.339   749.665  -123.31   53.67
  90328.865   710.436  -104.19   41.34
  90705.407   683.960   -70.32   26.44
  91081.967   670.792   -34.97   17.50
  91458.544   659.883   -28.97   14.67
  91835.139   653.096   -18.02   14.51
  92211.751   644.596   -22.57   12.34
  92588.380   639.204   -14.32   11.83
  92965.026   632.948   -16.61   11.47
  93341.690   629.983    -7.87   10.28
  93718.370   628.869    -2.96    8.55
  94095.069   627.210    -4.40    8.07
  94471.784   623.892    -8.81    9.54
  94848.517   620.460    -9.11    9.13
  95225.267   617.864    -6.89    7.41
  95602.035   618.971     2.94    6.27
  95978.819   623.394    11.74    7.91
  96355.621   628.622    13.88    9.92
  96732.441   636.149    19.98   12.77
  97109.278   642.227    16.13   11.41
  97486.132   648.278    16.06   10.12
  97863.003   651.387     8.25    8.24
  98239.892   651.343    -0.12    7.08
  98616.798   654.692     8.89    8.22
  98993.721   657.755     8.13    9.15
  99370.662   664.327    17.44   10.63
  99747.620   673.361    23.97   17.94
 100124.596   679.459    16.18   17.44
 100501.589   686.824    19.54   15.42
 100878.599   690.832    10.63   16.28
 101255.627   699.576    23.19   20.36
 101632.672   706.364    18.00   18.34
 102009.734   712.642    16.65   15.32
 102386.814   713.697     2.80   15.85
 102763.912   721.733    21.31   20.26
 103141.026   741.816    53.26   35.43
 103518.158   754.434    33.46   32.21
 103895.308   759.619    13.75   29.02
 104272.475   752.408   -19.12   24.73
 104648.835   737.111   -40.65   14.18
 105022.582   727.210   -26.49    8.10
 105396.345   721.576   -15.08    7.43
 105770.126   715.483   -16.30    5.27
 106143.924   711.458   -10.77    4.78
 106517.739   708.096    -8.99    4.09
 106891.571   706.922    -3.14    4.48
 107265.420   714.768    20.99   16.32
 107639.286   729.051    38.21   24.34
 108013.170   742.111    34.93   23.67
 108387.070   753.320    29.98   18.20
 108760.988   752.602    -1.92   20.28
 109134.923   731.687   -55.94   31.57
 109508.875   713.721   -48.05   33.17
 109882.844   692.574   -56.55   23.41
 110256.830   679.142   -35.92    7.61
 110630.833   675.911    -8.64    5.98
 111004.854   672.622    -8.79    3.93
 111378.891   671.840    -2.09    3.24
 111752.946   673.416     4.21    3.96
 112127.018   675.316     5.08    4.18
 112501.107   677.165     4.94    3.08
 112875.213   678.111     2.53    2.87
 113249.337   678.227     0.31    2.74
 113623.478   678.960     1.96    2.70
 113997.636   680.292     3.56    3.35
 114371.811   682.661     6.33    3.41
 114746.003   685.054     6.40    2.91
 115120.212   688.005     7.89    4.29
 115494.439   690.529     6.74    4.47
 115868.683   693.576     8.14    5.71
 116242.944   697.096     9.41    8.22
 116617.222   700.387     8.79   10.95
 116991.518   702.551     5.78   12.36
 117365.830   705.278     7.29   12.94
 117740.160   708.878     9.62   12.10
 118114.508   715.051    16.49   14.88
 118488.872   721.415    17.00   13.28
 118863.254   726.278    12.99   10.14
 119237.653   729.507     8.62    9.33
 119612.069   732.528     8.07    7.85
 119986.502   736.327    10.15    7.89
 120360.953   742.832    17.37   11.59
 120735.421   752.687    26.32   15.20
 121109.906   762.646    26.59   15.61
 121484.409   775.301    33.80   17.33
 121858.929   790.507    40.60   22.08
 122233.466   801.710    29.92   21.24
 122608.020   814.794    34.94   17.65
 122982.592   822.051    19.38   22.18
 123357.180   851.238    77.93   62.41
 123731.787   904.925   143.33  103.97
 124106.410   980.994   203.08  115.56
 124481.051  1072.483   244.23  114.26
 124855.709  1173.551   269.79  125.94
 125230.385  1256.438   221.25  135.72
 125605.077  1329.715   195.59  134.36
 125979.788  1389.616   159.88  136.87
 126354.515  1432.622   114.78  130.89
 126729.260  1467.642    93.46  101.76
 127104.022  1460.221   -19.80   85.51
 127478.801  1388.983  -190.10  134.17
 127853.598  1281.187  -287.64  162.00
 128228.412  1171.971  -291.42  149.38
 128603.244  1066.846  -280.49  100.37
 128978.093  1004.994  -165.02   70.39
 129352.959   954.051  -135.91   50.36
 129727.842   920.297   -90.05   41.29
 130102.743   889.436   -82.33   35.53
 130477.662   867.028   -59.77   31.40
 130852.597   849.551   -46.62   19.46
 131227.550   838.460   -29.58    5.56
 131602.521   834.983    -9.27    3.62
 131977.509   832.665    -6.18    2.54
 132352.514   832.083    -1.55    2.82
 132727.537   833.739     4.42    4.11
 133102.577   836.460     7.26    4.94
 133477.634   840.320    10.29    5.52
 133852.709   844.937    12.31    5.64
 134227.801   849.840    13.07    6.26
 134602.911   857.041    19.20   10.47
 134978.038   871.305    38.03   23.69
 135353.183   887.687    43.67   28.52
 135728.345   909.210    57.38   25.60
 136103.524   922.506    35.44   17.74
 136478.721   944.572    58.82   39.62
 136853.935   966.268    57.83   72.48
 137229.167   967.824     4.15   80.87
 137604.417   958.142   -25.80   75.29
 137979.683   943.669   -38.57   53.15
 138354.967   923.165   -54.64   17.37
 138730.269   915.697   -19.90   20.69
 139105.588   917.194     3.99   28.63
 139480.925   935.087    47.68   56.19
 139856.279   972.233    98.97   74.06
 140231.650  1028.483   149.87   75.83
 140607.039  1073.392   119.65   67.31
 140982.446  1090.572    45.77   56.78
 141357.870  1068.800   -58.00   78.20
 141733.312  1006.824  -165.10   90.92
 142108.771   935.861  -189.03   61.82
 142484.247   900.576   -93.99   38.92
 142859.741   876.554   -63.98   20.60
 143235.253   865.925   -28.31    7.41
 143610.782   861.261   -12.42    3.83
 143986.329   859.173    -5.56    2.73
 144361.893   858.528    -1.72    2.20
 144737.475   858.551     0.06    1.95
 145113.074   859.180     1.68    2.33
 145488.691   859.948     2.04    2.76
 145864.325   860.792     2.25    3.06
 146239.977   862.278     3.96    3.22
 146615.647   863.530     3.33    3.35
 146991.334   864.324     2.11    3.75
 147367.039   865.554     3.28    3.70
 147742.761   866.434     2.34    3.38
 148118.501   867.460     2.73    3.34
 148494.258   868.483     2.72    3.31
 148870.033   870.016     4.08    3.03
 149245.825   871.925     5.08    3.49
 149621.636   873.785     4.95    4.50
 149997.463   878.078    11.42    8.01
 150373.309   881.758     9.79    9.35
 150749.172   884.937     8.46    8.39
 151125.052   886.958     5.38    7.10
 151500.951   887.785     2.20    4.63
 151876.866   888.278     1.31    2.97
 152252.800   890.390     5.62    2.78
 152628.751   892.892     6.66    3.05
 153004.720   895.190     6.11    3.30
 153380.706   898.324     8.34    3.92
 153756.710   901.507     8.47    3.95
 154132.732   904.528     8.04    4.41
 154508.771   907.238     7.21    3.74
 154884.828   909.166     5.13    3.58
 155260.902   912.369     8.52    5.62
 155636.995   916.708    11.54    8.05
 156013.105   924.801    21.52   13.41
 156389.232   933.878    24.14   16.29
 156765.378   943.551    25.72   19.38
 157141.541   950.576    18.68   20.02
 157517.721   954.790    11.21   19.45
 157893.920   958.528     9.94   19.92
 158270.136   969.653    29.58   33.79
 158646.369   986.710    45.34   45.49
 159022.621  1000.505    36.67   47.31
 159398.890  1013.506    34.56   50.91
 159775.177  1000.301   -35.10   41.02
 160151.482   993.641   -17.70   34.57
 160527.804   987.028   -17.57   26.13
 160904.144   984.855    -5.78   16.35
 161280.502   992.461    20.21   21.97
 161656.877  1001.105    22.97   26.74
 162033.270  1009.971    23.56   25.78
 162409.682  1016.324    16.88   24.90
 162786.110  1015.944    -1.01   17.38
 163162.557  1021.415    14.53   17.86
 163539.021  1027.960    17.39   18.42
 163915.503  1038.018    26.72   31.61
 164292.003  1049.594    30.75   41.11
 164668.520  1082.033    86.17   68.12
 165045.056  1144.210   165.15  113.89
 165421.609  1256.733   298.87  155.64
 165798.180  1391.320   357.45  163.42
 166174.769  1514.096   326.07  138.21
 166551.375  1606.221   244.65   83.09
 166927.999  1636.824    81.27   41.36
 167304.641  1617.458   -51.42   54.54
 167681.301  1572.324  -119.85   75.24
 168057.979  1502.832  -184.51   81.76
 168434.675  1457.187  -121.19   67.09
 168811.388  1469.018    31.41   75.93
 169188.119  1509.183   106.63   80.42
 169564.868  1507.301    -5.00   82.51
 169941.635  1431.530  -201.14  156.16
 170318.420  1328.792  -272.71  160.02
 170695.222  1219.392  -290.38  112.03
 171072.042  1152.808  -176.73   41.73
 171448.881  1129.526   -61.79   17.11
 171825.737  1116.245   -35.25   13.00
 172202.611  1107.596   -22.95    9.96
 172579.502  1100.390   -19.12    7.81
 172956.412  1096.483   -10.37    6.04
 173333.340  1093.983    -6.63    3.84
 173710.285  1094.459     1.26    4.05
 174087.248  1098.119     9.71    6.20
 174464.230  1104.971    18.18   10.68
 174841.229  1123.892    50.20   38.49
 175218.246  1160.710    97.67   66.04
 175595.280  1209.596   129.68   78.10
 175972.333  1275.710   175.37  105.88
 176349.404  1350.715   198.95  121.48
 176726.492  1422.142   189.45  102.88
 177103.599  1479.437   151.96   55.97
 177480.723  1474.210   -13.86   51.15
 177857.866  1438.028   -95.95   73.89
 178235.026  1385.392  -139.58   73.45
 178612.204  1337.187  -127.82   43.80
 178989.400  1310.574   -70.57   21.37
 179366.615  1297.971   -33.41   13.34
 179742.614  1290.165   -20.77    9.17
 180116.299  1291.599     3.84   14.22
 180490.002  1291.622     0.06   17.26
 180863.723  1290.238    -3.70   18.90
 181237.461  1296.064    15.59   32.17
 181611.217  1266.038   -80.35   66.04
 181984.991  1221.087  -120.28   97.93
 182358.782  1172.869  -129.02   95.60
 182732.590  1118.077  -146.60   40.83
