# NaN NaN NaN ;Mean Elev.(m), Avg Gradient(m/km), RMS Gradient(m/km) - SRTM1     
#  165.755   0.220   0.861 ;Mean Elev.(m), Avg Gradient(m/km), RMS Gradient(m/km) - ASTER GDEM
#  160.207   0.310   1.002 ;Mean Elev.(m), Avg Gradient(m/km), RMS Gradient(m/km) - GMTED2010 
  7  70.933915  31.667479   165.903   165.889  4 52471.70500370 46.502
  8  70.936653  31.670116   159.005   159.010  5 52506.70498142 45.005
  9  70.938441  31.670443   165.109   165.093  3 52541.70496362 40.180
 10  70.933068  31.664758   164.346   164.355  5 52576.70501159 44.088
 11  70.936588  31.669294   164.728   164.782  5 52611.70497521 42.563
 12  70.935997  31.668471   163.326   163.586  5 52646.70496107 25.143
 15  70.930836  31.658296   165.244   165.235  4 52751.70501294 50.815
 16  70.931913  31.663093   165.886   165.868  5 52786.70495844 51.374
 17  70.933964  31.664015   166.010   165.926  5 52821.70503173 50.624
 18  70.936709  31.669928   166.824   166.818  4 52856.70508009 43.300
 19  70.933886  31.664005   165.553   165.476  5 52891.70511139 46.353
 20  70.937744  31.670802   165.035   165.030  4 52926.70506476 43.914
 21  70.940283  31.671552   164.818   164.818  3 52961.70503295 46.344
 22  70.934325  31.667247   164.423   164.417  4 52996.70507333 42.916
 23  70.938635  31.669740   164.236   164.246  3 53031.70503409 42.177
 24  70.938652  31.669743   164.525   164.505  4 53066.70504304 44.672
 25  70.936655  31.669130   163.842   163.774  5 53101.70503986 41.785
 26  70.939277  31.670521   165.179   165.186  3 53136.70504552 46.424
 27  70.934234  31.664522   165.863   165.833  5 53171.70509448 47.070
 28  70.935402  31.667777   165.544   165.583  5 53206.70510876 35.192
 29  70.940736  31.674022   165.418   165.418  2 53241.70507738 43.888
 30  70.933559  31.665034   164.819   164.738  5 53276.70504722 46.292
 31  70.933911  31.665184   164.457   164.399  5 53311.70508608 45.512
 32  70.938693  31.670290   164.301   164.232  3 53346.70505272 40.576
 33  70.934968  31.666810   163.534   163.565  5 53381.70501230 36.364
 34  70.942362  31.673659   164.826   164.826  2 53416.70503154 44.396
 35  70.933685  31.667747   165.543   165.528  4 53451.70502920 47.067
 36  70.930834  31.658003   164.974   164.985  4 53486.70511279 42.257
 37  70.938515  31.671153   165.554   165.566  3 53521.70510763 44.690
 38  70.931292  31.663710   166.205   166.237  5 53556.70513083 44.173
 40  70.930071  31.651681   165.591   165.591  2 53626.70505489 40.518
 41  70.933541  31.666088   164.688   164.712  4 53661.70508297 50.985
 42  70.938378  31.670117   164.842   164.826  3 53696.70505134 44.910
 43  70.943480  31.673265   163.906   163.906  2 53731.70497451 36.774
 44  70.940398  31.672017   163.764   163.766  3 53766.70494747 37.384
 45  70.942072  31.675149   164.518   164.518  2 53801.70494936 35.370
 46  70.933727  31.665761   164.193   164.224  5 53836.70495669 46.077
 47  70.935621  31.667994   165.650   165.670  5 53871.70501182 28.790
 48  70.933352  31.664020   165.653   165.625  5 53906.70505052 48.959
 49  70.929907  31.657664   165.411   165.420  4 53941.70507768 32.721
 50  70.936993  31.670459   166.291   166.282  4 53976.70503439 38.618
 51  70.934350  31.666542   165.610   165.601  4 54011.70503731 51.538
 52  70.941141  31.673710   165.133   165.133  2 54046.70505124 50.078
 54  70.941041  31.671253   163.832   163.832  2 54116.70497619 44.887
 55  70.935195  31.669756   164.724   164.703  5 54151.70499475 49.077
 56  70.940220  31.672101   165.113   165.113  2 54186.70496890 46.830
 57  70.934273  31.667283   165.629   165.606  4 54221.70500391 52.194
 58  70.936369  31.669919   166.131   166.130  4 54256.70502745 41.174
 59  70.938153  31.670237   166.060   166.059  4 54291.70502917 43.432
 60  70.939850  31.669120   166.031   166.045  3 54326.70502580 45.601
 61  70.941235  31.671646   165.400   165.400  2 54361.70497709 47.964
 62  70.937472  31.669781   164.724   164.745  4 54396.70496580 51.906
 63  70.940742  31.672509   164.648   164.608  3 54431.70492693 49.071
 64  70.936796  31.670127   163.108   163.112  4 54466.70494697 48.029
 65  70.939849  31.670392   163.984   164.004  3 54501.70494052 51.960
 66  70.938630  31.670048   164.512   164.512  4 54536.70496205 52.422
 67  70.940797  31.671303   165.605   165.605  2 54571.70494286 27.103
 68  70.936235  31.669298   165.758   165.770  4 54606.70495609 49.294
 69  70.937105  31.670140   166.059   166.079  4 54641.70496506 45.095
 70  70.936045  31.668158   165.600   165.598  5 54676.70496681 47.622
 71  70.941461  31.673173   165.242   165.248  3 54711.70492255 50.063
 72  70.935953  31.667596   164.732   164.734  5 54746.70493487 36.350
 73  70.939750  31.669145   164.765   164.765  3 54781.70490691 50.013
 74  70.936286  31.668002   163.746   163.735  5 54816.70492780 44.609
 75  70.939792  31.669031   163.485   163.593  3 54851.70490512 49.488
 76  70.935734  31.667964   164.563   164.581  5 54886.70493184 50.714
 77  70.939796  31.669305   164.594   164.562  3 54921.70490577 51.941
 78  70.934920  31.666998   165.218   165.224  5 54956.70492824 43.150
 79  70.934616  31.667506   165.748   165.741  4 54991.70495133 48.331
 80  70.938666  31.670450   165.605   165.603  4 55026.70494229 50.185
 81  70.937573  31.669876   166.239   166.246  4 55061.70493558 42.548
 82  70.940357  31.671351   165.341   165.341  2 55096.70488478 49.066
 83  70.936159  31.668433   164.214   164.199  5 55131.70487784 46.693
 84  70.940202  31.669606   164.440   164.503  3 55166.70484634 50.835
 85  70.935798  31.667762   163.280   163.272  5 55201.70487018 44.023
 86  70.939349  31.669568   164.210   164.204  3 55236.70485302 45.558
 87  70.937102  31.669793   164.688   164.686  4 55271.70486452 49.774
 88  70.940750  31.674163   164.679   164.679  2 55306.70483608 28.995
 89  70.937457  31.669858   165.509   165.524  4 55341.70483520 49.831
 90  70.939017  31.670237   165.920   165.936  4 55376.70482818 47.351
 91  70.936904  31.668917   166.187   166.240  5 55411.70485137 33.664
 92  70.938413  31.670766   165.749   165.744  4 55446.70484367 48.204
 93  70.942630  31.672597   165.239   165.239  2 55481.70477519 47.176
