# NaN NaN NaN ;Mean Elev.(m), Avg Gradient(m/km), RMS Gradient(m/km) - SRTM1     
#  200.296  -0.195   3.562 ;Mean Elev.(m), Avg Gradient(m/km), RMS Gradient(m/km) - ASTER GDEM
#  196.379  -0.310   1.981 ;Mean Elev.(m), Avg Gradient(m/km), RMS Gradient(m/km) - GMTED2010 
  8   196.959 52487.70316039 39.95  71.415433  32.536374 41.530
  8   197.178 52487.70316103 38.10  71.414503  32.539664 41.530
  8   197.242 52487.70316167 43.25  71.413583  32.542944 41.530
  8   197.223 52487.70316232 53.33  71.412653  32.546224 41.530
  8   197.227 52487.70316296 53.50  71.411723  32.549504 41.530
  9   198.869 52522.70313263 51.70  71.414128  32.538587 46.593
  9   198.984 52522.70313327 48.06  71.413198  32.541867 46.593
  9   198.965 52522.70313392 52.23  71.412278  32.545147 46.593
  9   198.987 52522.70313456 55.57  71.411348  32.548427 46.593
  9   199.005 52522.70313521 49.35  71.410428  32.551717 46.593
 12   194.942 52627.70310035 28.73  71.415599  32.540014 47.449
 12   194.898 52627.70310099 32.12  71.414669  32.543294 47.449
 12   194.851 52627.70310164 46.12  71.413739  32.546574 47.449
 12   194.883 52627.70310228 53.92  71.412819  32.549854 47.449
 13   196.726 52662.70314507 33.61  71.408309  32.548468 45.906
 13   196.606 52662.70314571 29.59  71.407379  32.551748 45.906
 13   196.592 52662.70314636 30.50  71.406449  32.555028 45.906
 14   195.992 52697.70312096 39.68  71.409661  32.544875 33.148
 14   196.610 52697.70312160 30.79  71.408741  32.548155 33.148
 14   196.641 52697.70312225 27.69  71.407811  32.551445 33.148
 14   196.641 52697.70312289 27.82  71.406881  32.554725 33.148
 16   196.342 52767.70315104 39.98  71.410037  32.546108 30.365
 16   196.810 52767.70315168 33.91  71.409117  32.549398 30.365
 16   196.559 52767.70315233 32.25  71.408187  32.552678 30.365
 18   198.939 52837.70322921 45.56  71.409906  32.544829 44.107
 18   198.998 52837.70322985 46.35  71.408986  32.548119 44.107
 18   199.089 52837.70323050 42.65  71.408056  32.551399 44.107
 19   198.615 52872.70326776 39.09  71.413016  32.537194 40.222
 19   198.552 52872.70326840 35.85  71.412096  32.540474 40.222
 19   198.814 52872.70326905 38.27  71.411166  32.543754 40.222
 19   198.875 52872.70326969 41.58  71.410246  32.547044 40.222
 19   198.895 52872.70327034 40.05  71.409316  32.550324 40.222
 20   197.580 52907.70325531 41.71  71.416030  32.540870 43.925
 20   197.767 52907.70325595 40.38  71.415100  32.544150 43.925
 20   197.974 52907.70325660 42.07  71.414180  32.547430 43.925
 20   198.040 52907.70325724 45.69  71.413250  32.550710 43.925
 21   197.051 52942.70318157 34.14  71.414982  32.538553 47.892
 21   197.048 52942.70318221 39.98  71.414052  32.541833 47.892
 21   197.074 52942.70318286 51.27  71.413122  32.545123 47.892
 21   197.083 52942.70318350 53.07  71.412202  32.548403 47.892
 23   196.718 53012.70324154 29.80  71.407224  32.549452 39.262
 23   196.742 53012.70324218 26.94  71.406294  32.552732 39.262
 23   196.725 53012.70324283 27.02  71.405364  32.556012 39.262
 24   197.028 53047.70321051 40.37  71.404798  32.551865 43.415
 24   196.940 53047.70321116 37.94  71.403868  32.555145 43.415
 29   198.306 53222.70327038 50.00  71.415752  32.536712 48.967
 29   198.356 53222.70327102 48.66  71.414822  32.539992 48.967
 29   198.462 53222.70327167 46.46  71.413902  32.543272 48.967
 29   198.553 53222.70327231 49.46  71.412972  32.546552 48.967
 29   198.597 53222.70327296 54.34  71.412052  32.549842 48.967
 30   197.839 53257.70324811 38.39  71.408893  32.545948 39.600
 30   197.923 53257.70324875 41.29  71.407973  32.549238 39.600
 30   197.921 53257.70324940 41.13  71.407043  32.552518 39.600
 30   197.989 53257.70325004 45.74  71.406123  32.555798 39.600
 32   196.034 53327.70323982 34.97  71.414773  32.539631 46.425
 32   196.124 53327.70324047 40.64  71.413853  32.542911 46.425
 32   196.213 53327.70324111 49.76  71.412923  32.546191 46.425
 32   196.279 53327.70324176 49.13  71.412003  32.549481 46.425
 34   196.657 53397.70321863 37.47  71.405285  32.551200 48.478
 34   196.659 53397.70321928 31.61  71.404355  32.554480 48.478
 36   197.606 53467.70324665 44.49  71.404523  32.551731 40.148
 36   197.264 53467.70324730 47.53  71.403593  32.555011 40.148
 38   198.223 53537.70328883 44.19  71.412435  32.538419 41.445
 38   198.379 53537.70329012 48.93  71.410585  32.544979 41.445
 38   198.454 53537.70329077 49.48  71.409665  32.548269 41.445
 38   198.529 53537.70329141 47.70  71.408735  32.551549 41.445
 39   198.367 53572.70329411 50.77  71.404976  32.552063 41.926
 39   198.814 53572.70329475 50.29  71.404046  32.555343 41.926
 40   198.703 53607.70324010 49.63  71.415919  32.537477 46.843
 40   198.726 53607.70324074 48.25  71.414989  32.540757 46.843
 40   198.768 53607.70324139 45.57  71.414069  32.544037 46.843
 40   198.805 53607.70324203 47.99  71.413139  32.547317 46.843
 40   198.846 53607.70324268 51.16  71.412219  32.550607 46.843
 45   196.459 53782.70313316 31.93  71.415992  32.541731 50.138
 45   196.544 53782.70313381 37.30  71.415072  32.545011 50.138
 45   196.571 53782.70313445 47.29  71.414142  32.548291 50.138
 45   196.621 53782.70313510 51.58  71.413222  32.551581 50.138
 51   198.543 53992.70317010 46.66  71.406685  32.549861 51.103
 51   198.565 53992.70317075 45.35  71.405756  32.553151 43.612
 52   197.045 54027.70323200 32.66  71.408130  32.547383 40.988
 52   197.233 54027.70323265 32.71  71.407200  32.550673 40.988
 52   197.163 54027.70323329 34.37  71.406280  32.553953 40.988
 54   196.900 54097.70319327 34.11  71.414973  32.539275 49.944
 54   197.054 54097.70319391 44.72  71.414043  32.542555 49.944
 54   197.103 54097.70319455 52.38  71.413123  32.545835 49.944
 54   197.037 54097.70319520 51.77  71.412193  32.549115 49.944
 56   196.203 54167.70316648 38.96  71.413564  32.536919 43.160
 56   196.229 54167.70316713 51.71  71.412634  32.540199 43.160
 56   196.237 54167.70316777 51.27  71.411714  32.543479 43.160
 56   196.268 54167.70316842 38.03  71.410784  32.546759 43.160
 56   196.419 54167.70316906 38.72  71.409864  32.550049 43.160
 57   198.054 54202.70315227 47.16  71.405602  32.550770 47.988
 57   198.068 54202.70315292 46.57  71.404672  32.554050 47.988
 58   198.432 54237.70318643 54.22  71.411235  32.542939 46.718
 58   198.462 54237.70318708 47.60  71.410305  32.546219 46.718
 58   198.503 54237.70318772 51.85  71.409385  32.549509 46.718
 58   198.560 54237.70318837 47.19  71.408455  32.552789 46.718
 59   198.148 54272.70320462 39.31  71.413276  32.538923 39.769
 59   198.251 54272.70320526 40.01  71.412356  32.542203 39.769
 59   198.285 54272.70320591 45.50  71.411426  32.545483 39.769
 59   198.378 54272.70320655 48.51  71.410506  32.548773 39.769
 59   198.480 54272.70320720 40.08  71.409576  32.552053 39.769
 60   198.992 54307.70320646 45.56  71.412362  32.538708 42.232
 60   199.111 54307.70320775 45.95  71.410512  32.545268 42.232
 60   199.175 54307.70320840 47.71  71.409592  32.548558 42.232
 60   199.241 54307.70320904 48.17  71.408662  32.551838 42.232
 61   198.820 54342.70318603 46.62  71.415866  32.540188 44.453
 61   198.881 54342.70318667 48.45  71.414946  32.543468 44.453
 61   198.941 54342.70318731 45.15  71.414016  32.546748 44.453
 61   198.991 54342.70318796 49.94  71.413096  32.550038 44.453
 62   198.170 54377.70314349 40.52  71.408117  32.547683 43.620
 62   198.148 54377.70314414 38.18  71.407197  32.550973 43.620
 62   198.177 54377.70314478 46.15  71.406267  32.554253 43.620
 64   197.052 54447.70310962 34.97  71.405968  32.550430 38.134
 64   197.090 54447.70311026 27.38  71.405048  32.553710 38.134
 66   196.161 54517.70312287 31.84  71.408240  32.547865 42.287
 66   196.545 54517.70312351 29.83  71.407320  32.551145 42.287
 66   196.220 54517.70312416 29.22  71.406390  32.554435 42.287
 67   195.902 54552.70313845 39.69  71.414310  32.539303 44.414
 67   195.966 54552.70313910 49.87  71.413390  32.542593 44.414
 67   195.965 54552.70313974 52.77  71.412460  32.545873 44.414
 67   195.983 54552.70314039 46.38  71.411540  32.549153 44.414
 68   196.664 54587.70311901 34.99  71.408796  32.547931 41.714
 68   196.789 54587.70311966 36.89  71.407876  32.551211 41.714
 68   196.924 54587.70312030 36.15  71.406946  32.554501 41.714
 69   198.201 54622.70313508 39.47  71.412616  32.538113 38.262
 69   198.344 54622.70313637 46.86  71.410766  32.544683 38.262
 69   198.372 54622.70313701 46.64  71.409836  32.547963 38.262
 69   198.422 54622.70313766 40.00  71.408916  32.551253 38.262
 70   199.051 54657.70314601 46.62  71.408391  32.546715 47.544
 70   199.089 54657.70314665 49.85  71.407461  32.549995 47.544
 70   199.124 54657.70314730 47.90  71.406541  32.553275 47.544
 70   199.148 54657.70314794 51.63  71.405611  32.556565 47.544
 71   199.106 54692.70312653 44.64  71.414368  32.536362 45.372
 71   199.115 54692.70312717 45.21  71.413438  32.539642 45.372
 71   199.164 54692.70312781 51.25  71.412518  32.542932 45.372
 71   199.212 54692.70312846 51.12  71.411588  32.546212 45.372
 71   199.253 54692.70312910 47.73  71.410658  32.549492 45.372
 72   197.949 54727.70309943 40.74  71.408287  32.547483 37.094
 72   197.958 54727.70310007 41.09  71.407367  32.550763 37.094
 72   198.116 54727.70310072 47.11  71.406437  32.554053 37.094
 73   197.445 54762.70310547 36.36  71.409891  32.545678 41.363
 73   197.370 54762.70310612 35.90  71.408961  32.548958 41.363
 73   197.422 54762.70310676 37.29  71.408041  32.552238 41.363
 74   197.256 54797.70309298 44.21  71.404590  32.551098 43.551
 74   196.920 54797.70309363 31.78  71.403660  32.554388 43.551
 75   196.980 54832.70309555 38.13  71.410404  32.545581 47.319
 75   196.920 54832.70309619 30.97  71.409474  32.548861 47.319
 75   196.974 54832.70309683 35.89  71.408554  32.552151 47.319
 76   196.553 54867.70308835 29.56  71.407604  32.547326 40.309
 76   196.666 54867.70308899 28.97  71.406684  32.550606 40.309
 76   196.703 54867.70308964 29.35  71.405754  32.553896 40.309
 77   196.076 54902.70310387 52.75  71.412543  32.538983 44.789
 77   196.190 54902.70310516 37.07  71.410693  32.545553 44.789
 77   196.164 54902.70310580 35.47  71.409773  32.548833 44.789
 77   196.160 54902.70310645 35.89  71.408843  32.552123 44.789
 78   198.098 54937.70307885 35.65  71.408447  32.548389 47.595
 78   198.026 54937.70307949 37.12  71.407517  32.551669 47.595
 78   197.899 54937.70308014 43.02  71.406597  32.554949 47.595
 79   198.690 54972.70311116 46.67  71.409014  32.547271 47.161
 79   198.708 54972.70311181 42.36  71.408094  32.550551 47.161
 79   198.720 54972.70311245 50.57  71.407164  32.553841 47.161
 80   197.975 55007.70312753 37.35  71.408831  32.547946 29.874
 80   198.117 55007.70312817 37.59  71.407901  32.551226 29.874
 80   198.108 55007.70312881 45.82  71.406981  32.554516 29.874
 81   198.515 55042.70311474 40.42  71.412679  32.538741 38.191
 81   198.638 55042.70311603 42.53  71.410829  32.545311 38.191
 81   198.706 55042.70311668 46.48  71.409899  32.548591 38.191
 81   198.946 55042.70311732 45.13  71.408969  32.551871 38.191
 82   198.750 55077.70309391 36.67  71.414200  32.539360 34.756
 82   198.782 55077.70309456 36.19  71.413280  32.542650 34.756
 82   198.974 55077.70309520 38.66  71.412350  32.545930 34.756
 82   199.028 55077.70309585 40.39  71.411430  32.549210 34.756
 83   197.452 55112.70304905 38.64  71.408331  32.548324 40.051
 83   197.483 55112.70304970 38.82  71.407411  32.551614 40.051
 83   197.580 55112.70305034 43.29  71.406481  32.554894 40.051
 84   197.040 55147.70304937 39.04  71.409406  32.545130 45.156
 84   196.921 55147.70305001 35.66  71.408476  32.548410 45.156
 84   196.997 55147.70305066 36.24  71.407556  32.551690 45.156
 84   197.095 55147.70305130 38.62  71.406626  32.554980 45.156
 85   197.079 55182.70303028 39.17  71.405559  32.550867 49.225
 85   197.010 55182.70303093 32.94  71.404629  32.554157 49.225
 86   196.286 55217.70304536 52.80  71.412188  32.539765 42.860
 86   196.328 55217.70304600 38.79  71.411258  32.543055 42.860
 86   196.293 55217.70304665 32.55  71.410338  32.546335 42.860
 86   196.314 55217.70304729 33.28  71.409408  32.549615 42.860
 86   196.438 55217.70304794 36.54  71.408488  32.552905 42.860
 87   196.361 55252.70302490 31.99  71.409920  32.544856 43.761
 87   196.363 55252.70302554 32.05  71.408990  32.548136 43.761
 87   196.421 55252.70302619 30.82  71.408070  32.551416 43.761
 88   196.347 55287.70303625 43.57  71.413645  32.539015 41.389
 88   196.227 55287.70303689 52.90  71.412725  32.542305 41.389
 88   196.325 55287.70303754 43.45  71.411795  32.545585 41.389
 88   196.446 55287.70303818 41.63  71.410875  32.548865 41.389
 89   197.320 55322.70301460 37.84  71.408052  32.547807 40.071
 89   197.477 55322.70301525 36.08  71.407132  32.551087 40.071
 89   197.599 55322.70301589 38.34  71.406202  32.554377 40.071
 90   197.864 55357.70301287 44.08  71.410187  32.544951 31.750
 90   198.340 55357.70301352 39.83  71.409257  32.548231 31.750
 90   197.997 55357.70301416 39.89  71.408337  32.551521 31.750
 91   199.260 55392.70301612 46.97  71.407258  32.548868 44.484
 91   199.293 55392.70301676 50.92  71.406328  32.552158 44.484
 91   199.367 55392.70301741 47.46  71.405408  32.555438 44.484
 92   197.904 55427.70302734 31.67  71.413638  32.535765 18.058
 92   197.914 55427.70302799 35.04  71.412708  32.539045 18.058
 92   197.981 55427.70302863 36.47  71.411788  32.542335 18.058
 92   198.049 55427.70302928 33.43  71.410858  32.545615 18.058
 92   198.060 55427.70302992 31.36  71.409928  32.548895 18.058
 92   198.051 55427.70303057 30.22  71.409008  32.552185 18.058
 93   197.807 55462.70299269 51.23  71.416501  32.540368 42.736
 93   197.831 55462.70299334 53.38  71.415571  32.543648 42.736
 93   197.824 55462.70299398 55.00  71.414651  32.546938 42.736
 93   197.819 55462.70299463 51.14  71.413721  32.550218 42.736
