-321178.548   164.322     0.00    3.63
-320801.746   164.822     1.33    3.15
-320424.929   165.451     1.67    2.70
-320048.097   165.370    -0.21    2.12
-319671.250   165.079    -0.77    1.81
-319294.388   164.681    -1.05    1.46
-318917.511   164.141    -1.43    1.98
-318540.619   164.112    -0.08    2.12
-318163.712   164.859     1.98    2.27
-317786.791   164.811    -0.13    2.58
-317409.854   165.176     0.97    2.41
-317032.903   165.118    -0.15    2.58
-316657.758   165.138     0.05    2.48
-316283.739   165.727     1.57    3.23
-315909.705   167.090     3.64    4.05
-315535.656   168.322     3.29    4.94
-315161.593   168.870     1.46    4.67
-314787.515   171.597     7.29    5.77
-314413.422   174.253     7.10    6.48
-314039.315   178.248    10.68    6.15
-313665.193   182.225    10.63    6.71
-313291.056   185.253     8.09    7.26
-312916.904   189.108    10.30    9.96
-312542.738   194.370    14.06   14.58
-312168.557   195.113     1.99   14.02
-311794.361   195.176     0.17   14.20
-311420.151   192.608    -6.86   13.36
-311045.926   189.160    -9.21    7.92
-310671.686   189.113    -0.12    7.93
-310297.431   191.229     5.65   12.82
-309923.162   190.299    -2.48   11.99
-309548.878   189.989    -0.83   12.11
-309174.579   188.176    -4.84    9.95
-308800.265   185.835    -6.25    1.99
-308425.937   185.680    -0.41    1.72
-308051.594   185.703     0.06    1.96
-307677.236   186.640     2.50    4.33
-307302.863   187.648     2.69    5.34
-306928.476   187.180    -1.25    5.62
-306554.074   186.465    -1.91    6.20
-306179.657   185.176    -3.44    5.82
-305805.225   183.561    -4.31    4.04
-305430.778   182.444    -2.98    3.48
-305056.317   181.227    -3.25    3.18
-304681.841   181.703     1.27    3.56
-304307.350   183.798     5.59    5.03
-303932.844   185.118     3.52    5.70
-303558.324   186.938     4.86    5.65
-303183.789   186.846    -0.24    5.32
-302809.238   186.822    -0.06    4.80
-302434.674   186.555    -0.71    4.26
-302060.094   185.857    -1.86    3.61
-301685.499   185.244    -1.64    3.65
-301310.890   184.095    -3.06    3.58
-300936.266   183.998    -0.26    3.35
-300561.626   185.436     3.84    3.93
-300186.973   188.489     8.15    4.57
-299812.304   190.194     4.55    4.46
-299437.620   190.391     0.52    4.50
-299062.922   189.938    -1.21    4.67
-298688.209   190.084     0.39    5.62
-298313.480   192.671     6.90    7.96
-297938.737   200.561    21.05   17.82
-297563.980   205.709    13.73   19.21
-297189.207   205.964     0.68   20.59
-296814.419   199.959   -16.02   21.90
-296439.617   187.370   -33.58    8.57
-296064.800   182.950   -11.79    7.24
-295689.967   179.132   -10.18    6.97
-295315.120   176.673    -6.56    6.40
-294940.258   176.118    -1.48    7.20
-294565.381   175.597    -1.39    8.22
-294190.490   172.103    -9.32    6.38
-293815.583   169.203    -7.73    4.90
-293440.662   167.688    -4.04    4.93
-293065.725   166.183    -4.01    4.59
-292690.774   163.897    -6.09    4.59
-292315.808   161.442    -6.55    5.12
-291940.826   158.396    -8.12    3.30
-291565.830   155.727    -7.11    3.58
-291190.819   152.489    -8.63    3.79
-290815.793   149.561    -7.81    4.55
-290440.752   146.103    -9.22    3.68
-290065.697   143.632    -6.59    2.68
-289690.626   141.680    -5.20    2.35
-289315.540   140.095    -4.22    2.11
-288940.440   138.751    -3.58    1.98
-288565.324   137.959    -2.11    1.70
-288190.194   137.881    -0.21    2.72
-287815.048   138.274     1.05    4.19
-287439.888   139.447     3.13    5.27
-287064.712   140.079     1.68    6.50
-286689.522   139.509    -1.52    6.86
-286314.317   138.413    -2.92    6.69
-285939.096   138.180    -0.62    6.30
-285563.861   138.180     0.00    5.91
-285188.611   140.566     6.36    6.87
-284813.346   143.061     6.64    7.89
-284438.065   142.346    -1.90    8.24
-284062.770   139.927    -6.44    7.52
-283687.460   137.737    -5.83    7.76
-283312.135   133.602   -11.02    6.98
-282936.794   129.894    -9.88    3.63
-282561.439   128.203    -4.50    2.47
-282186.069   127.537    -1.78    1.85
-281810.684   128.113     1.54    2.37
-281435.284   130.225     5.62    3.99
-281059.868   133.537     8.82    6.34
-280684.438   135.989     6.53    6.29
-280308.993   137.373     3.68    6.00
-279933.532   137.277    -0.25    6.07
-279558.057   135.176    -5.59    5.58
-279182.566   132.989    -5.82    6.11
-278807.061   130.132    -7.61    5.32
-278431.541   127.799    -6.21    3.08
-278056.005   126.322    -3.93    2.58
-277680.454   125.194    -3.00    2.34
-277304.889   124.532    -1.76    2.44
-276929.308   124.537     0.01    2.51
-276553.712   124.695     0.42    2.24
-276178.101   125.974     3.40    2.54
-275802.475   127.507     4.08    2.99
-275426.834   129.732     5.92    4.28
-275051.178   131.472     4.63    3.93
-274675.507   133.132     4.42    3.27
-274299.821   133.113    -0.05    2.89
-273924.119   132.861    -0.67    3.03
-273548.403   132.254    -1.61    3.80
-273172.671   131.117    -3.03    2.95
-272796.925   131.043    -0.20    2.61
-272421.163   132.392     3.59    4.16
-272045.386   134.799     6.40    5.50
-271669.594   138.322     9.37    6.93
-271293.787   142.217    10.36    6.87
-270917.965   143.004     2.09    6.68
-270542.128   143.322     0.85    6.29
-270166.275   144.253     2.47    6.03
-269790.408   147.229     7.92    7.43
-269414.525   152.194    13.21    7.19
-269038.627   158.868    17.75    8.94
-268662.714   162.733    10.28    7.29
-268286.786   162.136    -1.59    8.09
-267910.843   157.727   -11.73    9.33
-267534.884   153.347   -11.65    5.98
-267158.911   151.845    -3.99    4.31
-266782.922   152.901     2.81    4.74
-266406.918   154.416     4.03    5.20
-266030.899   153.997    -1.11    6.11
-265654.865   152.180    -4.83    5.65
-265278.815   152.004    -0.47    5.39
-264902.751   151.143    -2.29    3.78
-264526.671   152.800     4.40    3.29
-264150.576   155.299     6.64    3.63
-263774.466   158.156     7.59    4.98
-263398.340   160.132     5.25    5.05
-263022.200   160.897     2.03    5.56
-262646.044   162.527     4.33    6.23
-262269.873   163.797     3.38    6.95
-261893.687   165.489     4.50    6.71
-261517.486   168.775     8.73    6.34
-261141.269   170.762     5.28    6.26
-260765.037   173.695     7.79    7.83
-260388.790   174.810     2.96    7.83
-260012.528   175.513     1.87    7.27
-259636.250   174.322    -3.16    6.87
-259259.958   173.680    -1.71    5.36
-258883.650   173.180    -1.33    4.45
-258507.327   173.548     0.98    3.61
-258130.988   174.680     3.01    2.77
-257754.634   175.981     3.46    2.29
-257378.265   178.203     5.90    3.33
-257001.881   181.561     8.92    4.44
-256625.482   185.584    10.69    7.30
-256249.067   190.846    13.98    7.93
-255872.637   194.632    10.05    7.34
-255496.192   199.822    13.79    6.47
-255119.731   201.482     4.41    4.86
-254743.255   200.227    -3.33    5.70
-254366.764   197.180    -8.09    6.83
-253990.258   193.020   -11.05    5.89
-253613.736   189.846    -8.43    3.81
-253237.199   188.918    -2.47    2.96
-252860.647   189.857     2.49    3.22
-252484.079   191.918     5.47    4.32
-252107.496   194.416     6.63    4.29
-251730.898   197.394     7.91    4.76
-251354.285   199.989     6.89    5.06
-250977.656   201.416     3.79    4.49
-250601.012   202.227     2.15    3.61
-250224.352   202.509     0.75    3.31
-249847.678   203.276     2.04    2.90
-249470.987   204.857     4.20    3.70
-249094.282   207.957     8.23    5.20
-248717.561   213.090    13.62    8.21
-248340.825   218.764    15.06    8.70
-247964.074   223.754    13.24    8.58
-247587.307   227.555    10.09    7.55
-247210.525   231.751    11.13    7.69
-246833.727   234.444     7.15    8.60
-246456.914   234.418    -0.07    9.97
-246080.086   233.532    -2.35   10.69
-245703.242   232.229    -3.46    9.87
-245326.383   230.465    -4.68    7.04
-244949.509   230.322    -0.38    5.71
-244572.619   228.894    -3.79    5.25
-244195.714   226.485    -6.39    5.06
-243818.793   222.868    -9.60    5.32
-243441.857   217.857   -13.29    5.87
-243064.906   213.322   -12.03    5.70
-242687.939   208.835   -11.90    4.38
-242310.957   207.203    -4.33    3.56
-241933.960   208.775     4.17    5.39
-241559.266   211.020     5.99    6.01
-241185.305   213.037     5.39    5.09
-240811.328   213.346     0.83    4.64
-240437.336   212.656    -1.84    4.65
-240063.329   210.904    -4.68    5.06
-239689.307   209.203    -4.55    5.24
-239315.269   207.727    -3.95    5.33
-238941.217   205.957    -4.73    4.64
-238567.149   205.132    -2.20    4.72
-238193.066   203.664    -3.92    5.25
-237818.968   200.847    -7.53    5.63
-237444.855   196.602   -11.35    5.70
-237070.727   192.553   -10.82    5.18
-236696.583   189.108    -9.21    3.85
-236322.424   187.203    -5.09    3.58
-235948.250   186.043    -3.10    3.81
-235574.061   183.989    -5.49    3.09
-235199.857   182.454    -4.10    2.84
-234825.637   180.004    -6.55    3.02
-234451.402   177.097    -7.77    3.64
-234077.152   174.513    -6.90    3.62
-233702.887   172.322    -5.85    2.66
-233328.606   170.810    -4.04    2.17
-232954.310   169.845    -2.58    1.90
-232579.999   169.349    -1.33    2.02
-232205.673   170.686     3.57    4.18
-231831.332   177.156    17.28   11.67
-231456.975   183.618    17.26   12.43
-231082.603   190.043    17.16    9.88
-230708.216   194.348    11.50    6.20
-230333.813   192.254    -5.59    5.77
-229959.396   188.399   -10.29    5.79
-229584.963   184.370   -10.76    6.54
-229210.514   179.997   -11.68    5.21
-228836.051   177.079    -7.79    5.11
-228461.572   172.527   -12.15    5.30
-228087.078   169.092    -9.17    5.70
-227712.569   164.095   -13.34    6.29
-227338.044   158.465   -15.03    7.14
-226963.504   153.555   -13.11    9.01
-226588.949   148.822   -12.63   10.42
-226214.378   145.422    -9.08   10.09
-225839.792   142.141    -8.76    9.23
-225465.191   139.248    -7.72    7.35
-225090.575   137.084    -5.77    6.57
-224715.943   135.183    -5.07    6.15
-224341.296   133.786    -3.73    5.27
-223966.634   133.602    -0.49    5.76
-223591.956   132.370    -3.29    6.51
-223217.263   129.894    -6.61    6.78
-222842.555   127.156    -7.31    6.17
-222467.831   124.067    -8.24    3.57
-222093.092   122.370    -4.53    2.62
-221718.337   121.485    -2.36    2.26
-221343.568   120.043    -3.85    2.28
-220968.783   119.418    -1.67    2.24
-220593.982   118.043    -3.67    2.04
-220219.166   117.632    -1.10    1.93
-219844.335   116.346    -3.43    2.35
-219469.489   115.322    -2.73    1.99
-219094.627   116.276     2.54    3.89
-218719.750   118.989     7.24    5.86
-218344.857   122.132     8.38    5.54
-217969.949   124.132     5.33    4.07
-217595.026   124.276     0.38    3.66
-217220.087   124.671     1.05    3.77
-216845.133   124.416    -0.68    4.21
-216470.163   125.462     2.79    5.43
-216095.178   124.067    -3.72    8.20
-215720.178   123.013    -2.81   10.64
-215345.162   120.632    -6.35   11.40
-214970.131   115.881   -12.67   10.22
-214595.084   110.883   -13.32    9.15
-214220.022   106.703   -11.14    7.39
-213844.945   103.572    -8.35    5.81
-213469.852   101.754    -4.85    5.44
-213094.744   100.513    -3.31    7.23
-212719.620   100.894     1.02    8.74
-212344.481   100.203    -1.84    9.36
-211969.326    98.989    -3.24    9.07
-211594.156    98.870    -0.32    7.82
-211218.971    98.883     0.04    7.17
-210843.770    97.418    -3.91    5.38
-210468.554    95.322    -5.58    5.31
-210093.322    91.160   -11.09    5.73
-209718.074    85.918   -13.97    6.06
-209342.812    81.904   -10.69    4.91
-208967.533    78.894    -8.02    2.81
-208592.240    77.422    -3.92    2.00
-208216.931    76.595    -2.20    1.78
-207841.606    76.225    -0.99    2.43
-207466.266    76.322     0.26    2.90
-207090.910    77.648     3.53    2.49
-206715.539    78.680     2.75    2.62
-206340.152    79.845     3.10    2.52
-205964.750    80.681     2.23    2.63
-205589.333    81.913     3.28    3.14
-205213.899    84.799     7.68    6.06
-204838.451    90.811    16.01   15.02
-204462.987    94.857    10.78   15.19
-204087.507    98.559     9.86   14.18
-203712.012    99.118     1.49   10.69
-203336.501    99.397     0.74    7.52
-202960.975    99.227    -0.45    4.88
-202585.433   101.868     7.03    6.10
-202209.876   109.447    20.18   10.80
-201834.303   118.504    24.11   11.58
-201458.714   124.528    16.03    7.92
-201083.110   125.868     3.57    5.80
-200707.491   124.067    -4.79    4.62
-200331.856   121.718    -6.25    3.84
-199956.205   119.982    -4.62    3.86
-199580.539   119.165    -2.17    4.72
-199204.857   120.072     2.42    5.90
-198829.160   120.297     0.60    6.45
-198453.447   120.595     0.79    6.20
-198077.719   122.322     4.60    6.22
-197701.974   125.066     7.30    5.52
-197326.215   127.482     6.43    3.77
-196950.440   128.138     1.75    2.57
-196574.649   127.703    -1.16    2.20
-196198.842   127.997     0.78    2.00
-195823.020   129.206     3.22    2.60
-195447.183   130.345     3.03    2.77
-195071.329   131.117     2.05    2.43
-194695.460   131.072    -0.12    2.07
-194319.576   130.416    -1.75    1.82
-193943.676   130.276    -0.37    1.91
-193567.760   130.485     0.56    2.17
-193191.829   132.143     4.41    2.95
-192815.882   134.368     5.92    3.77
-192439.919   135.248     2.34    3.21
-192063.941   134.989    -0.69    2.96
-191687.947   134.299    -1.83    2.40
-191311.937   133.493    -2.14    1.66
-190935.912   133.572     0.21    1.56
-190559.871   133.964     1.04    1.44
-190183.815   134.459     1.32    1.76
-189807.743   135.229     2.05    2.03
-189431.655   135.846     1.64    2.22
-189055.551   136.561     1.90    2.20
-188679.432   137.810     3.32    2.00
-188303.297   138.709     2.39    2.14
-187927.146   139.447     1.96    1.94
-187550.980   140.489     2.77    1.81
-187174.798   141.392     2.40    1.50
-186798.601   141.810     1.11    1.45
-186422.387   142.391     1.54    1.48
-186046.158   142.737     0.92    1.66
-185669.913   143.156     1.11    1.87
-185293.653   144.113     2.54    2.18
-184917.377   144.989     2.33    2.29
-184541.085   146.061     2.85    2.43
-184164.777   147.220     3.08    2.37
-183788.454   148.229     2.68    2.84
-183412.115   149.225     2.64    2.79
-183035.760   149.132    -0.25    2.62
-182659.390   148.227    -2.40    2.64
-182283.003   146.957    -3.38    2.83
-181906.601   145.050    -5.07    2.49
-181530.184   143.373    -4.46    2.51
-181153.750   141.418    -5.19    2.68
-180777.301   139.927    -3.96    2.34
-180400.836   137.989    -5.15    2.33
-180024.355   136.253    -4.61    2.56
-179647.858   134.370    -5.00    2.66
-179271.346   133.394    -2.59    2.82
-178894.818   133.322    -0.19    3.56
-178518.274   134.160     2.22    5.69
-178141.714   133.584    -1.53    6.93
-177765.139   130.608    -7.90    8.36
-177388.548   125.156   -14.48    7.17
-177011.941   122.030    -8.30    5.04
-176635.318   121.942    -0.23    5.55
-176258.679   125.061     8.28    7.42
-175882.025   128.322     8.66    6.77
-175505.354   131.799     9.23    3.63
-175128.668   132.346     1.45    2.17
-174751.966   130.936    -3.74    2.46
-174375.249   128.595    -6.21    3.01
-173998.515   126.013    -6.85    3.90
-173621.766   122.322    -9.79    4.38
-173245.001   119.183    -8.33    4.37
-172868.220   115.090   -10.86    4.67
-172491.423   111.370    -9.87    4.11
-172114.610   107.764    -9.57    4.33
-171737.781   104.370    -9.01    4.15
-171360.937   101.346    -8.02    4.52
-170984.077    98.043    -8.76    3.86
-170607.201    95.957    -5.54    2.96
-170230.309    94.894    -2.82    2.80
-169853.401    95.050     0.41    3.89
-169476.477    95.537     1.29    4.43
-169099.537    96.584     2.78    4.96
-168722.582    97.439     2.27    4.67
-168345.610    98.186     1.98    4.06
-167968.623    98.227     0.11    3.36
-167591.620    97.695    -1.41    2.96
-167214.601    95.989    -4.52    3.02
-166837.566    93.834    -5.71    3.43
-166463.323    91.537    -6.14    3.94
-166089.413    88.799    -7.32    3.90
-165715.488    86.764    -5.44    2.72
-165341.547    85.369    -3.73    2.47
-164967.591    84.625    -1.99    2.37
-164593.619    83.254    -3.66    2.54
-164219.631    81.485    -4.73    3.06
-163845.628    79.370    -5.65    3.57
-163471.609    77.050    -6.20    2.77
-163097.575    75.180    -5.00    2.57
-162723.524    73.904    -3.41    1.80
-162349.458    73.572    -0.89    1.64
-161975.377    73.043    -1.41    1.72
-161601.280    72.671    -0.99    2.28
-161227.167    70.974    -4.54    3.18
-160853.038    69.465    -4.03    2.93
-160478.894    67.894    -4.20    2.82
-160104.734    66.485    -3.76    2.45
-159730.558    66.180    -0.82    2.60
-159356.367    65.775    -1.08    2.72
-158982.160    65.891     0.31    3.64
-158607.937    66.845     2.55    2.82
-158233.699    67.347     1.34    2.59
-157859.444    67.572     0.60    2.30
-157485.175    67.103    -1.25    2.62
-157110.889    66.013    -2.91    2.47
-156736.588    63.822    -5.85    2.95
-156362.271    61.632    -5.85    2.65
-155987.938    59.703    -5.15    2.72
-155613.589    57.647    -5.49    1.93
-155239.225    56.663    -2.63    1.92
-154864.845    55.615    -2.80    1.94
-154490.449    54.509    -2.96    1.95
-154116.038    53.442    -2.85    1.86
-153741.611    52.786    -1.75    2.03
-153367.168    51.504    -3.42    2.19
-152992.709    50.220    -3.43    2.07
-152618.235    49.276    -2.52    1.99
-152243.744    48.532    -1.99    1.83
-151869.238    47.788    -1.99    1.86
-151494.716    47.254    -1.42    1.53
-151120.179    47.244    -0.03    1.48
-150745.626    47.482     0.64    1.52
-150371.056    48.374     2.38    1.99
-149996.471    48.608     0.63    1.98
-149621.871    48.982     1.00    2.19
-149247.254    48.751    -0.62    2.40
-148872.622    48.891     0.37    2.27
-148497.974    48.480    -1.09    2.32
-148123.310    47.777    -1.88    2.25
-147748.630    46.927    -2.27    2.76
-147373.934    46.186    -1.98    2.60
-146999.223    45.555    -1.68    2.24
-146624.496    45.758     0.54    1.67
-146249.753    45.686    -0.19    1.84
-145874.994    46.271     1.56    1.95
-145500.219    46.108    -0.43    1.93
-145125.428    45.974    -0.36    2.29
-144750.622    45.751    -0.59    2.04
-144375.800    45.800     0.13    1.96
-144000.962    45.810     0.03    1.73
-143626.108    45.777    -0.09    1.74
-143251.238    45.799     0.06    1.77
-142876.352    46.183     1.02    1.79
-142501.451    45.870    -0.83    1.78
-142126.533    45.737    -0.35    1.75
-141751.600    45.641    -0.26    1.58
-141376.651    45.397    -0.65    1.59
-141001.686    45.132    -0.71    1.55
-140626.705    44.904    -0.61    1.35
-140251.708    44.965     0.16    1.51
-139876.695    44.950    -0.04    1.63
-139501.667    45.092     0.38    1.81
-139126.622    45.004    -0.23    1.83
-138751.562    44.835    -0.45    1.86
-138376.485    44.927     0.25    1.97
-138001.393    45.299     0.99    2.01
-137626.285    45.103    -0.52    2.10
-137251.161    44.509    -1.58    2.01
-136876.021    44.883     1.00    2.46
-136500.865    45.846     2.57    3.05
-136125.693    46.857     2.69    4.06
-135750.505    47.741     2.36    4.77
-135375.301    47.942     0.53    5.14
-135000.082    48.442     1.33    4.95
-134624.846    50.369     5.14    6.35
-134249.594    53.299     7.81    7.02
-133874.327    53.989     1.84    7.54
-133499.043    54.504     1.37    7.25
-133123.744    53.108    -3.72    7.03
-132748.428    50.870    -5.96    6.93
-132373.097    47.834    -8.09    6.69
-131997.749    45.811    -5.39    5.88
-131622.386    45.084    -1.94    5.16
-131247.007    47.113     5.40    5.34
-130871.611    49.392     6.07    5.03
-130496.200    51.050     4.41    5.41
-130120.772    54.392     8.90    6.30
-129745.329    58.786    11.70    7.15
-129369.870    60.394     4.28    6.02
-128994.394    60.777     1.02    6.81
-128618.903    60.555    -0.59    7.29
-128243.396    59.322    -3.28    5.57
-127867.872    60.788     3.90    3.73
-127492.333    60.090    -1.86    5.49
-127116.777    57.442    -7.05    7.03
-126741.206    53.834    -9.60    6.71
-126365.618    51.997    -4.89    6.78
-125990.015    49.232    -7.36    6.49
-125614.395    50.671     3.83    7.96
-125238.759    49.537    -3.02   10.16
-124863.108    46.201    -8.88   10.28
-124487.440    48.067     4.97   12.08
-124111.756    52.671    12.26   13.58
-123736.056    53.550     2.34   14.47
-123360.340    52.555    -2.65   16.68
-122984.608    46.206   -16.90   18.28
-122608.860    38.891   -19.47   11.89
-122233.096    39.418     1.40   11.55
-121857.316    42.416     7.98   13.30
-121481.519    45.572     8.40   14.46
-121105.707    47.974     6.39   13.70
-120729.879    50.595     6.97   14.12
-120354.034    51.180     1.55   15.13
-119978.173    49.418    -4.69   17.76
-119602.296    43.136   -16.71   18.61
-119226.403    35.686   -19.82   14.76
-118850.494    31.648   -10.74   11.39
-118474.569    28.555    -8.23    8.44
-118098.628    29.741     3.15    9.06
-117722.670    33.136     9.03    9.19
-117346.697    38.136    13.30    8.70
-116970.707    40.800     7.08    8.58
-116594.701    41.276     1.27   10.10
-116218.679    42.209     2.48   11.63
-115842.641    45.465     8.66   10.80
-115466.587    47.442     5.25    9.83
-115090.517    45.764    -4.46   11.02
-114714.430    42.277    -9.27   14.51
-114338.327    36.413   -15.59   14.90
-113962.209    32.602   -10.13   13.14
-113586.073    32.108    -1.31   12.10
-113209.922    35.442     8.86   11.84
-112833.755    36.485     2.77   12.86
-112457.571    33.229    -8.65   14.81
-112081.371    26.370   -18.23   14.30
-111705.155    22.572   -10.09   10.76
-111328.923    24.703     5.66   12.18
-110952.675    32.322    20.25   13.15
-110576.410    37.090    12.67   11.58
-110200.130    37.253     0.43    9.40
-109823.833    34.788    -6.55    8.82
-109447.519    33.764    -2.72    9.16
-109071.190    34.703     2.50    9.70
-108694.844    37.485     7.39   10.48
-108318.483    36.485    -2.66   12.50
-107942.105    34.027    -6.53   12.51
-107565.710    33.632    -1.05   12.33
-107189.300    33.845     0.57   11.34
-106812.873    31.834    -5.34   11.83
-106436.430    29.465    -6.29   12.24
-106059.971    25.113   -11.56    9.34
-105683.495    25.416     0.80    8.33
-105307.003    27.764     6.24   10.50
-104930.495    26.322    -3.83   12.49
-104553.971    24.227    -5.56   13.70
-104177.430    20.680    -9.42   12.03
-103800.873    19.183    -3.97    7.51
-103424.300    21.394     5.87    8.08
-103047.711    19.775    -4.30    7.57
-102671.105    17.522    -5.98    7.31
-102294.483    17.550     0.07    6.19
-101917.845    19.727     5.78    6.59
-101541.190    21.369     4.36    6.56
-101164.519    21.625     0.68    6.42
-100787.832    21.439    -0.49    6.99
-100411.129    21.648     0.56    8.34
-100034.409    20.132    -4.02    9.37
 -99657.673    18.037    -5.56    8.06
 -99280.920    19.811     4.71    9.43
 -98904.152    21.020     3.21    8.93
 -98527.367    24.462     9.13    8.32
 -98150.565    28.989    12.01    7.31
 -97773.747    27.845    -3.04    8.86
 -97396.913    23.532   -11.45   12.83
 -97020.063    19.439   -10.86   13.25
 -96643.196    18.206    -3.27   11.92
 -96266.313    18.027    -0.48   11.18
 -95889.413    17.203    -2.19   10.89
 -95512.497    17.737     1.42   11.06
 -95135.565    14.369    -8.93   10.25
 -94758.617    12.004    -6.27    8.32
 -94381.652    10.578    -3.78    5.33
 -94004.670    11.369     2.10    4.59
 -93627.673    12.846     3.92    4.96
 -93250.658    13.442     1.58    5.53
 -92873.628    13.927     1.29    5.42
 -92496.581    14.368     1.17    5.04
 -92119.518    14.918     1.46    5.71
 -91742.492    14.959     0.11    8.22
 -91368.654    13.368    -4.26    9.13
 -90994.799    13.418     0.13    9.04
 -90620.928    13.555     0.37    8.70
 -90247.041    15.067     4.04    7.81
 -89873.138    16.203     3.04    7.48
 -89499.218    12.974    -8.64    7.44
 -89125.283     8.764   -11.26    4.70
 -88751.331     7.709    -2.82    4.10
 -88377.364     7.299    -1.10    3.40
 -88003.380     7.927     1.68    3.87
 -87629.380     8.203     0.74    3.68
 -87255.364     8.180    -0.06    3.40
 -86881.331     8.043    -0.36    2.78
 -86507.283     7.037    -2.69    2.43
 -86133.218     6.072    -2.58    2.69
 -85759.138     4.810    -3.37    2.69
 -85385.041     4.686    -0.33    2.17
 -85010.928     4.810     0.33    2.53
 -84636.798     5.550     1.98    2.90
 -84262.653     5.418    -0.35    3.00
 -83888.491     5.297    -0.32    3.27
 -83514.313     4.595    -1.88    3.68
 -83140.119     2.887    -4.57    3.73
 -82765.909     2.160    -1.94    3.61
 -82391.683     2.183     0.06    3.62
 -82017.440     3.834     4.41    4.55
 -81643.181     6.709     7.68    4.65
 -81268.906     8.497     4.78    3.56
 -80894.615     7.709    -2.11    4.51
 -80520.307     5.220    -6.65    5.53
 -80145.984     2.416    -7.49    5.34
 -79771.644     0.754    -4.44    4.07
 -79397.287     1.113     0.96    4.44
 -79022.915     2.163     2.81    4.26
 -78648.526     4.586     6.47    2.79
 -78274.121     6.254     4.46    3.23
 -77899.700     5.775    -1.28    3.86
 -77525.263     5.004    -2.06    4.08
 -77150.809     3.578    -3.81    4.05
 -76776.339     1.972    -4.29    3.39
 -76401.853     1.754    -0.58    3.51
 -76027.351     1.980     0.60    3.85
 -75652.832     2.959     2.61    4.39
 -75278.297     4.555     4.26    4.22
 -74903.746     5.413     2.29    3.93
 -74529.178     5.648     0.63    3.63
 -74154.594     4.784    -2.31    3.58
 -73779.994     2.618    -5.78    4.34
 -73405.378    -0.378    -8.00    4.21
 -73030.745    -2.980    -6.95    3.23
 -72656.096    -4.189    -3.23    2.14
 -72281.431    -3.515     1.80    3.21
 -71906.749    -1.337     5.81    5.56
 -71532.051    -0.011     3.54    5.81
 -71157.337     0.254     0.71    5.62
 -70782.606    -0.725    -2.61    5.16
 -70407.859    -1.814    -2.91    4.47
 -70033.096    -2.249    -1.16    4.63
 -69658.316    -4.053    -4.81    3.41
 -69283.520    -3.928     0.33    3.05
 -68908.708    -2.853     2.87    3.77
 -68533.879    -2.541     0.83    3.94
 -68159.034    -3.026    -1.29    3.87
 -67784.173    -3.864    -2.23    3.00
 -67409.295    -3.747     0.31    2.39
 -67034.401    -3.242     1.35    2.53
 -66659.491    -3.268    -0.07    2.45
 -66284.564    -3.203     0.18    2.41
 -65909.621    -3.297    -0.25    1.71
 -65534.661    -3.859    -1.50    1.40
 -65159.685    -4.214    -0.95    1.50
 -64784.693    -3.882     0.89    2.36
 -64409.684    -3.238     1.72    3.42
 -64034.659    -2.109     3.01    3.75
 -63659.618    -1.320     2.10    3.77
 -63284.560    -2.119    -2.13    3.37
 -62909.485    -3.487    -3.65    1.90
 -62534.395    -3.580    -0.25    1.11
 -62159.288    -3.359     0.59    1.09
 -61784.164    -3.228     0.35    1.30
 -61409.024    -1.678     4.13    3.26
 -61033.867    -0.468     3.22    3.45
 -60658.695    -0.106     0.97    3.19
 -60283.505    -0.773    -1.78    3.31
 -59908.300    -1.604    -2.22    2.94
 -59533.077    -1.178     1.14    2.53
 -59157.839    -0.214     2.57    2.40
 -58782.584    -0.655    -1.17    2.36
 -58407.312    -1.631    -2.60    2.85
 -58032.024    -2.797    -3.11    2.27
 -57656.720    -3.445    -1.73    1.60
 -57281.399    -3.392     0.14    1.71
 -56906.061    -2.910     1.28    1.69
 -56530.707    -2.701     0.56    1.60
 -56155.337    -2.910    -0.56    1.41
 -55779.950    -3.082    -0.46    1.47
 -55404.547    -3.416    -0.89    1.42
 -55029.127    -3.541    -0.33    1.21
 -54653.691    -3.726    -0.49    1.12
 -54278.238    -3.864    -0.37    1.14
 -53902.769    -3.791     0.19    1.15
 -53527.283    -3.725     0.18    1.03
 -53151.780    -3.678     0.13    1.09
 -52776.261    -3.259     1.11    1.10
 -52400.726    -3.050     0.56    1.13
 -52025.174    -2.844     0.55    1.25
 -51649.606    -3.189    -0.92    1.26
 -51274.021    -3.487    -0.79    1.31
 -50898.419    -3.468     0.05    1.41
 -50522.801    -3.701    -0.62    1.54
 -50147.167    -3.701    -0.00    1.93
 -49771.515    -3.859    -0.42    1.87
 -49395.848    -3.966    -0.29    1.65
 -49020.163    -3.794     0.46    1.64
 -48644.463    -3.398     1.05    1.26
 -48268.745    -3.329     0.19    1.34
 -47893.011    -3.268     0.16    1.47
 -47517.261    -3.058     0.56    1.50
 -47141.494    -2.794     0.70    1.55
 -46765.710    -2.468     0.87    1.36
 -46389.910    -2.422     0.12    1.29
 -46014.093    -2.189     0.62    1.44
 -45638.259    -1.844     0.92    1.29
 -45262.409    -1.564     0.75    1.32
 -44886.542    -1.428     0.36    1.30
 -44510.659    -1.189     0.63    1.32
 -44134.759    -1.041     0.39    1.42
 -43758.843    -1.096    -0.15    1.58
 -43382.910    -0.910     0.49    1.66
 -43006.960    -0.797     0.30    1.68
 -42630.994    -1.189    -1.04    1.58
 -42255.011    -1.155     0.09    1.44
 -41879.011    -1.212    -0.15    1.58
 -41502.995    -1.496    -0.75    1.63
 -41126.962    -1.608    -0.30    1.59
 -40750.912    -1.746    -0.37    1.78
 -40374.846    -2.143    -1.06    1.56
 -39998.763    -2.026     0.31    1.29
 -39622.664    -1.791     0.63    1.17
 -39246.547    -1.608     0.49    1.14
 -38870.415    -1.678    -0.19    1.07
 -38494.265    -1.249     1.14    1.21
 -38118.099    -0.957     0.78    1.28
 -37741.916    -0.723     0.62    1.48
 -37365.716    -0.352     0.99    1.48
 -36989.500    -0.291     0.16    1.43
 -36613.267    -0.259     0.09    1.35
 -36237.017    -0.132     0.34    1.37
 -35860.751    -0.035     0.26    1.36
 -35484.468     0.090     0.33    1.36
 -35108.168     0.253     0.43    1.52
 -34731.852    -0.026    -0.74    1.40
 -34355.519     0.043     0.19    1.33
 -33979.169     0.013    -0.08    1.47
 -33602.802     0.322     0.82    1.41
 -33226.419     0.709     1.03    1.47
 -32850.019     0.608    -0.27    1.31
 -32473.602     0.777     0.45    1.19
 -32097.168     0.632    -0.39    1.37
 -31720.718     0.368    -0.70    1.03
 -31344.251     0.561     0.51    1.05
 -30967.767     0.764     0.54    1.18
 -30591.266     1.013     0.66    1.20
 -30214.749     1.084     0.19    1.38
 -29838.215     1.234     0.40    1.64
 -29461.664     1.180    -0.14    1.73
 -29085.096     1.183     0.01    1.73
 -28708.512     1.043    -0.37    1.61
 -28331.910     1.156     0.30    1.75
 -27955.292     1.136    -0.05    1.89
 -27578.658     1.251     0.30    1.92
 -27202.006     1.299     0.13    2.05
 -26825.338     1.251    -0.13    1.69
 -26448.652     1.229    -0.06    1.86
 -26071.950     1.322     0.25    1.70
 -25695.232     1.227    -0.25    1.72
 -25318.496     0.891    -0.89    1.48
 -24941.743     0.566    -0.86    1.37
 -24564.974     0.537    -0.08    1.35
 -24188.188     0.462    -0.20    1.32
 -23811.385     0.656     0.51    1.44
 -23434.565     1.322     1.77    1.89
 -23057.729     1.810     1.29    2.09
 -22680.875     2.020     0.56    1.85
 -22304.005     2.532     1.36    1.93
 -21927.118     3.108     1.53    1.80
 -21550.213     3.513     1.07    1.71
 -21173.293     3.547     0.09    1.67
 -20796.355     3.754     0.55    1.59
 -20419.400     3.518    -0.63    1.62
 -20042.429     3.322    -0.52    1.59
 -19665.440     3.141    -0.48    1.54
 -19288.435     3.079    -0.16    1.61
 -18911.413     2.913    -0.44    1.62
 -18534.374     2.672    -0.64    1.69
 -18157.318     2.572    -0.27    1.38
 -17780.245     2.369    -0.54    1.31
 -17403.155     2.090    -0.74    1.39
 -17026.048     2.232     0.38    1.46
 -16649.390     2.605     0.99    1.56
 -16275.608     2.527    -0.21    1.58
 -15901.811     3.103     1.54    1.49
 -15527.996     3.394     0.78    1.64
 -15154.165     3.459     0.17    1.89
 -14780.318     3.894     1.16    2.01
 -14406.453     4.436     1.45    2.00
 -14032.573     5.079     1.72    1.71
 -13658.675     5.027    -0.14    1.98
 -13284.761     4.775    -0.67    2.31
 -12910.830     4.811     0.10    2.35
 -12536.883     4.439    -1.00    2.43
 -12162.919     4.346    -0.25    2.43
 -11788.938     4.834     1.30    2.44
 -11414.941     5.370     1.43    2.71
 -11040.927     5.846     1.27    2.29
 -10666.896     6.203     0.95    2.09
 -10292.849     6.043    -0.43    1.91
  -9918.785     5.537    -1.35    1.79
  -9544.704     5.392    -0.39    1.64
  -9170.607     5.527     0.36    1.76
  -8796.493     5.608     0.22    1.85
  -8422.362     5.322    -0.76    1.73
  -8048.215     5.413     0.24    1.64
  -7674.051     5.020    -1.05    1.58
  -7299.870     4.927    -0.25    1.59
  -6925.672     4.927     0.00    1.58
  -6551.458     4.997     0.19    1.64
  -6177.227     4.981    -0.04    1.68
  -5802.980     4.595    -1.03    2.04
  -5428.715     4.500    -0.25    2.03
  -5054.434     4.322    -0.47    2.17
  -4680.137     4.027    -0.79    2.21
  -4305.822     3.974    -0.14    2.23
  -3931.491     4.532     1.49    2.34
  -3557.143     4.608     0.20    2.04
  -3182.778     4.881     0.73    1.78
  -2808.397     4.478    -1.08    1.83
  -2433.999     4.113    -0.97    1.79
  -2059.584     4.277     0.44    1.93
  -1685.152     3.997    -0.75    1.87
  -1310.704     3.555    -1.18    2.11
   -936.238     2.648    -2.42    2.71
   -561.756     1.392    -3.35    2.54
   -187.258     0.595    -2.13    2.54
    187.258     0.209    -1.03    2.42
    561.790     0.891     1.82    2.64
    936.339     1.369     1.28    2.58
   1310.905     1.927     1.49    2.21
   1685.488     3.050     3.00    1.42
   2060.087     3.391     0.91    1.52
   2434.704     4.764     3.67    3.28
   2809.337     5.709     2.52    3.42
   3183.987     5.891     0.49    3.07
   3558.653     5.634    -0.69    2.78
   3933.337     4.775    -2.29    2.03
   4308.037     4.346    -1.15    1.85
   4682.754     4.346     0.00    1.49
   5057.488     4.602     0.68    2.62
   5432.239     5.881     3.41    3.70
   5807.007     6.904     2.73    4.01
   6181.792     8.299     3.72    3.91
   6556.593     8.180    -0.32    3.06
   6931.411     7.160    -2.72    2.84
   7306.246     6.936    -0.60    2.62
   7681.098     6.368    -1.52    2.66
   8055.967     5.618    -2.00    2.66
   8430.853     5.527    -0.24    2.28
   8805.755     5.572     0.12    1.79
   9180.675     5.555    -0.05    1.86
   9555.611     5.764     0.56    1.58
   9930.564     5.641    -0.33    1.57
  10305.534     5.595    -0.12    1.65
  10680.521     5.754     0.42    1.93
  11055.525     5.974     0.58    1.95
  11430.546     5.989     0.04    1.76
  11805.584     5.846    -0.38    1.85
  12180.638     5.764    -0.22    1.78
  12555.710     6.368     1.61    1.94
  12930.798     6.485     0.31    2.07
  13305.904     6.989     1.34    1.98
  13681.026     7.020     0.08    1.75
  14056.165     6.834    -0.50    1.70
  14431.321     7.050     0.57    1.80
  14806.495     6.936    -0.30    1.79
  15181.685     7.027     0.24    1.76
  15556.892     7.229     0.54    1.84
  15932.116     7.532     0.81    2.22
  16307.356     7.504    -0.07    2.36
  16682.614     8.160     1.75    2.34
  17057.889     7.709    -1.20    2.32
  17433.181     7.709     0.00    2.39
  17808.490     7.618    -0.24    2.25
  18183.815     7.764     0.39    2.12
  18559.158     7.727    -0.10    2.13
  18934.518     8.180     1.21    2.13
  19309.895     8.718     1.43    2.07
  19685.288     8.900     0.49    2.37
  20060.699     9.369     1.25    2.06
  20436.127     9.367    -0.01    1.61
  20811.571     9.555     0.50    1.48
  21187.033     9.322    -0.62    1.93
  21562.512     9.067    -0.68    2.11
  21938.008     8.527    -1.44    2.13
  22313.520     8.959     1.15    2.45
  22689.050     8.648    -0.83    2.11
  23064.597     8.822     0.46    2.13
  23440.161     8.881     0.15    2.10
  23815.742     8.950     0.19    1.86
  24191.340     9.050     0.26    2.03
  24566.955     9.067     0.05    2.11
  24942.587     9.345     0.74    2.01
  25318.236     9.881     1.43    1.92
  25693.902     9.870    -0.03    1.89
  26069.585    10.299     1.14    2.18
  26445.285    10.718     1.12    2.35
  26821.003    10.959     0.64    2.44
  27196.737    11.090     0.35    2.35
  27572.489    11.211     0.32    2.04
  27948.257    10.595    -1.64    2.36
  28324.043    10.870     0.73    2.39
  28699.846    11.368     1.32    2.90
  29075.666    12.209     2.24    3.02
  29451.503    13.368     3.08    2.77
  29827.357    13.709     0.91    2.68
  30203.228    13.777     0.18    2.45
  30579.117    14.067     0.77    2.13
  30955.022    13.927    -0.37    2.29
  31330.945    13.709    -0.58    2.53
  31706.884    14.369     1.76    2.54
  32082.841    14.367    -0.01    2.42
  32458.815    14.602     0.62    1.76
  32834.806    15.253     1.73    1.59
  33210.815    15.160    -0.25    1.90
  33586.840    15.532     0.99    2.27
  33962.883    15.904     0.99    2.41
  34338.942    15.800    -0.28    2.47
  34715.019    15.641    -0.42    2.78
  35091.113    15.822     0.48    2.71
  35467.225    15.572    -0.66    2.63
  35843.353    15.822     0.66    2.35
  36219.499    16.141     0.85    2.25
  36595.661    16.299     0.42    2.23
  36971.841    16.346     0.12    2.33
  37348.038    16.550     0.54    2.08
  37724.253    16.663     0.30    2.07
  38100.484    16.695     0.08    2.42
  38476.733    17.416     1.92    2.32
  38852.999    17.625     0.56    2.34
  39229.282    18.632     2.68    2.66
  39605.583    19.695     2.82    2.52
  39981.900    20.700     2.67    3.00
  40358.235    21.811     2.95    3.06
  40734.587    22.527     1.90    3.14
  41110.956    23.090     1.50    3.01
  41487.343    23.822     1.95    3.33
  41863.747    24.764     2.50    3.53
  42240.168    26.532     4.70    3.20
  42616.606    28.391     4.94    3.36
  42993.062    29.709     3.50    3.65
  43369.534    29.997     0.77    4.65
  43746.025    30.584     1.56    5.07
  44122.532    30.369    -0.57    4.86
  44499.057    31.663     3.44    4.92
  44875.598    32.834     3.11    4.17
  45252.158    35.163     6.19    4.10
  45628.734    36.416     3.33    4.06
  46005.328    37.368     2.53    3.81
  46381.939    37.822     1.21    3.32
  46758.567    37.136    -1.82    2.74
  47135.213    38.180     2.77    4.23
  47511.876    39.391     3.22    4.15
  47888.556    40.478     2.89    3.96
  48265.254    41.810     3.54    3.89
  48641.969    42.392     1.54    3.83
  49018.701    42.527     0.36    3.35
  49395.450    42.881     0.94    3.33
  49772.217    43.113     0.62    3.25
  50149.001    43.251     0.37    3.32
  50525.803    44.550     3.45    3.19
  50902.622    44.894     0.91    3.34
  51279.458    45.950     2.80    3.53
  51656.312    46.822     2.31    2.69
  52033.183    47.347     1.39    2.73
  52410.071    48.163     2.17    3.23
  52786.977    48.672     1.35    3.30
  53163.900    49.095     1.12    3.46
  53540.840    50.163     2.83    3.87
  53917.798    50.904     1.96    3.76
  54294.774    51.482     1.53    3.46
  54671.766    52.422     2.50    3.52
  55048.776    53.618     3.17    3.53
  55425.804    55.251     4.33    3.58
  55802.848    56.754     3.99    3.78
  56179.911    57.913     3.07    3.58
  56556.990    59.835     5.10    3.56
  56934.087    61.959     5.63    4.01
  57311.202    63.447     3.95    4.04
  57688.334    65.663     5.88    4.29
  58065.483    67.206     4.09    4.65
  58441.775    68.436     3.27    4.38
  58815.500    69.163     1.95    4.33
  59189.242    70.425     3.38    3.42
  59563.001    71.504     2.89    3.11
  59936.778    72.566     2.84    3.28
  60310.571    73.043     1.28    3.39
  60684.382    73.095     0.14    3.63
  61058.209    72.625    -1.26    3.93
  61432.054    71.913    -1.90    4.60
  61805.916    71.810    -0.28    4.54
  62179.795    71.595    -0.57    4.82
  62553.691    70.965    -1.68    4.26
  62927.605    70.391    -1.54    4.15
  63301.535    70.322    -0.18    4.31
  63675.483    70.648     0.87    4.32
  64049.448    71.118     1.26    4.59
  64423.430    71.030    -0.24    3.59
  64797.429    72.232     3.21    3.85
  65171.445    72.632     1.07    3.29
  65545.478    73.050     1.12    3.16
  65919.529    73.504     1.22    2.94
  66293.597    73.640     0.36    2.54
  66667.682    74.209     1.52    2.59
  67041.784    74.859     1.74    2.90
  67415.904    76.254     3.73    2.89
  67790.040    77.489     3.30    2.77
  68164.194    78.904     3.78    2.27
  68538.365    79.822     2.46    2.06
  68912.553    80.786     2.57    2.21
  69286.759    81.913     3.01    2.33
  69660.981    82.547     1.69    2.28
  70035.221    83.500     2.55    2.24
  70409.478    84.392     2.38    2.47
  70783.753    85.509     2.98    2.52
  71158.044    86.489     2.62    2.51
  71532.353    87.647     3.09    2.69
  71906.679    89.186     4.11    2.78
  72281.023    89.697     1.37    3.16
  72655.383    90.411     1.91    2.60
  73029.761    90.509     0.26    2.68
  73404.156    90.253    -0.68    2.51
  73778.569    89.370    -2.36    2.59
  74152.998    88.201    -3.12    2.60
  74527.445    86.709    -3.98    2.30
  74901.909    85.873    -2.23    2.07
  75276.391    85.346    -1.41    2.77
  75650.890    84.527    -2.19    3.07
  76025.406    84.113    -1.11    3.31
  76399.939    83.532    -1.55    3.33
  76774.490    83.225    -0.82    2.94
  77149.058    83.277     0.14    2.68
  77523.643    82.932    -0.92    2.65
  77898.246    81.602    -3.55    3.07
  78272.865    79.913    -4.51    3.32
  78647.503    78.727    -3.17    2.91
  79022.157    77.936    -2.11    1.93
  79396.829    79.005     2.85    2.40
  79771.518    80.709     4.55    2.86
  80146.225    82.418     4.56    3.04
  80520.949    84.276     4.96    3.12
  80895.690    86.163     5.04    3.54
  81270.449    87.799     4.36    4.07
  81645.225    90.459     7.10    4.62
  82020.018    92.566     5.62    4.47
  82394.829    95.478     7.77    4.37
  82769.657    97.418     5.18    4.42
  83144.502    98.671     3.34    4.46
  83519.365    99.584     2.44    4.56
  83894.246    99.751     0.44    4.01
  84269.143    99.550    -0.54    4.15
  84644.058    98.998    -1.47    4.12
  85018.991    98.989    -0.02    4.25
  85393.940    97.936    -2.81    4.19
  85768.908    97.578    -0.95    3.92
  86143.892    96.942    -1.70    3.73
  86518.894    96.469    -1.26    2.85
  86893.914    96.527     0.16    3.41
  87268.951    97.022     1.32    3.91
  87644.005    98.718     4.52    5.36
  88019.077   101.777     8.16    7.11
  88394.166   106.462    12.49    9.18
  88769.272   112.777    16.84   12.09
  89144.396   118.883    16.28   15.44
  89519.538   133.845    39.89   33.17
  89894.697   148.608    39.35   48.48
  90269.873   160.004    30.38   53.06
  90645.067   187.982    74.57   75.85
  91020.278   219.957    85.23   98.03
  91395.507   274.572   145.57  124.91
  91770.753   312.810   101.91  125.22
  92146.017   340.232    73.08  108.57
  92521.298   349.462    24.60  103.85
  92896.597   361.927    33.22   96.97
  93271.913   354.513   -19.76   92.72
  93647.247   347.518   -18.64   87.83
  94022.598   322.232   -67.37   79.35
  94397.967   298.772   -62.50   66.47
  94773.353   275.100   -63.07   57.70
  95148.757   254.276   -55.48   49.04
  95524.178   231.392   -60.96   30.96
  95899.617   215.602   -42.06   18.98
  96275.073   207.194   -22.39   11.22
  96650.547   207.572     1.01   11.61
  97026.038   210.272     7.19   14.75
  97401.547   222.485    32.53   22.98
  97777.074   230.482    21.30   24.23
  98152.618   233.764     8.74   23.51
  98528.179   238.095    11.53   21.63
  98903.758   244.923    18.18   23.29
  99279.355   260.141    40.52   25.84
  99654.969   272.108    31.86   27.95
 100030.601   282.754    28.34   28.27
 100406.250   296.989    37.90   30.91
 100781.917   311.030    37.38   27.68
 101157.602   324.845    36.78   28.26
 101533.304   329.197    11.59   26.70
 101909.023   325.777    -9.10   28.06
 102284.761   321.067   -12.54   28.91
 102660.516   321.322     0.68   28.98
 103036.288   324.625     8.79   33.56
 103412.078   336.220    30.86   35.30
 103787.886   354.050    47.45   35.99
 104163.711   358.664    12.28   34.64
 104539.554   369.277    28.24   33.75
 104915.415   379.572    27.39   34.80
 105291.293   386.555    18.58   39.97
 105667.189   392.482    15.77   36.47
 106043.102   391.665    -2.17   30.19
 106419.033   386.141   -14.70   24.04
 106794.982   380.904   -13.93   22.05
 107170.949   386.456    14.77   23.06
 107546.933   390.856    11.70   23.17
 107922.934   406.113    40.58   24.58
 108298.954   425.141    50.61   36.10
 108674.991   437.559    33.03   41.35
 109051.046   445.732    21.73   40.41
 109427.118   460.663    39.71   35.66
 109803.208   476.369    41.76   33.68
 110179.316   493.186    44.72   42.27
 110555.442   529.957    97.77   50.41
 110931.585   574.868   119.41   61.83
 111307.746   633.681   156.37   78.15
 111683.924   708.067   197.76  119.51
 112060.121   800.345   245.32  155.01
 112436.335   910.718   293.41  173.62
 112812.566   972.777   164.97  144.55
 113188.816   992.148    51.49  128.11
 113565.083   927.982  -170.55  143.11
 113941.368   847.561  -213.75  108.56
 114317.671   819.368   -74.93   89.07
 114693.991   829.618    27.24   85.55
 115070.329   865.989    96.65   86.59
 115446.685   916.641   134.60   82.68
 115823.059   973.640   151.46   73.03
 116199.450  1027.595   143.36  102.62
 116575.859  1115.276   232.96  136.65
 116952.286  1223.822   288.39  153.64
 117328.731  1346.436   325.75  160.33
 117705.193  1456.523   292.45  134.38
 118081.673  1543.800   231.85  108.40
 118458.172  1618.229   197.71   64.44
 118834.687  1637.084    50.08   67.59
 119211.221  1635.209    -4.98   84.22
 119587.772  1634.834    -1.00   99.57
 119964.342  1641.388    17.41   98.10
 120340.929  1662.203    55.28   72.81
 120717.533  1652.641   -25.39   74.28
 121094.156  1600.997  -137.14  109.01
 121470.797  1501.456  -264.32  157.15
 121847.455  1389.368  -297.62  172.20
 122224.131  1320.680  -182.37  112.64
 122600.825  1348.141    72.91  135.15
 122977.537  1440.276   244.60  175.98
 123354.266  1560.709   319.71  146.93
 123731.014  1634.141   194.93  109.19
 124107.779  1669.118    92.85   86.81
 124484.562  1670.141     2.71   66.70
 124861.363  1684.485    38.07   52.82
 125238.182  1706.163    57.54   59.92
 125615.019  1729.982    63.21   52.05
 125991.874  1732.163     5.79   48.10
 126368.746  1702.368   -79.07   70.33
 126745.637  1645.209  -151.68   71.25
 127122.545  1591.868  -141.54   51.07
 127499.471  1566.663   -66.88   30.43
 127876.415  1552.043   -38.79   23.63
 128253.377  1548.822    -8.55   26.69
 128630.357  1549.229     1.08   38.68
 129007.355  1545.368   -10.24   40.36
 129384.371  1538.456   -18.34   42.38
 129761.404  1520.550   -47.50   43.79
 130138.456  1494.656   -68.68   46.93
 130515.525  1466.764   -73.98   44.07
 130892.613  1442.186   -65.19   43.78
 131269.718  1419.974   -58.91   52.49
 131646.842  1398.346   -57.36   50.54
 132023.983  1382.345   -42.43   62.10
 132401.142  1365.253   -45.32   73.25
 132778.319  1325.278  -106.00   81.93
 133155.514  1294.632   -81.26   86.29
 133531.440  1252.276  -112.68   73.88
 133905.110  1221.922   -81.24   58.99
 134278.797  1197.165   -66.26   53.79
 134652.502  1179.284   -47.85   56.36
