# NaN NaN NaN ;Mean Elev.(m), Avg Gradient(m/km), RMS Gradient(m/km) - SRTM1     
#   78.296   0.252   1.418 ;Mean Elev.(m), Avg Gradient(m/km), RMS Gradient(m/km) - ASTER GDEM
#   76.517   0.125   1.245 ;Mean Elev.(m), Avg Gradient(m/km), RMS Gradient(m/km) - GMTED2010 
  7  69.671647  28.385599    77.030    76.913 10 52458.71033067 27.630
  8  69.673801  28.400925    77.106    77.494  4 52493.71031559 25.020
  9  69.669690  28.378053    76.060    76.251 11 52528.71029276 41.185
 10  69.671758  28.395072    76.036    75.293  5 52563.71032847 28.861
 11  69.668613  28.371204    75.074    74.872  8 52598.71034707 34.636
 12  69.668537  28.378617    75.632    75.779 11 52633.71029845 29.308
 13  69.670411  28.379426    76.666    77.206 11 52668.71031269 28.286
 14  69.671733  28.390922    76.512    77.093  7 52703.71029586 26.754
 16  69.673914  28.401547    77.068    77.471  5 52773.71028936 31.482
 17  69.668430  28.372753    76.804    76.872  9 52808.71035326 44.244
 18  69.669313  28.378873    76.903    76.925 12 52843.71041166 40.959
 19  69.669301  28.379093    76.348    76.365 12 52878.71044975 40.924
 20  69.674274  28.401896    75.861    75.857  4 52913.71041189 32.446
 21  69.671946  28.383628    75.515    74.976 11 52948.71036676 34.058
 23  69.671624  28.391048    74.404    74.679  7 53018.71039147 29.942
 24  69.671388  28.388744    74.638    74.678  8 53053.71037432 32.499
 25  69.668498  28.371602    74.051    74.042  8 53088.71040810 24.282
 26  69.670453  28.379064    74.702    74.201 11 53123.71037981 22.031
 27  69.667581  28.367407    74.993    74.973  7 53158.71043624 38.274
 28  69.671819  28.395418    77.320    77.299  5 53193.71043585 23.716
 29  69.672366  28.397827    76.704    76.690  5 53228.71043048 27.052
 30  69.671767  28.384375    75.724    75.822 11 53263.71040013 35.163
 31  69.664802  28.364699    74.969    74.654  7 53298.71043865 34.922
 32  69.671714  28.381416    75.829    76.263 12 53333.71041257 33.979
 33  69.673071  28.398011    76.796    76.973  5 53368.71035774 25.278
 34  69.671046  28.380725    75.459    74.828 12 53403.71038523 26.750
 35  69.671535  28.395447    74.843    74.859  6 53438.71037618 32.003
 36  69.668458  28.371783    74.829    74.796  9 53473.71042995 34.600
 37  69.670736  28.378973    75.763    75.765 11 53508.71045427 38.536
 38  69.668902  28.378029    76.077    75.996 11 53543.71046624 42.718
 39  69.671961  28.381812    78.280    78.283 12 53578.71044839 47.415
 40  69.671742  28.381856    76.932    76.980 12 53613.71040180 36.943
 41  69.671970  28.381052    75.688    75.681 12 53648.71040756 45.311
 42  69.668412  28.375983    75.102    75.108 11 53683.71042114 35.210
 43  69.672855  28.399262    75.798    75.383  6 53718.71035236 50.253
 44  69.671896  28.397159    74.514    74.417  5 53753.71027376 30.191
 45  69.672366  28.397845    75.038    75.018  5 53788.71030391 23.523
 46  69.671610  28.381314    74.524    74.537 12 53823.71025619 46.541
 47  69.668439  28.374066    74.602    74.633 10 53858.71034763 30.802
 48  69.671113  28.392227    77.021    77.065  7 53893.71036668 45.620
 49  69.665219  28.366180    75.976    75.835  7 53928.71041903 38.990
 50  69.668340  28.374656    78.074    78.099  9 53963.71040151 29.541
 51  69.669613  28.380446    76.721    76.699 11 53998.71035307 29.521
 52  69.671845  28.385451    76.118    76.153  9 54033.71040136 50.524
 54  69.671620  28.391870    75.257    75.297  6 54103.71035370 47.630
 55  69.670212  28.379017    75.468    75.484 12 54138.71032421 47.468
 56  69.671556  28.386790    75.475    75.502  9 54173.71033122 39.345
 57  69.669325  28.378172    76.165    76.129 11 54208.71032984 35.354
 58  69.671447  28.381847    76.932    76.937 11 54243.71036237 44.987
 59  69.671770  28.380288    77.112    77.131 12 54278.71037473 30.344
 60  69.671989  28.387872    77.122    77.253  8 54313.71037595 38.640
 61  69.670988  28.395537    76.749    76.753  6 54348.71034797 34.987
 62  69.671556  28.380195    75.588    75.579 12 54383.71031232 49.527
 63  69.671569  28.387831    75.094    75.149  8 54418.71029581 49.594
 64  69.669898  28.379148    74.857    74.871 12 54453.71028269 46.484
 65  69.671714  28.389631    74.626    74.547  7 54488.71029492 38.939
 66  69.671958  28.382102    74.336    74.335 11 54523.71029616 50.518
 67  69.671693  28.388110    74.326    74.370  8 54558.71030427 31.045
 68  69.671198  28.380261    74.779    74.792 12 54593.71029234 20.742
 69  69.671754  28.380391    75.823    75.821 12 54628.71030687 28.662
 70  69.670078  28.378500    76.332    76.333 11 54663.71031364 27.349
 71  69.671882  28.395400    76.911    76.916  6 54698.71028981 38.784
 72  69.669846  28.379709    75.501    75.509 12 54733.71027171 48.845
 73  69.671418  28.388558    74.832    74.881  8 54768.71026787 49.643
 74  69.669324  28.378304    74.542    74.521 11 54803.71026497 48.100
 75  69.672369  28.381223    73.879    73.865 12 54838.71026047 45.100
 76  69.670354  28.379284    74.201    74.201 12 54873.71026490 45.955
 77  69.671665  28.385632    74.589    74.640 10 54908.71026766 48.937
 78  69.669213  28.378845    74.870    74.863 12 54943.71025789 48.895
 79  69.671040  28.379773    75.387    75.355 12 54978.71028529 45.653
 80  69.671735  28.381024    75.777    75.770 12 55013.71029054 36.919
 81  69.672263  28.381222    76.206    76.183 12 55048.71028384 29.881
 82  69.671287  28.395004    75.906    75.881  6 55083.71025582 28.012
 83  69.671480  28.380565    75.168    75.162 12 55118.71021521 50.229
 84  69.671879  28.381657    74.739    74.732 12 55153.71021169 46.880
 85  69.669745  28.377994    74.494    74.506 11 55188.71020378 51.330
 86  69.672166  28.381218    74.086    74.086 12 55223.71021103 47.039
 87  69.672207  28.380549    74.553    74.542 12 55258.71019973 24.959
 88  69.671398  28.390807    74.830    74.833  7 55293.71020004 48.354
 89  69.669836  28.379655    75.112    75.102 12 55328.71018313 38.033
 90  69.671598  28.387634    75.672    75.718  8 55363.71017917 29.880
 91  69.670144  28.378500    76.505    76.518 11 55398.71018699 36.435
 92  69.671613  28.389745    77.877    77.925  7 55433.71019576 38.912
 93  69.672202  28.397114    75.621    75.651  5 55468.71015337 47.134
