-151865.116    91.231     0.00    3.59
-151490.543    91.574     0.92    3.40
-151115.987    91.611     0.10    3.19
-150741.449    91.978     0.98    2.71
-150366.929    92.160     0.49    2.87
-149992.427    92.628     1.25    3.51
-149617.942    93.865     3.30    3.65
-149243.475    94.286     1.12    4.07
-148869.025    95.419     3.03    3.55
-148494.593    96.654     3.30    3.54
-148120.179    97.387     1.96    3.05
-147745.783    98.268     2.35    3.16
-147371.404    98.908     1.71    3.19
-146997.043    99.602     1.85    3.34
-146622.699    99.905     0.81    3.33
-146248.373    99.410    -1.32    3.33
-145874.065    99.241    -0.45    3.50
-145499.775    99.024    -0.58    3.32
-145125.502    98.179    -2.26    3.79
-144751.246    97.628    -1.47    4.02
-144377.009    97.547    -0.22    4.05
-144002.789    97.024    -1.40    3.96
-143628.586    96.683    -0.91    3.63
-143254.401    95.646    -2.77    4.02
-142880.234    94.303    -3.59    4.01
-142506.085    93.179    -3.00    4.25
-142131.953    91.628    -4.15    3.94
-141757.838    90.246    -3.70    3.72
-141383.742    88.952    -3.46    3.49
-141009.662    87.137    -4.85    3.19
-140635.601    85.624    -4.05    3.22
-140261.557    84.117    -4.03    3.29
-139887.530    82.868    -3.34    3.36
-139513.521    81.373    -4.00    3.27
-139139.530    79.535    -4.91    3.10
-138765.556    78.140    -3.73    3.08
-138391.600    76.637    -4.02    3.16
-138017.661    74.842    -4.80    2.94
-137643.740    73.433    -3.77    3.12
-137269.837    72.024    -3.77    3.02
-136895.951    70.559    -3.92    3.10
-136522.082    69.047    -4.05    3.02
-136148.231    67.582    -3.92    2.78
-135774.398    66.187    -3.73    2.76
-135400.582    64.751    -3.84    2.71
-135026.784    64.069    -1.82    2.44
-134653.003    63.513    -1.49    2.22
-134279.239    62.628    -2.37    1.87
-133905.494    62.069    -1.50    2.22
-133531.765    61.592    -1.28    2.86
-133158.054    62.001     1.09    2.95
-132784.361    62.183     0.49    3.00
-132408.820    62.751     1.51    2.42
-132031.628    63.424     1.78    2.77
-131654.454    63.738     0.83    2.79
-131277.298    64.387     1.72    2.72
-130900.159    65.002     1.63    2.54
-130523.039    65.094     0.24    2.43
-130145.936    65.512     1.11    2.41
-129768.851    66.233     1.91    2.45
-129391.784    67.557     3.51    2.57
-129014.734    68.381     2.19    2.22
-128637.703    69.228     2.25    2.11
-128260.689    69.956     1.93    2.17
-127883.693    70.652     1.85    2.28
-127506.714    71.319     1.77    2.67
-127129.754    71.438     0.32    2.63
-126752.811    71.513     0.20    2.33
-126375.886    70.791    -1.91    2.35
-125998.979    70.349    -1.17    2.36
-125622.090    69.357    -2.63    2.48
-125245.218    68.424    -2.48    2.28
-124868.364    67.887    -1.42    1.98
-124491.528    66.926    -2.55    2.01
-124114.710    66.433    -1.31    2.32
-123737.909    65.751    -1.81    2.35
-123361.127    65.652    -0.26    2.25
-122984.361    64.615    -2.75    2.09
-122607.614    64.199    -1.10    2.44
-122230.884    63.774    -1.13    2.31
-121854.172    62.931    -2.24    2.46
-121477.478    62.319    -1.62    2.05
-121100.801    61.751    -1.51    1.98
-120724.143    61.126    -1.66    1.97
-120347.501    60.660    -1.24    1.94
-119970.878    60.243    -1.11    2.22
-119594.272    60.024    -0.58    2.33
-119217.684    58.910    -2.96    2.42
-118841.114    57.931    -2.60    2.78
-118464.561    56.956    -2.59    2.62
-118088.026    56.366    -1.57    1.96
-117711.509    56.387     0.06    2.35
-117335.009    55.373    -2.70    2.08
-116958.527    54.513    -2.28    1.83
-116582.063    52.890    -4.31    2.28
-116205.616    51.262    -4.33    2.69
-115829.187    49.569    -4.50    2.57
-115452.775    48.152    -3.77    2.17
-115076.382    47.615    -1.43    2.54
-114700.006    45.978    -4.35    3.15
-114323.647    44.884    -2.91    3.26
-113947.306    43.890    -2.64    3.02
-113570.983    42.924    -2.57    2.52
-113194.677    42.433    -1.30    2.05
-112818.389    41.767    -1.77    1.98
-112442.119    40.842    -2.46    1.82
-112065.866    39.774    -2.84    1.99
-111689.631    38.977    -2.12    1.72
-111313.413    38.160    -2.17    1.79
-110937.213    37.414    -1.98    1.66
-110561.031    36.683    -1.94    1.83
-110184.866    35.768    -2.43    1.48
-109808.719    35.456    -0.83    1.74
-109432.589    35.117    -0.90    1.94
-109056.477    34.975    -0.38    2.00
-108680.382    34.728    -0.66    1.79
-108304.305    34.449    -0.74    1.66
-107928.246    34.643     0.52    1.70
-107552.204    34.791     0.39    1.46
-107176.179    35.140     0.93    1.48
-106800.173    35.313     0.46    1.53
-106424.183    35.599     0.76    1.32
-106048.212    35.978     1.01    1.38
-105672.257    36.675     1.85    1.40
-105296.321    37.000     0.86    1.30
-104920.402    37.342     0.91    1.36
-104544.500    37.643     0.80    1.46
-104168.616    38.357     1.90    1.71
-103792.749    39.167     2.15    1.60
-103416.900    39.466     0.80    1.75
-103041.069    40.628     3.09    2.54
-102665.254    41.297     1.78    2.38
-102289.458    42.210     2.43    2.22
-101913.679    43.167     2.55    1.47
-101537.917    43.224     0.15    1.46
-101162.173    43.768     1.45    1.57
-100786.446    44.167     1.06    1.46
-100410.737    44.512     0.92    1.47
-100035.045    44.957     1.18    1.62
 -99659.371    45.206     0.66    1.77
 -99283.714    45.619     1.10    1.91
 -98908.075    45.637     0.05    2.20
 -98532.453    45.326    -0.83    2.39
 -98156.848    45.024    -0.80    2.21
 -97781.261    44.797    -0.61    2.11
 -97405.692    44.643    -0.41    1.87
 -97030.140    44.446    -0.52    1.92
 -96654.605    44.675     0.61    1.72
 -96279.087    44.865     0.51    1.76
 -95903.588    45.140     0.73    1.76
 -95528.105    45.251     0.30    1.72
 -95152.640    44.956    -0.79    1.68
 -94777.192    44.548    -1.09    1.55
 -94401.762    44.117    -1.15    1.77
 -94026.349    43.652    -1.24    1.96
 -93650.954    43.410    -0.64    1.97
 -93275.576    43.160    -0.67    1.91
 -92900.215    43.068    -0.24    1.80
 -92524.871    42.524    -1.45    1.77
 -92149.546    42.048    -1.27    1.83
 -91774.237    41.683    -0.97    1.88
 -91398.946    41.683     0.00    2.01
 -91023.672    42.115     1.15    2.01
 -90648.415    42.163     0.13    1.85
 -90273.176    42.280     0.31    1.79
 -89897.954    42.342     0.17    1.83
 -89522.750    42.117    -0.60    1.92
 -89147.563    41.713    -1.08    2.07
 -88772.393    41.698    -0.04    2.03
 -88397.241    41.683    -0.04    2.01
 -88022.106    41.721     0.10    2.12
 -87646.988    42.143     1.12    2.10
 -87271.887    41.881    -0.70    2.27
 -86896.804    41.396    -1.29    2.79
 -86521.738    41.402     0.02    3.11
 -86146.690    41.070    -0.88    3.12
 -85771.658    40.579    -1.31    3.43
 -85396.645    40.373    -0.55    3.03
 -85021.648    40.262    -0.30    3.09
 -84646.669    40.163    -0.26    3.16
 -84271.706    40.210     0.12    2.84
 -83896.762    39.524    -1.83    2.14
 -83521.834    38.728    -2.12    2.62
 -83146.924    38.228    -1.33    2.44
 -82772.031    37.547    -1.82    2.06
 -82397.155    37.214    -0.89    2.35
 -82022.297    37.069    -0.39    1.95
 -81647.456    36.797    -0.73    1.58
 -81272.632    37.001     0.55    1.76
 -80897.825    36.908    -0.25    1.72
 -80523.036    36.751    -0.42    1.80
 -80148.263    36.319    -1.15    1.85
 -79773.508    35.652    -1.78    1.75
 -79398.771    35.357    -0.79    1.61
 -79024.050    35.069    -0.77    1.55
 -78649.347    34.956    -0.30    1.48
 -78274.661    34.908    -0.13    1.53
 -77899.992    34.857    -0.13    1.40
 -77525.340    34.908     0.13    1.79
 -77150.706    35.070     0.43    2.36
 -76776.089    34.846    -0.60    2.48
 -76401.489    34.466    -1.02    2.24
 -76026.906    34.290    -0.47    1.94
 -75652.340    33.933    -0.95    1.87
 -75277.791    34.024     0.24    1.71
 -74903.260    34.187     0.43    1.85
 -74528.746    34.256     0.19    1.82
 -74154.249    34.251    -0.01    1.70
 -73779.769    34.047    -0.55    1.58
 -73405.307    33.589    -1.22    1.89
 -73030.861    33.001    -1.57    2.04
 -72656.433    31.976    -2.74    1.79
 -72282.022    30.791    -3.17    1.78
 -71907.628    30.047    -1.99    1.81
 -71533.251    29.092    -2.55    1.56
 -71158.891    28.559    -1.42    1.53
 -70784.548    27.978    -1.55    1.66
 -70410.223    27.297    -1.82    1.63
 -70035.915    26.643    -1.75    1.53
 -69661.623    26.274    -0.99    1.42
 -69287.349    25.774    -1.34    1.40
 -68913.092    25.319    -1.21    1.44
 -68538.852    24.838    -1.29    1.62
 -68164.629    24.512    -0.87    1.71
 -67790.424    24.365    -0.39    1.72
 -67416.235    23.762    -1.61    1.73
 -67042.064    23.524    -0.64    1.65
 -66667.909    22.954    -1.52    1.55
 -66293.772    22.535    -1.12    1.65
 -65919.652    22.092    -1.19    2.26
 -65545.548    21.881    -0.56    2.50
 -65171.462    21.819    -0.16    2.79
 -64797.393    21.214    -1.62    3.34
 -64423.341    20.535    -1.81    3.47
 -64049.306    20.559     0.06    3.61
 -63675.288    20.442    -0.31    3.53
 -63301.287    20.569     0.34    3.21
 -62927.304    20.548    -0.06    2.65
 -62553.337    20.202    -0.93    2.98
 -62179.387    19.595    -1.62    2.95
 -61805.454    18.559    -2.77    2.48
 -61431.539    17.768    -2.11    1.88
 -61057.640    17.547    -0.59    1.70
 -60683.758    17.512    -0.09    1.75
 -60309.894    17.146    -0.98    1.49
 -59936.046    17.001    -0.39    1.70
 -59562.216    16.609    -1.05    1.70
 -59188.402    16.233    -1.01    1.67
 -58814.605    15.667    -1.52    1.48
 -58440.826    15.478    -0.50    1.49
 -58067.063    15.117    -0.97    1.48
 -57693.318    15.099    -0.05    1.73
 -57317.269    14.887    -0.56    1.64
 -56940.123    14.634    -0.67    1.93
 -56562.995    14.833     0.53    1.76
 -56185.884    14.675    -0.42    1.67
 -55808.790    14.559    -0.31    1.59
 -55431.713    14.933     0.99    1.49
 -55054.654    15.262     0.87    1.61
 -54677.612    15.047    -0.57    1.83
 -54300.587    14.976    -0.19    1.75
 -53923.580    14.842    -0.36    1.79
 -53546.589    14.373    -1.25    1.72
 -53169.616    14.238    -0.36    1.68
 -52792.661    14.046    -0.51    1.70
 -52415.722    14.675     1.67    1.69
 -52038.801    15.071     1.05    1.82
 -51661.897    14.791    -0.74    2.02
 -51285.010    15.143     0.93    2.00
 -50908.141    15.410     0.71    1.94
 -50531.289    15.466     0.15    1.96
 -50154.454    15.683     0.58    1.60
 -49777.636    15.489    -0.51    1.64
 -49400.836    15.433    -0.15    1.92
 -49024.052    15.466     0.09    2.58
 -48647.286    15.762     0.79    2.53
 -48270.537    15.442    -0.85    2.57
 -47893.806    14.933    -1.35    2.53
 -47517.091    14.933     0.00    2.81
 -47140.394    14.605    -0.87    2.63
 -46763.714    14.206    -1.06    2.57
 -46387.051    13.419    -2.09    2.14
 -46010.405    12.768    -1.73    2.34
 -45633.777    13.069     0.80    2.42
 -45257.166    13.187     0.31    2.89
 -44880.572    13.157    -0.08    3.00
 -44503.995    13.466     0.82    2.88
 -44127.435    13.512     0.12    2.79
 -43750.892    12.977    -1.42    2.82
 -43374.367    13.303     0.86    2.56
 -42997.858    13.326     0.06    3.05
 -42621.367    12.819    -1.35    3.12
 -42244.893    12.797    -0.06    3.12
 -41868.436    11.956    -2.23    2.37
 -41491.997    11.721    -0.62    2.34
 -41115.574    12.183     1.23    2.85
 -40739.168    12.228     0.12    2.80
 -40362.780    12.303     0.20    2.57
 -39986.409    13.381     2.86    2.41
 -39610.055    13.349    -0.08    2.60
 -39233.718    13.349     0.00    2.75
 -38857.398    13.652     0.80    2.81
 -38481.095    13.512    -0.37    3.21
 -38104.809    13.652     0.37    3.24
 -37728.540    14.256     1.61    2.89
 -37352.289    14.442     0.49    2.49
 -36976.055    14.228    -0.57    2.25
 -36599.837    14.092    -0.36    1.66
 -36223.637    14.206     0.30    1.39
 -35847.454    13.628    -1.53    1.50
 -35471.287    13.652     0.06    1.62
 -35095.138    13.297    -0.94    1.68
 -34719.006    13.092    -0.54    1.56
 -34342.891    13.115     0.06    1.60
 -33966.793    13.140     0.07    1.75
 -33590.713    13.233     0.25    1.82
 -33214.649    13.000    -0.62    1.62
 -32838.602    13.094     0.25    1.52
 -32462.572    12.824    -0.72    1.53
 -32086.559    12.512    -0.83    1.47
 -31710.564    12.290    -0.59    1.34
 -31334.585    12.233    -0.15    1.64
 -30958.623    12.228    -0.01    2.08
 -30582.679    11.768    -1.22    2.17
 -30206.751    11.210    -1.48    1.91
 -29830.841    10.933    -0.74    1.70
 -29454.947    10.410    -1.39    1.53
 -29079.070    10.163    -0.66    1.49
 -28703.211     9.829    -0.89    1.29
 -28327.368     9.233    -1.58    1.46
 -27951.542     8.957    -0.73    1.60
 -27575.734     8.768    -0.50    1.47
 -27199.942     8.357    -1.09    1.41
 -26824.167     8.489     0.35    1.58
 -26448.409     8.605     0.31    1.45
 -26072.669     8.286    -0.85    1.52
 -25696.945     7.931    -0.94    1.81
 -25321.238     7.303    -1.67    1.92
 -24945.548     6.675    -1.67    1.89
 -24569.875     6.365    -0.83    1.76
 -24194.219     5.976    -1.03    1.68
 -23818.580     6.069     0.25    1.46
 -23442.958     6.092     0.06    1.52
 -23067.352     6.024    -0.18    1.35
 -22691.764     5.819    -0.54    1.23
 -22316.193     5.675    -0.38    1.25
 -21940.638     5.442    -0.62    1.16
 -21565.101     5.190    -0.67    1.25
 -21189.580     5.373     0.49    1.27
 -20814.076     5.365    -0.02    1.35
 -20438.589     5.187    -0.47    1.29
 -20063.119     5.410     0.60    1.02
 -19687.666     5.256    -0.41    1.43
 -19312.230     5.117    -0.37    1.72
 -18936.811     4.976    -0.37    1.71
 -18561.408     4.791    -0.49    1.91
 -18186.023     4.751    -0.11    1.74
 -17810.654     4.559    -0.51    1.65
 -17435.302     4.652     0.25    1.73
 -17059.967     4.571    -0.21    1.77
 -16684.649     4.274    -0.79    1.63
 -16309.348     3.846    -1.14    1.74
 -15934.064     3.419    -1.14    1.65
 -15558.796     3.228    -0.51    1.47
 -15183.546     3.024    -0.55    1.43
 -14808.312     2.605    -1.12    1.37
 -14433.095     2.452    -0.41    1.43
 -14057.894     2.140    -0.83    1.37
 -13682.711     2.024    -0.31    1.28
 -13307.545     1.838    -0.50    1.42
 -12932.395     1.890     0.14    1.34
 -12557.262     1.977     0.23    1.53
 -12182.146     1.865    -0.30    1.64
 -11807.047     1.810    -0.15    1.59
 -11431.964     2.163     0.94    1.57
 -11056.898     2.206     0.11    1.50
 -10681.850     2.660     1.21    1.66
 -10306.817     2.489    -0.46    1.70
  -9931.802     2.500     0.03    1.71
  -9556.804     2.433    -0.18    1.59
  -9181.822     2.419    -0.04    1.55
  -8806.857     2.160    -0.69    1.52
  -8431.909     1.637    -1.39    1.53
  -8056.977     1.582    -0.15    1.59
  -7682.062     1.745     0.43    1.52
  -7307.165     1.786     0.11    1.49
  -6932.283     1.190    -1.59    1.61
  -6557.419     1.313     0.33    1.67
  -6182.571     1.140    -0.46    1.65
  -5807.740     1.206     0.17    1.69
  -5432.926     1.628     1.13    1.61
  -5058.129     1.210    -1.12    1.61
  -4683.348     1.206    -0.01    1.82
  -4308.584     0.908    -0.80    1.99
  -3933.836     0.410    -1.33    2.19
  -3559.106     0.047    -0.97    2.12
  -3184.392     0.319     0.73    2.66
  -2809.695     0.582     0.70    2.70
  -2435.014     0.745     0.43    2.63
  -2060.350     1.024     0.74    2.37
  -1685.703     1.069     0.12    1.71
  -1311.073     1.187     0.31    1.72
   -936.459     1.024    -0.43    2.10
   -561.862     0.512    -1.37    2.58
   -187.282    -0.243    -2.02    2.87
    187.282    -0.830    -1.57    2.93
    561.829    -1.119    -0.77    2.82
    936.359    -1.185    -0.18    2.67
   1310.873    -1.092     0.25    2.10
   1685.370    -0.953     0.37    2.12
   2059.850    -1.181    -0.61    2.45
   2434.314    -2.022    -2.25    2.86
   2808.761    -2.658    -1.70    2.78
   3183.192    -3.071    -1.10    2.42
   3557.605    -3.158    -0.23    2.29
   3932.002    -2.499     1.76    2.43
   4306.383    -2.090     1.09    2.60
   4680.747    -1.697     1.05    2.54
   5055.094    -0.720     2.61    2.35
   5429.425    -0.158     1.50    2.12
   5803.739     0.210     0.98    1.31
   6178.036     0.319     0.29    1.41
   6552.317     0.419     0.27    1.47
   6926.582     0.349    -0.19    1.44
   7300.829     0.489     0.37    1.53
   7675.060     0.738     0.67    1.55
   8049.275     0.489    -0.67    1.53
   8423.473     0.326    -0.44    1.58
   8797.654     0.233    -0.25    1.54
   9171.819    -0.238    -1.26    1.56
   9545.967    -0.279    -0.11    1.60
   9920.098    -0.069     0.56    1.78
  10294.213     0.262     0.89    1.91
  10668.312     0.297     0.09    1.70
  11042.394     0.419     0.33    1.68
  11416.459     0.833     1.11    1.98
  11790.508     1.070     0.63    1.98
  12164.540     1.297     0.60    2.18
  12538.556     1.419     0.33    2.04
  12912.555     1.049    -0.99    1.79
  13286.538     0.865    -0.49    1.80
  13660.504     1.099     0.63    1.73
  14034.454     1.548     1.20    2.06
  14408.387     1.838     0.78    2.08
  14782.303     1.791    -0.12    2.03
  15156.203     1.865     0.20    2.31
  15530.087     2.274     1.09    2.37
  15903.954     2.615     0.91    2.60
  16277.805     2.682     0.18    2.71
  16651.639     2.548    -0.36    2.70
  17025.456     2.280    -0.72    2.61
  17399.257     1.908    -1.00    2.29
  17775.804     1.228    -1.80    2.26
  18152.904     0.665    -1.49    2.22
  18529.987     0.206    -1.22    1.77
  18907.053    -0.119    -0.86    1.56
  19284.103    -0.046     0.19    1.74
  19661.136    -0.023     0.06    1.91
  20038.152    -0.251    -0.61    1.87
  20415.151    -0.135     0.31    1.74
  20792.134    -0.757    -1.65    1.54
  21169.099    -1.167    -1.09    1.47
  21546.048    -1.441    -0.73    1.47
  21922.981    -1.857    -1.10    1.92
  22299.896    -2.022    -0.44    2.11
  22676.795    -2.201    -0.48    2.17
  23053.677    -2.476    -0.73    1.85
  23430.542    -2.333     0.38    1.86
  23807.391    -2.069     0.70    1.85
  24184.223    -1.976     0.25    1.60
  24561.038    -2.401    -1.13    1.65
  24937.836    -2.544    -0.38    1.59
  25314.618    -2.952    -1.08    1.59
  25691.383    -2.952    -0.00    1.69
  26068.131    -2.953    -0.00    1.64
  26444.863    -3.074    -0.32    1.62
  26821.578    -3.294    -0.59    1.43
  27198.276    -3.076     0.58    1.53
  27574.958    -3.000     0.20    1.73
  27951.622    -3.024    -0.06    1.91
  28328.271    -3.604    -1.54    1.79
  28704.902    -3.511     0.25    1.55
  29081.517    -3.586    -0.20    1.61
  29458.115    -4.203    -1.64    1.80
  29834.696    -4.269    -0.17    1.98
  30211.261    -4.232     0.10    1.77
  30587.809    -3.813     1.11    1.66
  30964.341    -3.293     1.38    1.66
  31340.856    -3.226     0.18    1.79
  31717.354    -3.452    -0.60    1.95
  32093.835    -3.881    -1.14    1.94
  32470.300    -4.534    -1.74    1.61
  32846.749    -4.883    -0.93    1.51
  33223.180    -5.116    -0.62    1.66
  33599.595    -5.357    -0.64    1.77
  33975.994    -5.511    -0.41    1.61
  34352.375    -5.452     0.16    1.70
  34728.741    -5.441     0.03    1.39
  35105.089    -5.499    -0.15    1.68
  35481.421    -5.830    -0.88    1.44
  35857.737    -5.885    -0.15    1.34
  36234.035    -5.857     0.07    1.56
  36610.318    -5.690     0.44    1.38
  36986.583    -5.860    -0.45    1.52
  37362.832    -5.906    -0.12    1.39
  37739.065    -6.046    -0.37    1.39
  38115.280    -5.952     0.25    1.37
  38491.480    -5.697     0.68    1.26
  38867.663    -5.595     0.27    1.32
  39243.829    -5.302     0.78    1.27
  39619.978    -5.499    -0.52    1.47
  39996.111    -5.571    -0.19    1.74
  40372.228    -5.522     0.13    1.66
  40748.328    -5.595    -0.20    1.87
  41124.411    -5.429     0.44    1.42
  41500.478    -5.465    -0.10    1.61
  41876.528    -5.790    -0.87    1.71
  42252.562    -6.162    -0.99    1.42
  42628.580    -6.524    -0.96    1.35
  43004.580    -6.441     0.22    1.30
  43380.565    -5.929     1.36    1.40
  43756.532    -5.405     1.39    1.19
  44132.484    -5.431    -0.07    1.44
  44508.418    -5.464    -0.09    1.86
  44884.336    -5.613    -0.40    1.92
  45260.238    -5.744    -0.35    1.84
  45636.123    -5.500     0.65    1.35
  46011.992    -5.720    -0.59    1.31
  46387.844    -5.744    -0.06    1.39
  46763.680    -6.046    -0.80    1.33
  47139.499    -6.026     0.05    1.58
  47515.302    -5.567     1.22    1.82
  47891.089    -5.238     0.88    2.06
  48266.858    -4.619     1.65    2.27
  48642.612    -4.813    -0.52    2.26
  49018.349    -5.269    -1.21    2.32
  49394.069    -5.522    -0.67    2.32
  49769.773    -6.440    -2.44    1.47
  50145.461    -6.604    -0.44    1.27
  50521.132    -6.667    -0.17    1.14
  50896.787    -6.658     0.02    1.18
  51272.425    -7.023    -0.97    1.07
  51648.047    -7.226    -0.54    1.13
  52023.653    -7.113     0.30    1.23
  52399.242    -7.147    -0.09    1.58
  52774.814    -6.310     2.23    2.52
  53150.371    -5.697     1.63    2.53
  53525.910    -5.476     0.59    2.31
  53901.434    -5.703    -0.61    2.40
  54276.941    -6.098    -1.05    1.73
  54652.431    -6.090     0.02    1.60
  55027.906    -6.123    -0.09    1.44
  55403.363    -6.090     0.09    1.45
  55778.805    -6.381    -0.78    1.47
  56154.230    -6.851    -1.25    1.54
  56529.638    -6.544     0.82    1.86
  56905.031    -6.668    -0.33    2.10
  57280.407    -6.810    -0.38    2.00
  57655.766    -6.883    -0.20    1.96
  58031.110    -7.185    -0.81    1.61
  58406.436    -7.203    -0.05    1.61
  58781.747    -7.226    -0.06    1.50
  59157.041    -7.249    -0.06    1.58
  59532.319    -7.342    -0.25    1.46
  59907.580    -7.385    -0.12    1.62
  60282.825    -7.953    -1.51    1.52
  60658.054    -8.342    -1.04    1.79
  61033.267    -8.567    -0.60    1.66
  61408.463    -8.540     0.07    1.25
  61783.643    -8.658    -0.31    1.22
  62158.806    -8.255     1.07    1.32
  62533.953    -7.999     0.68    1.32
  62909.084    -8.522    -1.39    1.92
  63284.199    -8.726    -0.55    1.92
  63659.297    -9.181    -1.21    1.76
  64034.379    -9.258    -0.21    1.64
  64409.445    -9.302    -0.12    1.36
  64784.494    -9.226     0.20    1.40
  65159.527    -9.232    -0.02    1.53
  65534.544    -9.113     0.32    1.49
  65909.545    -8.950     0.43    1.30
  66284.529    -9.203    -0.68    1.49
  66659.497    -9.143     0.16    1.50
  67034.449    -9.348    -0.55    1.60
  67409.384    -8.790     1.49    1.92
  67784.304    -8.401     1.04    1.85
  68159.207    -8.635    -0.62    1.78
  68534.093    -8.668    -0.09    1.62
  68908.964    -9.232    -1.50    1.07
  69283.818    -9.340    -0.29    0.92
  69658.656    -9.116     0.60    0.99
  70033.478    -9.113     0.01    0.93
  70408.283    -9.371    -0.69    1.20
  70783.073    -8.544     2.21    2.97
  71157.846    -5.801     7.32    5.02
  71532.603    -4.567     3.29    4.58
  71907.344    -4.249     0.85    4.11
  72282.068    -5.025    -2.07    4.08
  72656.776    -7.363    -6.24    3.37
  73031.468    -7.739    -1.01    3.06
  73406.144    -5.908     4.89    5.06
  73780.804    -4.185     4.60    5.05
  74155.447    -4.408    -0.59    4.81
  74530.075    -5.209    -2.14    4.65
  74904.686    -6.515    -3.49    3.58
  75279.281    -7.067    -1.47    3.28
  75653.860    -7.726    -1.76    2.81
  76028.422    -7.488     0.64    2.81
  76402.969    -7.651    -0.43    3.08
  76777.499    -7.238     1.10    3.23
  77152.013    -7.544    -0.82    2.86
  77526.511    -7.592    -0.13    2.85
  77900.993    -7.476     0.31    2.74
  78275.459    -7.857    -1.02    2.82
  78649.908    -8.558    -1.87    3.27
  79024.341    -9.500    -2.52    2.72
  79398.759   -10.049    -1.47    2.32
  79773.160    -9.999     0.13    2.33
  80147.545    -9.903     0.26    1.92
  80521.914    -9.857     0.12    1.67
  80896.267    -9.697     0.43    1.99
  81270.603    -9.262     1.16    2.58
  81644.924    -9.310    -0.13    2.56
  82019.228    -9.301     0.02    2.63
  82393.516    -8.408     2.39    3.24
  82767.789    -7.562     2.26    4.09
  83142.045    -6.558     2.68    4.33
  83516.285    -6.385     0.46    4.06
  83890.509    -7.214    -2.22    3.74
  84264.717    -8.627    -3.78    2.96
  84638.909    -9.348    -1.93    2.38
  85013.084    -9.452    -0.28    1.81
  85387.244    -9.738    -0.76    1.25
  85761.388    -9.069     1.79    1.97
  86135.515    -7.581     3.98    3.84
  86509.627    -7.418     0.44    3.85
  86883.722    -6.431     2.64    4.27
  87257.801    -5.162     3.39    4.17
  87631.865    -5.744    -1.55    4.74
  88005.912    -7.048    -3.49    5.02
  88379.943    -9.348    -6.15    4.19
  88753.958   -11.651    -6.16    1.29
  89127.958   -11.158     1.32    2.89
  89501.941    -9.544     4.31    3.92
  89875.908    -8.999     1.46    4.49
  90249.859    -8.952     0.13    4.51
  90623.794    -9.071    -0.32    4.48
  90997.713    -9.548    -1.27    4.25
  91371.616    -9.627    -0.21    3.99
  91745.503   -10.340    -1.91    3.14
  92119.374   -10.046     0.79    3.00
  92493.229    -9.658     1.04    3.65
  92870.266    -8.571     2.88    4.05
  93247.323    -7.786     2.08    3.90
  93624.363    -8.209    -1.12    3.90
  94001.388    -9.441    -3.27    3.80
  94378.396    -9.953    -1.36    3.34
  94755.388   -10.372    -1.11    3.42
  95132.363   -10.810    -1.16    3.45
  95509.323   -10.333     1.26    3.98
  95886.266    -9.325     2.67    4.13
  96263.193    -8.279     2.78    3.73
  96640.103    -8.429    -0.40    4.44
  97016.997    -9.476    -2.78    4.73
  97393.875   -10.441    -2.56    5.29
  97770.737   -11.604    -3.09    4.98
  98147.583   -12.408    -2.13    3.98
  98524.412   -12.744    -0.89    3.15
  98901.225   -13.590    -2.25    1.96
  99278.022   -13.952    -0.96    1.44
  99654.803   -13.905     0.13    1.37
 100031.568   -14.024    -0.32    1.59
 100408.316   -13.863     0.43    1.57
 100785.048   -13.697     0.44    1.56
 101161.764   -12.465     3.27    2.86
 101538.464   -10.190     6.04    4.80
 101915.147    -7.906     6.06    4.56
 102291.815    -7.465     1.17    4.18
 102668.466    -8.476    -2.69    4.73
 103045.101   -10.581    -5.59    3.74
 103421.719   -11.567    -2.62    3.71
 103798.322   -10.095     3.91    4.31
 104174.908    -8.690     3.73    4.51
 104551.479    -8.232     1.22    4.12
 104928.033   -10.209    -5.25    3.77
 105304.571   -11.544    -3.55    3.43
 105681.093   -12.697    -3.06    3.42
 106057.598   -13.643    -2.51    2.99
 106434.088   -13.929    -0.76    3.41
 106810.561   -13.023     2.41    4.83
 107187.018   -12.372     1.73    5.59
 107563.460   -11.429     2.50    6.05
 107939.885   -10.840     1.56    6.81
 108316.293   -10.465     1.00    6.30
 108692.686    -9.595     2.31    5.75
 109069.063   -10.953    -3.61    4.76
 109445.423   -11.162    -0.56    5.35
 109821.768   -10.837     0.87    5.87
 110198.096   -11.023    -0.49    6.13
 110574.408   -12.476    -3.86    6.88
 110950.704   -11.381     2.91    7.68
 111326.984    -8.744     7.01    8.91
 111703.248    -7.090     4.39    7.65
 112079.496    -8.255    -3.10    8.05
 112455.728    -9.385    -3.00    7.70
 112831.943    -7.544     4.89    8.07
 113208.143    -6.976     1.51    7.50
 113584.327    -7.139    -0.43    7.41
 113960.494    -9.092    -5.19    7.83
 114336.645   -11.302    -5.87    6.42
 114712.781   -10.023     3.40    6.99
 115088.900    -8.429     4.24    6.50
 115465.003    -8.627    -0.53    5.66
 115841.090    -9.534    -2.41    5.16
 116217.162   -11.833    -6.11    5.08
 116593.217   -13.883    -5.45    5.09
 116969.256   -14.627    -1.98    5.38
 117345.279   -14.135     1.31    6.25
 117721.286   -12.762     3.65    6.26
 118097.277   -13.372    -1.62    5.76
 118473.252   -13.000     0.99    6.67
 118849.211   -11.209     4.76    7.71
 119225.154    -9.069     5.69    7.66
 119601.081    -7.830     3.30    7.00
 119976.992   -11.720   -10.35    7.95
 120352.887   -16.167   -11.83    4.43
 120728.766   -17.905    -4.62    2.97
 121104.629   -15.627     6.06    4.63
 121480.476   -11.857    10.03    6.07
 121856.307    -9.762     5.57    4.68
 122232.122    -9.391     0.99    3.80
 122607.921   -10.441    -2.80    4.03
 122983.704   -12.415    -5.25    3.44
 123359.471   -13.697    -3.41    4.52
 123735.222   -13.738    -0.11    6.30
 124110.957   -12.801     2.49    8.38
 124486.676   -13.635    -2.22    9.38
 124862.380   -15.576    -5.17    8.53
 125238.067   -17.238    -4.42    5.43
 125613.738   -16.548     1.84    4.57
 125989.394   -13.906     7.03    5.82
 126365.033   -10.762     8.37    6.35
 126740.657    -9.171     4.23    5.84
 127116.264    -7.908     3.36    5.49
 127491.856    -8.366    -1.22    4.58
 127867.432   -11.158    -7.43    5.20
 128242.992   -13.310    -5.73    6.04
 128618.536   -16.726    -9.10    4.37
 128994.064   -18.203    -3.93    4.23
 129369.576   -15.592     6.95    7.82
 129745.072   -10.881    12.54    9.06
 130120.553    -6.627    11.33    7.29
 130496.017    -4.395     5.95    4.43
 130871.466    -8.863   -11.90    7.38
 131246.898   -14.897   -16.07    7.40
 131622.315   -18.453    -9.47    6.28
 131997.716   -16.635     4.84    9.07
 132373.101   -10.720    15.75   11.41
 132748.470    -6.139    12.20    9.00
 133123.824    -6.366    -0.61    8.01
 133499.161   -10.681   -11.49    9.96
 133874.483   -17.412   -17.93    7.14
 134249.789   -18.930    -4.04    5.34
 134625.078   -14.139    12.76   10.40
 135000.352    -8.255    15.68   10.24
 135375.611    -6.135     5.65    8.06
 135750.853    -5.713     1.13    7.67
 136126.080    -6.385    -1.79    6.92
 136501.290    -9.676    -8.77    6.62
 136876.485   -11.931    -6.01    7.21
 137251.664   -13.488    -4.15    6.78
 137626.827   -13.720    -0.62    6.99
 138001.975   -12.499     3.25    7.46
 138377.107   -11.687     2.16    8.28
 138752.222   -13.499    -4.83    8.97
 139127.322   -14.558    -2.82    9.56
 139502.406   -12.860     4.53   10.30
 139877.475    -8.522    11.57   11.23
 140252.527    -4.797     9.93    8.14
 140627.564    -9.113   -11.51    9.49
 141002.585   -13.440   -11.54    7.50
 141377.591   -13.325     0.31    7.67
 141752.580   -11.372     5.21    8.19
 142127.554    -9.701     4.45    8.50
 142502.512    -8.476     3.27    7.77
 142877.454   -10.818    -6.25    7.31
 143252.380   -13.794    -7.94    6.81
 143627.291   -16.930    -8.36    6.16
 144002.186   -18.372    -3.85    5.56
 144377.065   -18.185     0.50    5.33
 144751.928   -15.361     7.53    7.50
 145126.776   -10.772    12.24    9.16
 145501.608    -9.501     3.39    8.62
 145876.424   -13.310   -10.16    9.30
 146251.225   -16.476    -8.45    7.66
 146626.009   -16.098     1.01    7.45
 147000.778   -10.931    13.79    9.41
 147375.532    -6.276    12.42    7.63
 147750.269    -4.167     5.63    6.62
 148124.991    -4.786    -1.65    6.54
 148499.697    -9.286   -12.01    8.62
 148874.388   -12.952    -9.78    7.63
 149249.062   -12.714     0.64    8.32
 149623.721    -9.357     8.96   10.56
 149998.365    -4.513    12.93    8.65
 150372.992    -3.627     2.36    7.07
 150747.604    -6.976    -8.94    7.40
 151122.201   -11.024   -10.80    7.31
 151496.781   -15.674   -12.41    6.64
 151871.346   -18.209    -6.77    5.06
 152245.895   -20.357    -5.74    3.70
 152620.429   -19.714     1.72    3.86
 152994.947   -18.697     2.72    5.54
 153369.449   -15.906     7.45    6.83
 153743.936   -13.558     6.27    6.31
 154118.407   -13.340     0.58    5.72
 154492.862   -13.232     0.29    5.39
 154867.302   -14.929    -4.53    5.10
 155241.726   -17.976    -8.14    3.56
 155616.134   -20.167    -5.85    3.26
 155990.527   -20.744    -1.54    4.31
 156364.904   -19.567     3.14    5.89
 156739.266   -18.953     1.64    6.21
 157113.612   -16.181     7.40    7.45
 157487.942   -14.857     3.54    7.13
 157862.257   -12.738     5.66    8.03
 158236.556   -10.929     4.83    8.63
 158610.839    -9.999     2.48    8.41
 158985.107   -10.860    -2.30    8.45
 159359.360   -15.348   -11.99    7.54
 159733.596   -16.232    -2.36    7.51
 160107.817   -14.348     5.03    8.02
 160482.023   -10.071    11.43    9.07
 160856.213    -8.162     5.10    7.95
 161230.387    -9.214    -2.81    7.62
 161604.546    -9.667    -1.21    7.96
 161978.689   -10.571    -2.42    7.80
 162352.817   -10.927    -0.95    7.70
 162726.929   -12.340    -3.77    8.11
 163101.025   -15.797    -9.24    6.89
 163475.106   -15.999    -0.54    5.35
 163849.172   -13.810     5.85    6.59
 164223.222   -12.116     4.53    6.46
 164597.256   -11.952     0.44    4.97
 164971.275   -14.001    -5.48    6.86
 165345.278   -17.726    -9.96    5.89
 165719.266   -20.720    -8.00    4.36
 166093.238   -19.883     2.24    6.78
 166467.194   -17.372     6.72    7.47
 166841.135   -14.651     7.28    7.60
 167215.061   -13.999     1.74    8.05
 167589.457   -15.687    -4.51    7.75
 167966.481   -16.749    -2.82    7.11
 168343.490   -13.781     7.87    7.71
 168720.483   -11.604     5.77    7.59
 169097.461   -11.024     1.54    7.34
 169474.422   -13.156    -5.65    8.14
 169851.368   -17.772   -12.24    7.75
 170228.298   -20.694    -7.75    6.81
 170605.212   -22.190    -3.97    6.44
 170982.110   -21.953     0.63    6.04
 171358.993   -21.123     2.20    5.77
 171735.860   -21.090     0.09    5.30
 172112.711   -17.592     9.28    6.51
 172489.547   -13.567    10.68    7.99
 172866.366   -10.790     7.37    8.07
 173243.170    -7.883     7.71    7.34
 173619.958    -7.840     0.12    6.95
 173996.731    -8.845    -2.67    9.81
 174373.488   -10.385    -4.09   10.26
 174750.229   -13.415    -8.04   10.33
 175126.954   -16.385    -7.88    9.80
 175503.664   -18.952    -6.81    6.89
 175880.358   -18.643     0.82    6.23
 176257.036   -17.613     2.73    5.80
 176633.699   -18.053    -1.17    5.56
 177010.345   -18.690    -1.69    5.61
 177386.977   -20.067    -3.65    5.55
 177763.592   -21.366    -3.45    5.74
 178140.192   -22.567    -3.19    5.09
 178516.776   -23.134    -1.51    5.75
 178893.344   -22.749     1.02    7.06
 179269.897   -21.302     3.84    6.84
 179646.434   -19.418     5.00    8.15
 180022.956   -19.567    -0.40    8.00
 180399.461   -20.258    -1.84    8.08
 180775.952   -22.681    -6.43    6.62
 181152.426   -22.176     1.34    7.33
 181528.885   -18.363    10.13    9.20
 181905.328   -13.833    12.03    7.52
 182281.756   -13.643     0.51    7.30
 182658.167   -15.090    -3.84    6.98
 183034.564   -17.897    -7.46    6.46
 183410.944   -17.857     0.11    6.42
 183787.309   -16.255     4.26    6.43
 184163.659   -15.333     2.45    6.77
 184539.992   -14.044     3.42    6.20
 184916.311   -14.450    -1.08    6.05
 185292.613   -16.067    -4.30    5.71
 185668.900   -18.511    -6.49    5.88
 186045.171   -18.651    -0.37    5.78
 186421.427   -17.604     2.78    6.60
 186797.667   -15.797     4.80    7.23
 187173.892   -14.385     3.75    7.81
 187550.101   -14.244     0.37    7.95
 187926.294   -15.405    -3.08    7.67
 188302.472   -17.500    -5.57    7.61
 188678.634   -18.269    -2.04    7.22
 189054.781   -19.181    -2.42    5.79
 189430.912   -19.608    -1.14    5.27
 189807.027   -19.381     0.60    4.65
 190183.127   -18.488     2.37    5.35
 190559.212   -17.238     3.32    5.75
 190935.280   -14.857     6.33    6.17
 191311.334   -14.489     0.98    5.84
 191687.372   -16.817    -6.19    7.39
 192063.394   -19.738    -7.77    7.16
 192439.400   -22.302    -6.82    7.34
 192815.392   -24.262    -5.21    6.01
 193191.367   -23.610     1.73    6.91
 193567.327   -19.317    11.42    8.20
 193943.272   -16.251     8.15    7.57
 194319.201   -14.023     5.93    7.74
 194695.114   -13.813     0.56    9.04
 195071.012   -15.269    -3.87    9.62
 195446.895   -17.511    -5.96    9.70
 195822.762   -18.276    -2.04    8.81
 196198.613   -18.238     0.10    8.06
 196574.449   -18.220     0.05    8.21
 196950.270   -18.348    -0.34    7.00
 197326.075   -19.048    -1.86    7.04
 197701.864   -19.952    -2.41    6.37
 198077.638   -21.405    -3.86    6.43
 198453.397   -22.123    -1.91    6.40
 198829.140   -24.071    -5.19    5.38
 199204.868   -24.294    -0.59    5.31
 199580.580   -23.714     1.54    5.90
 199956.276   -23.524     0.51    6.72
 200331.958   -22.139     3.69    6.49
 200707.623   -20.810     3.54    6.95
 201083.274   -18.619     5.83    8.05
 201458.909   -17.255     3.63    8.26
 201834.528   -17.813    -1.49    7.92
 202210.132   -17.203     1.62    8.29
 202585.721   -16.595     1.62    9.62
 202961.294   -14.833     4.69   10.11
 203336.852   -14.635     0.53    9.64
 203712.394   -14.558     0.21    9.24
 204087.921   -14.465     0.25    9.03
 204463.432   -14.749    -0.76    7.58
 204838.928   -14.046     1.87    7.54
 205214.409   -13.116     2.48    7.25
 205589.874   -11.595     4.05    7.40
 205965.324   -11.586     0.02    6.30
 206340.758   -14.162    -6.86    7.38
 206716.177   -17.363    -8.52    7.85
 207091.581   -19.190    -4.87    7.51
 207466.969   -21.431    -5.97    7.33
 207842.342   -22.810    -3.67    6.21
 208217.699   -22.286     1.40    7.25
 208593.042   -23.418    -3.02    7.32
 208968.368   -24.581    -3.10    7.82
 209343.680   -25.262    -1.81    8.25
 209718.976   -26.418    -3.08    7.18
 210094.256   -25.262     3.08    7.83
 210469.522   -23.810     3.87    8.16
 210844.772   -21.905     5.08    8.24
 211220.006   -19.999     5.08    7.84
 211595.225   -19.196     2.14    7.99
 211970.429   -18.524     1.79    8.53
 212345.618   -18.534    -0.03    9.01
 212720.791   -19.201    -1.78    9.58
 213095.949   -20.090    -2.37   10.08
 213471.091   -20.854    -2.04   10.23
 213846.219   -21.905    -2.80   10.55
 214221.331   -22.000    -0.25   11.14
 214596.427   -21.143     2.28   11.81
 214971.508   -19.590     4.14   11.79
 215346.574   -18.233     3.62   11.06
 215721.625   -19.840    -4.28   10.24
 216096.661   -20.262    -1.13    7.91
 216471.681   -19.604     1.75    8.35
 216846.685   -19.786    -0.48    8.29
 217221.675   -19.345     1.18    8.64
 217596.649   -20.272    -2.47    8.78
 217971.608   -22.027    -4.68    7.61
 218346.552   -23.762    -4.63    7.13
 218721.480   -25.255    -3.98    5.98
 219096.393   -25.415    -0.43    6.54
 219471.291   -23.090     6.20    8.73
 219846.174   -19.739     8.94    8.45
 220221.041   -20.044    -0.81    8.73
 220595.893   -21.357    -3.50    8.73
 220970.730   -24.067    -7.23    8.80
 221345.551   -26.511    -6.52    8.75
 221720.358   -27.156    -1.72    9.83
 222095.149   -24.885     6.06   11.08
 222469.924   -21.822     8.17   12.68
 222844.685   -21.209     1.64   13.38
 223219.430   -18.023     8.50   12.47
 223594.161   -16.976     2.79   12.77
 223968.875   -19.840    -7.64   12.34
 224343.575   -21.792    -5.21    9.78
 224718.260   -22.279    -1.30    8.85
 225092.929   -21.999     0.74    7.96
 225467.583   -19.619     6.35    7.79
 225842.222   -18.024     4.26    6.62
 226216.845   -20.130    -5.62    7.83
 226591.454   -24.022   -10.39    8.24
 226966.047   -28.426   -11.76    6.89
 227340.625   -30.286    -4.96    6.19
 227715.188   -31.643    -3.62    6.20
 228089.736   -31.123     1.39    7.80
 228464.268   -29.302     4.86    9.36
 228838.786   -27.464     4.91   10.26
 229213.288   -26.071     3.72   10.12
 229587.775   -26.025     0.12    9.67
 229962.247   -27.720    -4.53    9.03
 230336.704   -28.690    -2.59    9.00
 230711.145   -29.534    -2.25    7.59
 231085.571   -29.095     1.17    6.91
 231459.983   -27.381     4.58    6.50
 231834.379   -25.220     5.77    6.17
 232208.760   -21.837     9.04    5.80
 232583.126   -21.000     2.23    5.05
 232957.476   -19.837     3.11    4.90
 233331.812   -20.488    -1.74    5.79
 233706.132   -21.119    -1.69    6.64
 234080.437   -22.684    -4.18    7.59
 234454.728   -24.952    -6.06    7.95
 234829.003   -26.627    -4.47    8.40
 235203.263   -25.790     2.24    9.83
 235577.508   -25.571     0.58    9.58
 235951.737   -24.418     3.08    9.85
 236325.952   -24.441    -0.06    9.67
 236700.151   -24.429     0.03    9.69
 237074.336   -24.333     0.25    7.80
 237448.505   -25.071    -1.97    6.93
 237822.659   -26.429    -3.63    7.75
 238196.799   -26.952    -1.40    8.75
 238570.923   -27.534    -1.56    9.05
 238945.032   -26.738     2.13    8.81
 239319.126   -26.476     0.70    7.79
 239693.205   -25.703     2.07    7.64
 240067.268   -24.901     2.14    7.23
 240441.317   -23.286     4.32    6.37
 240815.351   -21.767     4.06    6.35
 241189.370   -20.000     4.72    6.04
 241563.373   -19.863     0.37    7.69
 241937.362   -19.292     1.53    7.18
 242311.335   -19.590    -0.80    7.58
 242686.283   -20.537    -2.53    6.78
 243063.271   -22.162    -4.31    6.06
 243440.243   -21.452     1.88    6.24
 243817.200   -21.476    -0.06    6.30
 244194.141   -20.931     1.45    6.12
 244571.068   -20.027     2.40    6.38
 244947.979   -20.905    -2.33    6.30
 245324.875   -22.185    -3.40    6.52
 245701.755   -23.976    -4.75    6.65
 246078.620   -24.522    -1.45    7.69
 246455.470   -24.951    -1.14    8.88
 246832.305   -23.883     2.83    9.58
 247209.124   -21.837     5.43    9.77
 247585.929   -21.190     1.71    8.34
 247962.717   -18.635     6.78    5.95
 248339.491   -18.555     0.21    5.68
 248716.250   -20.999    -6.49    7.19
 249092.993   -23.214    -5.88    6.49
 249469.721   -26.372    -8.38    5.88
 249846.434   -28.185    -4.81    5.15
 250223.131   -28.694    -1.35    4.86
 250599.813   -29.044    -0.93    4.71
 250976.481   -28.130     2.43    4.89
 251353.132   -26.113     5.36    5.18
 251729.769   -25.000     2.95    5.17
 252106.391   -24.130     2.31    4.82
 252482.997   -23.794     0.89    4.72
 252859.588   -22.792     2.66    5.63
 253236.164   -22.405     1.03    6.19
 253612.724   -21.581     2.19    5.90
 253989.270   -22.074    -1.31    6.12
 254365.800   -21.817     0.68    6.28
 254742.315   -19.924     5.03    6.10
 255118.815   -19.325     1.59    6.96
 255495.300   -19.627    -0.80    7.62
 255871.770   -19.952    -0.86    7.94
 256248.224   -23.558    -9.57    8.28
 256624.663   -25.925    -6.29    6.35
 257001.087   -26.522    -1.58    7.24
 257377.496   -27.854    -3.54    6.86
 257753.890   -28.790    -2.49    6.81
 258130.269   -28.929    -0.37    6.14
 258506.632   -29.123    -0.52    5.57
 258882.981   -29.385    -0.70    5.10
 259259.314   -29.426    -0.11    6.18
 259635.632   -28.190     3.28    7.57
 260011.935   -29.405    -3.23    7.98
 260388.223   -29.342     0.17    7.84
 260764.496   -30.092    -1.99    6.66
 261140.753   -30.104    -0.03    5.72
 261516.996   -29.119     2.62    4.63
 261893.223   -29.667    -1.46    3.97
 262269.435   -28.786     2.34    5.49
 262645.632   -28.714     0.19    7.72
 263021.815   -30.801    -5.55    7.15
 263397.982   -32.976    -5.78    8.21
 263774.133   -35.951    -7.91    7.38
 264150.270   -37.476    -4.05    6.28
 264526.392   -37.000     1.27    6.95
 264902.499   -36.095     2.41    8.46
 265278.590   -32.714     8.99   11.25
 265654.667   -30.476     5.95   11.43
 266030.728   -30.767    -0.77    8.69
 266406.774   -33.022    -5.99    6.71
 266782.806   -35.571    -6.78    5.50
 267158.822   -38.357    -7.41    4.29
 267534.823   -38.767    -1.09    4.65
 267910.809   -35.333     9.13    8.91
 268286.780   -31.167    11.08   10.46
 268662.736   -25.953    13.86   11.70
 269038.677   -24.595     3.61   10.34
 269414.603   -27.744    -8.37   10.48
 269790.514   -30.452    -7.20    7.82
 270166.410   -32.905    -6.52    6.42
 270542.291   -30.196     7.21   10.29
 270918.157   -25.162    13.39   12.69
 271294.007   -21.651     9.34   11.81
 271669.843   -20.604     2.78   11.11
 272045.664   -22.744    -5.69   10.96
 272421.470   -27.232   -11.94    8.89
 272797.261   -32.643   -14.40    6.56
 273173.036   -35.929    -8.74    5.98
 273548.797   -38.813    -7.68    4.82
 273924.543   -39.452    -1.70    4.91
 274300.274   -39.929    -1.27    5.62
 274675.990   -39.238     1.84    7.27
 275051.690   -38.046     3.17    8.30
 275427.376   -36.000     5.44    9.01
 275803.047   -33.690     6.15    8.74
 276178.703   -33.357     0.89    7.22
 276554.344   -33.238     0.32    6.29
 276929.970   -33.513    -0.73    6.18
 277305.581   -33.351     0.43    6.37
 277681.177   -34.418    -2.84    6.45
 278056.758   -36.551    -5.68    6.57
 278432.324   -39.190    -7.03    8.64
 278807.876   -41.048    -4.94    9.96
 279183.412   -41.952    -2.41   10.12
 279558.933   -42.762    -2.16   10.65
 279934.440   -42.233     1.41   10.93
 280309.931   -42.590    -0.95   10.84
 280685.408   -41.659     2.48   10.84
 281060.869   -40.883     2.07   10.22
 281436.316   -39.098     4.75    9.54
 281811.748   -39.371    -0.73    8.63
 282187.164   -42.317    -7.85    9.21
 282562.566   -45.335    -8.04    9.05
 282937.953   -46.879    -4.11    8.51
 283313.326   -44.976     5.07    9.36
 283688.683   -42.101     7.66    9.48
 284064.025   -40.294     4.81   10.12
 284439.353   -39.053     3.31    9.66
 284814.665   -38.635     1.11    8.69
 285189.963   -39.325    -1.84    8.46
 285565.246   -39.674    -0.93    8.21
 285940.514   -38.976     1.86    8.63
 286315.767   -37.822     3.07   10.09
 286691.005   -35.203     6.98    9.45
 287066.228   -35.643    -1.17    7.45
 287441.437   -38.046    -6.40    6.83
 287816.630   -41.762    -9.90    6.68
 288191.809   -45.576   -10.16    6.72
 288566.973   -49.544   -10.57    6.05
 288942.122   -51.318    -4.73    5.27
 289317.256   -50.627     1.84    5.51
 289692.376   -48.255     6.32    6.18
 290067.480   -43.810    11.85    7.11
 290442.570   -38.885    13.13    7.14
 290817.645   -36.130     7.34    7.07
 291192.705   -36.674    -1.45    8.31
 291567.750   -37.976    -3.47    8.59
 291942.780   -41.238    -8.70    8.92
 292317.796   -45.357   -10.98    7.11
 292692.797   -47.244    -5.03    6.12
 293067.783   -49.092    -4.93    5.77
 293442.754   -51.251    -5.76    6.18
 293817.710   -52.488    -3.30    5.96
 294192.652   -53.500    -2.70    5.77
 294567.579   -52.595     2.41    6.03
 294942.491   -49.405     8.51    7.16
 295317.388   -47.372     5.42    7.90
 295692.270   -45.310     5.50    8.79
 296067.138   -44.381     2.48    9.14
 296441.991   -43.697     1.82    8.13
 296816.829   -43.286     1.10    6.77
 297191.652   -43.837    -1.47    5.03
 297566.461   -44.418    -1.55    4.29
 297941.255   -45.558    -3.04    4.92
 298316.034   -45.976    -1.12    5.02
 298690.798   -46.190    -0.57    5.00
 299065.547   -46.381    -0.51    4.88
 299440.282   -47.143    -2.03    3.81
 299815.002   -47.833    -1.84    4.80
 300189.708   -49.092    -3.36    4.85
 300564.398   -51.381    -6.11    5.50
 300939.074   -52.805    -3.80    5.83
 301313.735   -52.372     1.16    6.39
 301688.381   -51.810     1.50    6.32
 302063.013   -52.781    -2.59    5.54
 302437.630   -53.452    -1.79    4.45
 302812.232   -52.879     1.53    6.24
 303186.820   -52.651     0.61    7.43
 303561.393   -53.745    -2.92    8.25
 303935.951   -52.553     3.18    9.22
