# NaN NaN NaN ;Mean Elev.(m), Avg Gradient(m/km), RMS Gradient(m/km) - SRTM1     
#  166.427  -0.504   1.643 ;Mean Elev.(m), Avg Gradient(m/km), RMS Gradient(m/km) - ASTER GDEM
#  166.997  -0.410   1.212 ;Mean Elev.(m), Avg Gradient(m/km), RMS Gradient(m/km) - GMTED2010 
  7  70.935688  31.793935   168.945   168.963  3 52468.23446191 48.705
  8  70.934993  31.795834   164.944   164.922  5 52503.23445059 45.987
  9  70.938690  31.779001   167.794   167.756  4 52538.23443827 47.693
 10  70.935098  31.794303   167.079   167.043  4 52573.23447592 45.281
 11  70.936838  31.790463   167.389   167.389  2 52608.23443489 52.268
 12  70.936558  31.786687   165.098   165.399  3 52643.23443125 40.698
 13  70.936641  31.785232   167.178   167.175  3 52678.23441422 51.126
 15  70.931953  31.817292   168.803   168.795  7 52748.23447209 44.249
 16  70.936988  31.782922   168.541   168.543  4 52783.23441867 49.453
 17  70.936716  31.785485   168.738   168.752  3 52818.23449602 36.981
 18  70.937370  31.781226   168.732   168.733  4 52853.23454651 34.148
 20  70.935173  31.798272   168.076   168.054  5 52923.23453170 45.319
 21  70.940204  31.771121   167.159   167.146  4 52958.23450281 46.848
 22  70.937602  31.779791   166.926   166.937  4 52993.23452735 49.750
 23  70.936597  31.785419   166.793   166.797  3 53028.23449101 50.257
 24  70.939046  31.773937   166.894   166.898  4 53063.23450143 49.241
 25  70.933692  31.810104   167.577   167.620  9 53098.23451185 40.398
 26  70.940755  31.771216   167.574   167.570  3 53133.23449960 44.076
 28  70.936503  31.793375   168.724   168.699  3 53203.23457050 47.428
 29  70.937761  31.780000   167.751   167.745  4 53238.23454163 51.076
 30  70.939665  31.773561   167.944   167.948  3 53273.23450252 50.253
 31  70.934687  31.796839   167.568   167.559  5 53308.23455749 43.893
 33  70.940876  31.771887   165.758   165.793  4 53378.23446921 42.769
 34  70.937919  31.778935   167.235   167.228  5 53413.23450356 49.127
 35  70.938190  31.775462   167.173   167.167  4 53448.23449203 48.820
 36  70.933990  31.800032   168.239   168.194  6 53483.23457268 44.092
 37  70.936350  31.786893   168.512   168.518  3 53518.23457456 50.789
 38  70.934017  31.805937   169.696   169.714  8 53553.23459298 49.679
 39  70.937158  31.782162   168.605   168.593  5 53588.23454736 44.879
 40  70.935438  31.793181   168.416   168.418  4 53623.23451670 47.591
 41  70.936919  31.790352   167.841   167.849  3 53658.23454472 48.394
 42  70.935071  31.795096   168.073   168.091  4 53693.23452522 46.262
 43  70.936178  31.792816   167.087   167.093  3 53728.23444881 45.663
 44  70.941007  31.769236   165.801   165.769  5 53763.23441149 36.509
 45  70.936898  31.786843   167.440   167.434  4 53798.23441788 47.013
 47  70.936473  31.789506   174.108   174.108  2 53868.23447702 37.818
 48  70.935919  31.791288   168.936   168.946  3 53903.23450842 48.941
 49  70.933202  31.812728   169.334   169.328  7 53938.23454055 41.504
 50  70.934314  31.802078   169.057   169.060  6 53973.23450516 38.580
 52  70.939479  31.774651   167.016   167.033  4 54043.23452203 46.467
 54  70.934515  31.799307   166.672   166.685  6 54113.23444914 46.512
 56  70.934526  31.796792   168.452   168.477  5 54183.23443880 43.915
 57  70.936217  31.785319   168.151   168.125  4 54218.23446667 46.275
 58  70.936563  31.790217   168.730   168.730  2 54253.23449080 38.136
 59  70.936722  31.785478   168.489   168.484  4 54288.23449612 41.491
 60  70.937137  31.786209   168.316   168.327  4 54323.23449323 44.707
 61  70.935686  31.795468   168.379   168.372  4 54358.23444848 45.638
 62  70.936360  31.783360   167.516   167.572  4 54393.23443425 45.864
 63  70.936626  31.790326   167.697   167.697  2 54428.23439985 49.063
 64  70.937443  31.781336   166.251   166.203  5 54463.23441297 27.915
 65  70.936865  31.790469   167.123   167.127  3 54498.23440908 42.206
 66  70.937530  31.783285   167.198   167.199  4 54533.23442633 49.223
 67  70.935895  31.795916   167.885   167.882  4 54568.23441204 50.086
 68  70.936590  31.787127   168.395   168.398  4 54603.23442031 49.283
 69  70.936366  31.793585   169.138   169.126  3 54638.23443028 46.742
 70  70.935976  31.792719   169.050   169.038  4 54673.23443322 42.100
 71  70.936892  31.791193   168.507   168.507  2 54708.23439209 46.273
 72  70.936822  31.786128   168.332   168.324  4 54743.23440045 43.799
 73  70.936050  31.785746   167.463   167.476  4 54778.23437588 48.696
 75  70.936324  31.793129   166.441   166.497  3 54848.23437394 48.023
 76  70.936545  31.788525   167.496   167.466  4 54883.23439699 44.111
 77  70.934357  31.801785   167.675   167.675  6 54918.23437481 37.851
 78  70.936312  31.787445   168.278   168.278  4 54953.23439081 47.072
 79  70.936010  31.794001   169.116   169.095  3 54988.23441408 41.889
 80  70.936163  31.785773   168.601   168.596  4 55023.23440778 40.346
 81  70.936999  31.790811   168.914   168.914  2 55058.23440195 37.292
 82  70.934980  31.796367   168.504   168.469  5 55093.23435607 49.151
 83  70.936465  31.786312   167.531   167.514  3 55128.23434394 51.522
 84  70.936338  31.791536   167.535   167.542  3 55163.23431852 50.427
 85  70.936876  31.785470   166.229   166.239  4 55198.23433509 49.049
 86  70.935140  31.795577   167.274   167.276  5 55233.23432245 44.497
 87  70.936913  31.787285   167.738   167.748  4 55268.23432953 48.366
 88  70.935998  31.792941   168.036   168.033  4 55303.23430200 48.527
 89  70.936882  31.790631   169.002   169.002  2 55338.23430213 44.265
 90  70.936125  31.786518   169.381   169.365  4 55373.23429385 44.176
 91  70.937485  31.782154   170.619   170.614  4 55408.23431503 38.898
 92  70.936446  31.788625   168.040   168.079  3 55443.23431133 30.563
 93  70.935570  31.794597   167.587   167.603  4 55478.23424954 47.105
