# NaN NaN NaN ;Mean Elev.(m), Avg Gradient(m/km), RMS Gradient(m/km) - SRTM1     
#   89.709   0.070   0.884 ;Mean Elev.(m), Avg Gradient(m/km), RMS Gradient(m/km) - ASTER GDEM
#   82.678   0.065   1.019 ;Mean Elev.(m), Avg Gradient(m/km), RMS Gradient(m/km) - GMTED2010 
  8  70.278598  28.818843    87.597    87.597  2 52509.70840114 42.968
  9  70.275200  28.819610    87.025    87.025  2 52544.70840452 49.879
 10  70.270635  28.818971    86.290    86.290  2 52579.70844029 50.670
 11  70.272718  28.818911    86.246    86.246  2 52614.70840767 42.699
 12  70.276258  28.819069    85.158    85.158  2 52649.70838723 48.505
 13  70.280913  28.818848    85.951    85.951  2 52684.70837012 52.449
 14  70.271524  28.818775    86.554    86.506  3 52719.70842321 47.032
 15  70.263795  28.819329    86.050    86.050  2 52754.70844766 29.510
 16  70.269745  28.818400    87.591    87.587  3 52789.70839549 46.941
 17  70.273388  28.817428    88.012    88.012  2 52824.70846532 43.116
 18  70.275666  28.817585    88.147    88.147  2 52859.70851133 28.709
 19  70.271427  28.819222    87.072    87.072  2 52894.70854266 32.130
 20  70.274368  28.818967    86.408    86.408  2 52929.70849195 52.547
 21  70.274692  28.819061    85.720    85.720  2 52964.70847991 47.138
 22  70.267674  28.819289    85.606    85.606  2 52999.70851570 43.592
 23  70.274478  28.818295    86.242    86.242  2 53034.70846575 47.104
 24  70.274539  28.817392    85.816    85.816  2 53069.70848302 47.798
 25  70.274585  28.819078    85.311    85.311  2 53104.70846738 41.745
 26  70.273873  28.819498    86.103    86.103  2 53139.70848936 51.141
 27  70.272744  28.817744    87.449    87.449  2 53174.70852539 46.258
 28  70.272596  28.817918    87.707    87.707  2 53209.70854274 47.510
 29  70.276933  28.819453    87.816    87.816  2 53244.70851060 50.114
 30  70.269192  28.818803    86.623    86.623  2 53279.70849154 30.946
 31  70.272663  28.818726    85.897    85.897  2 53314.70851199 38.974
 32  70.278096  28.819517    85.586    85.586  2 53349.70847767 45.585
 33  70.270667  28.819836    84.925    84.925  2 53384.70845472 46.433
 35  70.272849  28.818973    87.206    87.148  3 53454.70846593 35.570
 36  70.265443  28.819479    86.573    86.573  2 53489.70855155 29.427
 37  70.277128  28.818692    87.475    87.475  2 53524.70853711 43.954
 38  70.267800  28.818548    88.777    88.860  3 53559.70856430 29.657
 39  70.282521  28.819326    88.636    88.636  2 53594.70850180 43.096
 40  70.263515  28.820353    87.272    87.293  3 53629.70849549 44.629
 41  70.269879  28.818554    86.377    86.377  2 53664.70851865 49.001
 42  70.277162  28.819942    86.072    86.072  2 53699.70847503 46.121
 44  70.279218  28.817521    86.444    86.444  2 53769.70838274 47.262
 45  70.280889  28.818026    86.038    86.038  2 53804.70837746 44.394
 48  70.267641  28.818183    87.512    87.512  2 53909.70849005 46.915
 49  70.264953  28.820035    87.771    87.752  3 53944.70851207 45.373
 50  70.274944  28.818322    88.199    88.199  2 53979.70845948 46.818
 51  70.271973  28.819273    86.930    86.930  2 54014.70847584 45.073
 52  70.280974  28.819238    86.566    86.566  2 54049.70847933 51.434
 54  70.279004  28.819395    86.589    86.589  2 54119.70839974 48.852
 55  70.273205  28.819215    86.650    86.650  2 54154.70842860 47.109
 56  70.277928  28.819315    86.873    86.873  2 54189.70839561 50.996
 57  70.272152  28.818657    87.160    87.142  3 54224.70843927 51.048
 58  70.274123  28.819508    87.646    87.646  2 54259.70846043 42.638
 59  70.275504  28.817430    87.972    87.972  2 54294.70846324 29.847
 60  70.277809  28.818528    88.298    88.298  2 54329.70845673 48.181
 61  70.277993  28.819338    87.400    87.400  2 54364.70840263 45.410
 62  70.276110  28.817918    86.255    86.255  2 54399.70839763 47.707
 63  70.278085  28.818222    85.534    85.534  2 54434.70835513 40.473
 64  70.275416  28.817423    85.229    85.229  2 54469.70838089 45.625
 65  70.277419  28.819574    85.597    85.597  2 54504.70836982 46.664
 66  70.276591  28.818077    85.796    85.796  2 54539.70839604 50.235
 67  70.278282  28.819170    86.228    86.228  2 54574.70837075 50.052
 68  70.275027  28.817544    87.157    87.157  2 54609.70838886 41.217
 69  70.274735  28.817738    88.055    88.055  2 54644.70839640 31.882
 70  70.274269  28.818021    87.830    87.830  2 54679.70839804 51.995
 71  70.279440  28.818975    87.445    87.445  2 54714.70834937 43.763
 72  70.272670  28.818787    86.731    86.719  3 54749.70836836 50.457
 73  70.277132  28.819011    86.291    86.291  2 54784.70833720 47.842
 74  70.274185  28.817445    86.354    86.354  2 54819.70836070 45.825
 75  70.277322  28.818627    85.639    85.639  2 54854.70833416 49.251
 76  70.273502  28.818459    86.364    86.364  2 54889.70836520 45.602
 77  70.276876  28.818838    86.363    86.363  2 54924.70833332 45.063
 78  70.271981  28.818845    86.899    86.895  3 54959.70836362 48.144
 79  70.272265  28.818341    87.856    87.865  3 54994.70838529 40.052
 80  70.275212  28.817764    87.985    87.985  2 55029.70837479 47.267
 81  70.276287  28.818552    88.406    88.406  2 55064.70836626 32.437
 82  70.277265  28.819298    87.263    87.263  2 55099.70831019 32.953
 83  70.273816  28.817593    85.940    85.940  2 55134.70831043 29.872
 84  70.278109  28.818381    86.092    86.092  2 55169.70827447 52.169
 85  70.273479  28.817678    85.113    85.113  2 55204.70830381 52.199
 86  70.276622  28.819161    85.833    85.833  2 55239.70828123 49.240
 87  70.275264  28.818175    86.143    86.143  2 55274.70829748 36.162
 88  70.278309  28.818692    86.260    86.260  2 55309.70826511 48.398
 89  70.276328  28.817577    86.827    86.827  2 55344.70826619 25.793
 90  70.276603  28.818172    87.974    87.974  2 55379.70826016 49.051
 91  70.273822  28.817489    89.732    89.732  2 55414.70828594 34.059
 92  70.277325  28.818737    87.895    87.895  2 55449.70827295 49.709
 93  70.280056  28.819675    85.898    85.898  2 55484.70819836 51.677
