-285922.604   -63.176     0.00    1.33
-285549.002   -62.997     0.48    1.74
-285175.383   -63.086    -0.24    1.90
-284801.745   -63.473    -1.04    1.70
-284428.090   -64.017    -1.46    1.24
-284054.418   -64.096    -0.21    1.20
-283680.728   -64.142    -0.12    1.25
-283307.020   -64.098     0.12    1.42
-282933.294   -64.468    -0.99    1.41
-282559.551   -64.676    -0.56    1.36
-282185.790   -64.631     0.12    1.38
-281812.012   -64.540     0.24    1.20
-281438.216   -64.096     1.19    1.53
-281064.402   -63.563     1.43    1.59
-280690.571   -63.142     1.13    1.53
-280316.722   -62.747     1.06    1.52
-279942.855   -62.745     0.01    1.50
-279568.970   -62.710     0.09    1.57
-279195.068   -62.949    -0.64    1.75
-278821.148   -63.654    -1.89    1.90
-278447.211   -63.767    -0.30    2.00
-278073.256   -64.098    -0.88    2.01
-277699.283   -64.096     0.00    2.03
-277325.292   -63.881     0.58    1.79
-276951.284   -63.947    -0.18    1.73
-276577.258   -64.449    -1.34    1.35
-276203.214   -64.654    -0.55    1.37
-275829.153   -65.017    -0.97    1.32
-275455.073   -65.031    -0.04    1.21
-275080.976   -65.026     0.01    1.33
-274706.862   -65.040    -0.04    1.39
-274332.729   -64.731     0.83    1.71
-273958.579   -65.199    -1.25    1.92
-273584.411   -65.166     0.09    2.10
-273210.226   -64.836     0.88    2.43
-272836.022   -64.767     0.18    2.40
-272461.801   -63.704     2.84    1.71
-272087.562   -63.449     0.68    2.21
-271713.305   -62.981     1.25    2.36
-271339.031   -62.767     0.57    2.64
-270964.738   -62.282     1.30    2.69
-270590.428   -62.267     0.04    2.07
-270216.100   -61.586     1.82    1.63
-269841.755   -61.485     0.27    1.35
-269467.391   -61.517    -0.09    1.33
-269093.010   -61.381     0.36    1.19
-268718.611   -61.313     0.18    1.22
-268344.194   -61.329    -0.04    1.19
-267969.759   -61.449    -0.32    1.08
-267595.307   -61.358     0.24    1.19
-267220.836   -61.411    -0.14    1.13
-266846.348   -61.267     0.38    1.22
-266471.842   -60.826     1.18    1.29
-266097.318   -60.520     0.82    1.34
-265722.777   -60.222     0.80    1.47
-265348.217   -59.864     0.96    1.52
-264973.640   -60.098    -0.62    1.41
-264599.044   -60.241    -0.38    1.22
-264224.431   -60.131     0.29    0.98
-263849.800   -59.997     0.36    0.97
-263475.152   -59.836     0.43    0.98
-263100.485   -59.858    -0.06    1.01
-262725.800   -59.980    -0.32    1.11
-262351.098   -59.949     0.08    1.31
-261976.377   -59.881     0.18    1.48
-261601.639   -59.722     0.42    1.63
-261226.883   -59.656     0.18    1.64
-260852.109   -59.426     0.61    1.69
-260477.317   -59.563    -0.36    1.53
-260102.507   -59.724    -0.43    1.56
-259727.679   -60.063    -0.90    1.34
-259352.833   -60.381    -0.85    1.15
-258977.970   -60.290     0.24    1.12
-258603.088   -60.179     0.30    1.06
-258228.189   -59.964     0.57    1.15
-257853.271   -59.540     1.13    1.34
-257478.336   -58.988     1.47    1.38
-257103.383   -58.222     2.04    1.44
-256728.411   -57.556     1.78    1.29
-256353.422   -57.222     0.89    1.13
-255978.415   -56.887     0.89    1.18
-255603.390   -56.563     0.86    1.53
-255228.347   -56.654    -0.24    1.36
-254853.286   -56.702    -0.13    1.30
-254478.207   -56.586     0.31    1.51
-254103.110   -56.729    -0.38    1.20
-253727.994   -56.336     1.05    1.25
-253352.861   -55.864     1.26    1.38
-252977.710   -55.904    -0.11    1.37
-252602.541   -56.050    -0.39    1.35
-252227.354   -56.314    -0.70    1.19
-251852.149   -56.358    -0.12    1.23
-251476.926   -56.436    -0.21    1.31
-251101.685   -56.321     0.30    1.30
-250726.426   -56.404    -0.22    1.41
-250351.149   -56.313     0.24    1.44
-249975.854   -56.109     0.54    1.47
-249600.541   -56.070     0.10    1.55
-249225.210   -56.187    -0.31    1.49
-248849.860   -56.381    -0.52    1.50
-248474.493   -56.679    -0.79    1.46
-248099.108   -57.472    -2.11    1.26
-247723.704   -57.836    -0.97    1.17
-247348.283   -57.479     0.95    2.03
-246972.843   -57.417     0.17    2.01
-246597.386   -57.176     0.64    1.93
-246221.910   -57.267    -0.24    1.26
-245846.416   -57.563    -0.79    0.90
-245470.904   -57.426     0.36    0.85
-245095.374   -57.305     0.32    0.94
-244719.826   -57.131     0.46    0.98
-244344.260   -56.957     0.46    1.04
-243968.676   -56.764     0.51    1.08
-243593.074   -56.701     0.17    1.03
-243217.453   -56.522     0.48    1.32
-242841.815   -56.404     0.32    1.26
-242466.158   -56.352     0.14    1.14
-242090.483   -56.267     0.23    1.14
-241714.790   -56.747    -1.28    1.43
-241339.079   -57.404    -1.75    1.68
-240963.350   -58.245    -2.24    1.67
-240587.602   -59.164    -2.45    1.56
-240211.837   -59.995    -2.21    1.10
-239836.053   -60.298    -0.81    0.95
-239460.251   -60.267     0.08    0.87
-239084.432   -60.086     0.48    1.07
-238708.593   -59.949     0.36    1.12
-238332.737   -60.017    -0.18    1.15
-237956.863   -60.131    -0.30    1.19
-237580.970   -60.586    -1.21    1.18
-237205.059   -60.858    -0.73    1.14
-236829.130   -61.017    -0.42    1.02
-236453.183   -60.964     0.14    0.98
-236077.217   -60.980    -0.04    1.09
-235701.234   -61.063    -0.22    0.97
-235325.232   -61.131    -0.18    1.02
-234949.212   -61.313    -0.48    0.98
-234573.173   -61.063     0.66    0.87
-234197.117   -61.063     0.00    0.97
-233821.042   -61.053     0.03    1.06
-233444.949   -60.988     0.17    1.01
-233068.838   -60.881     0.28    0.92
-232692.709   -60.942    -0.16    0.79
-232316.561   -60.767     0.46    0.90
-231940.395   -60.495     0.72    1.03
-231564.211   -60.488     0.02    0.93
-231188.009   -60.142     0.92    0.94
-230811.788   -59.972     0.45    0.85
-230435.549   -59.853     0.32    0.85
-230059.292   -59.654     0.53    0.79
-229683.016   -59.631     0.06    0.80
-229306.722   -59.790    -0.42    0.86
-228930.410   -59.631     0.42    0.88
-228554.080   -59.342     0.77    0.94
-228177.731   -59.026     0.84    1.00
-227801.364   -58.881     0.39    1.14
-227424.979   -58.676     0.54    1.10
-227048.576   -58.531     0.39    1.06
-226672.154   -58.631    -0.27    1.18
-226295.713   -58.631     0.00    1.13
-225919.255   -58.609     0.06    1.25
-225542.778   -58.329     0.74    1.34
-225166.283   -58.176     0.40    1.32
-224789.769   -57.972     0.54    1.14
-224413.238   -57.939     0.09    0.92
-224036.687   -57.654     0.76    0.85
-223660.119   -57.488     0.44    1.03
-223283.532   -57.031     1.21    1.30
-222906.927   -56.698     0.88    1.39
-222530.303   -56.375     0.86    1.33
-222153.661   -55.949     1.13    1.31
-221777.001   -55.631     0.84    1.40
-221400.322   -55.426     0.54    1.32
-221023.625   -55.222     0.54    1.23
-220646.910   -55.154     0.18    1.49
-220270.176   -54.995     0.42    1.50
-219893.423   -54.899     0.25    1.38
-219516.653   -55.176    -0.74    1.25
-219139.864   -55.314    -0.36    0.99
-218763.056   -55.321    -0.02    1.32
-218386.230   -55.404    -0.22    1.18
-218009.386   -55.040     0.96    1.28
-217632.523   -55.261    -0.59    1.76
-217255.642   -56.107    -2.24    2.16
-216878.743   -57.120    -2.69    2.39
-216501.824   -58.468    -3.58    2.45
-216124.888   -59.240    -2.05    1.82
-215747.933   -59.336    -0.25    1.79
-215370.960   -58.940     1.05    1.75
-214993.968   -58.805     0.36    1.55
-214616.958   -58.538     0.71    1.06
-214239.929   -58.698    -0.42    1.07
-213862.882   -58.722    -0.06    1.07
-213485.816   -58.783    -0.16    1.41
-213108.732   -58.790    -0.02    1.43
-212731.629   -59.031    -0.64    1.21
-212356.612   -58.904     0.34    1.13
-211983.141   -58.790     0.30    1.49
-211609.652   -58.290     1.34    1.72
-211236.145   -57.267     2.74    1.86
-210862.619   -56.199     2.86    2.02
-210489.076   -55.995     0.55    1.97
-210115.514   -56.720    -1.94    2.53
-209741.934   -57.586    -2.32    2.57
-209368.336   -58.987    -3.75    1.82
-208994.720   -59.313    -0.87    1.22
-208621.086   -59.387    -0.20    1.25
-208247.433   -59.586    -0.53    1.14
-207873.763   -59.675    -0.24    1.09
-207500.074   -59.520     0.42    1.11
-207126.367   -59.108     1.10    1.21
-206752.642   -58.858     0.67    1.24
-206378.899   -58.586     0.73    1.14
-206005.137   -58.498     0.24    1.22
-205631.358   -58.540    -0.11    1.18
-205257.560   -58.342     0.53    1.46
-204883.744   -58.392    -0.13    1.45
-204509.909   -58.587    -0.52    1.36
-204136.057   -58.586     0.00    1.38
-203762.186   -58.817    -0.62    1.30
-203388.297   -58.767     0.13    1.09
-203014.390   -58.584     0.49    1.09
-202640.465   -58.313     0.73    1.03
-202266.521   -57.957     0.95    1.03
-201892.560   -57.858     0.26    1.10
-201518.579   -57.949    -0.24    1.23
-201144.581   -58.073    -0.33    1.24
-200770.565   -58.040     0.09    1.30
-200396.530   -57.887     0.41    1.29
-200022.477   -58.131    -0.65    1.15
-199648.406   -58.174    -0.12    1.03
-199274.316   -58.176    -0.01    0.98
-198900.208   -58.131     0.12    1.05
-198526.082   -58.050     0.22    1.33
-198151.938   -58.222    -0.46    1.42
-197777.775   -58.345    -0.33    1.50
-197403.594   -58.813    -1.25    1.43
-197029.395   -59.174    -0.97    1.38
-196655.177   -59.245    -0.19    1.40
-196280.941   -59.358    -0.30    1.65
-195906.687   -59.050     0.82    1.82
-195532.415   -58.231     2.19    2.31
-195158.124   -57.702     1.41    2.34
-194783.815   -56.699     2.68    1.70
-194409.488   -56.435     0.70    1.31
-194035.142   -56.222     0.57    1.30
-193660.778   -55.742     1.28    1.21
-193286.395   -55.538     0.55    1.17
-192911.995   -55.075     1.24    1.16
-192537.575   -54.821     0.68    1.19
-192163.138   -54.676     0.39    1.48
-191788.682   -54.298     1.01    1.60
-191414.208   -54.698    -1.07    1.68
-191039.715   -55.086    -1.04    1.52
-190665.204   -55.422    -0.90    1.58
-190290.675   -55.698    -0.74    1.32
-189916.127   -55.750    -0.14    1.13
-189541.561   -55.813    -0.17    1.17
-189166.977   -56.040    -0.61    1.04
-188792.374   -56.040     0.00    0.95
-188417.753   -56.108    -0.18    0.85
-188043.113   -56.107     0.00    0.99
-187668.455   -55.858     0.66    1.16
-187293.779   -55.631     0.61    1.16
-186919.084   -55.542     0.24    1.26
-186544.371   -55.404     0.37    1.22
-186169.639   -55.584    -0.48    1.15
-185794.889   -55.540     0.12    1.05
-185420.120   -55.387     0.41    1.14
-185045.333   -55.336     0.14    1.23
-184670.528   -55.345    -0.03    1.25
-184295.704   -55.164     0.48    1.25
-183920.861   -55.086     0.21    1.39
-183546.000   -55.199    -0.30    1.35
-183171.121   -54.972     0.61    1.35
-182796.223   -55.143    -0.46    1.19
-182421.307   -55.154    -0.03    1.11
-182046.372   -55.202    -0.13    1.09
-181671.419   -55.164     0.10    1.06
-181296.448   -55.120     0.12    1.18
-180921.457   -55.073     0.13    1.26
-180546.449   -54.995     0.21    1.30
-180171.422   -54.734     0.70    1.47
-179796.376   -54.472     0.70    1.40
-179421.312   -54.584    -0.30    1.54
-179046.229   -54.609    -0.06    1.50
-178671.128   -54.920    -0.83    1.49
-178296.008   -54.794     0.34    1.29
-177920.870   -54.722     0.19    1.27
-177545.713   -54.781    -0.16    1.42
-177170.538   -54.995    -0.57    1.63
-176795.344   -54.794     0.54    1.63
-176420.131   -55.075    -0.75    1.70
-176044.900   -55.187    -0.30    1.36
-175669.651   -55.202    -0.04    1.27
-175294.383   -55.154     0.13    1.13
-174919.096   -53.655     3.99    3.31
-174543.791   -52.017     4.36    4.54
-174168.467   -50.586     3.81    6.59
-173793.125   -47.767     7.51    6.71
-173417.764   -46.653     2.97    6.13
-173042.384   -45.241     3.76    3.64
-172666.986   -44.813     1.14    2.97
-172291.569   -44.802     0.03    3.02
-171916.134   -44.495     0.82    2.68
-171540.680   -44.199     0.79    2.27
-171165.208   -44.245    -0.12    2.27
-170789.716   -43.935     0.82    2.57
-170414.207   -43.940    -0.01    2.56
-170038.678   -43.453     1.30    2.32
-169663.131   -43.050     1.07    2.36
-169287.566   -42.887     0.43    2.71
-168911.981   -42.675     0.56    2.80
-168536.378   -42.187     1.30    2.46
-168160.757   -41.987     0.53    2.24
-167785.116   -42.561    -1.53    2.02
-167409.457   -42.199     0.96    1.95
-167033.780   -41.767     1.15    2.27
-166658.084   -41.722     0.12    2.31
-166282.369   -41.298     1.13    2.16
-165906.635   -41.586    -0.77    2.19
-165530.883   -41.654    -0.18    2.19
-165155.112   -41.540     0.30    1.84
-164779.322   -41.720    -0.48    1.72
-164403.514   -41.381     0.90    1.78
-164027.687   -41.608    -0.60    1.70
-163651.841   -41.676    -0.18    1.54
-163275.977   -41.904    -0.60    1.50
-162900.093   -41.790     0.30    1.79
-162524.192   -41.381     1.09    2.01
-162148.271   -41.176     0.54    2.04
-161772.332   -41.031     0.39    1.96
-161396.373   -40.949     0.22    1.78
-161020.397   -40.790     0.42    1.89
-160644.401   -40.696     0.25    1.81
-160268.387   -40.653     0.11    1.98
-159892.354   -40.472     0.48    1.92
-159516.302   -41.003    -1.41    1.90
-159140.231   -41.009    -0.02    1.83
-158764.142   -40.940     0.18    1.66
-158388.034   -40.720     0.59    2.03
-158011.907   -40.209     1.36    1.98
-157635.761   -39.942     0.71    2.01
-157259.597   -39.926     0.04    1.65
-156883.413   -39.440     1.29    2.10
-156507.211   -39.017     1.12    1.96
-156130.991   -38.821     0.52    2.07
-155754.751   -38.904    -0.22    2.00
-155378.492   -38.926    -0.06    1.95
-155002.215   -39.222    -0.79    1.98
-154625.919   -39.540    -0.85    1.99
-154249.604   -39.356     0.49    2.01
-153873.270   -39.108     0.66    2.06
-153496.918   -38.631     1.27    2.08
-153120.546   -38.253     1.00    1.81
-152744.156   -38.275    -0.06    1.80
-152367.747   -37.988     0.76    1.64
-151991.319   -37.790     0.53    1.64
-151614.872   -37.704     0.23    1.66
-151238.407   -37.472     0.62    1.98
-150861.922   -36.926     1.45    2.13
-150485.419   -36.699     0.60    1.99
-150108.896   -36.520     0.48    1.89
-149732.355   -36.506     0.04    1.84
-149355.795   -36.517    -0.03    1.81
-148979.216   -35.972     1.45    1.96
-148602.618   -35.745     0.60    2.00
-148226.002   -35.449     0.78    2.12
-147849.366   -35.154     0.78    2.01
-147472.712   -35.327    -0.46    2.11
-147096.038   -35.411    -0.23    2.26
-146719.346   -35.253     0.42    2.01
-146342.634   -35.404    -0.40    2.31
-145965.904   -35.109     0.78    2.28
-145589.155   -35.154    -0.12    2.50
-145212.387   -35.515    -0.96    2.29
-144835.600   -35.435     0.21    2.24
-144458.794   -35.352     0.22    2.21
-144081.969   -35.409    -0.15    1.95
-143705.125   -34.875     1.42    1.85
-143328.262   -34.501     0.99    1.72
-142951.380   -34.609    -0.29    1.89
-142574.480   -34.426     0.48    1.86
-142197.560   -34.275     0.40    1.84
-141820.621   -34.031     0.65    2.00
-141443.663   -34.131    -0.27    1.90
-141066.687   -33.742     1.03    1.79
-140689.691   -33.654     0.23    1.59
-140312.676   -33.809    -0.41    1.64
-139935.643   -34.066    -0.68    1.54
-139558.590   -34.199    -0.35    1.52
-139181.518   -34.154     0.12    1.66
-138804.427   -34.060     0.25    1.82
-138427.318   -34.196    -0.36    1.73
-138050.189   -34.290    -0.25    1.51
-137673.041   -34.358    -0.18    1.30
-137298.400   -34.060     0.80    1.45
-136924.993   -33.836     0.60    1.82
-136551.567   -33.809     0.07    1.86
-136178.123   -33.845    -0.10    2.04
-135804.660   -33.435     1.10    2.04
-135431.178   -33.236     0.53    2.04
-135057.678   -33.320    -0.23    1.89
-134684.158   -33.313     0.02    1.86
-134310.621   -33.275     0.10    2.13
-133937.064   -33.154     0.33    2.27
-133563.489   -33.679    -1.40    2.20
-133189.895   -33.787    -0.29    2.16
-132816.283   -33.536     0.67    2.05
-132442.652   -33.404     0.35    1.89
-132069.002   -33.086     0.85    1.95
-131695.333   -33.086     0.00    1.98
-131321.646   -32.767     0.85    1.69
-130947.940   -32.802    -0.09    1.61
-130574.215   -32.881    -0.21    1.48
-130200.471   -32.464     1.11    1.53
-129826.709   -31.964     1.34    1.52
-129452.928   -31.495     1.26    1.56
-129079.129   -31.176     0.85    1.61
-128705.310   -31.154     0.06    1.65
-128331.473   -30.729     1.14    1.56
-127957.617   -30.517     0.56    1.62
-127583.742   -30.417     0.27    1.62
-127209.849   -29.722     1.86    1.74
-126835.937   -29.676     0.12    2.07
-126462.006   -29.154     1.40    1.80
-126088.056   -29.017     0.36    1.71
-125714.088   -28.948     0.19    1.52
-125340.100   -29.040    -0.25    1.63
-124966.094   -29.021     0.05    1.79
-124592.069   -29.009     0.03    1.90
-124218.026   -28.631     1.01    1.84
-123843.963   -28.495     0.36    1.90
-123469.882   -27.631     2.31    2.26
-123095.782   -27.680    -0.13    2.19
-122721.663   -27.586     0.25    2.11
-122347.525   -27.704    -0.32    1.79
-121973.368   -27.609     0.25    1.86
-121599.193   -27.426     0.49    1.95
-121224.999   -27.131     0.79    1.75
-120850.786   -26.742     1.04    1.37
-120476.554   -26.821    -0.21    1.29
-120102.303   -26.654     0.45    1.53
-119728.033   -26.680    -0.07    1.70
-119353.745   -26.767    -0.23    1.73
-118979.437   -26.426     0.91    1.56
-118605.111   -26.404     0.06    1.40
-118230.766   -26.222     0.49    1.63
-117856.402   -26.107     0.31    1.55
-117482.019   -25.881     0.60    1.63
-117107.617   -25.314     1.51    2.13
-116733.197   -25.290     0.06    1.83
-116358.757   -25.275     0.04    1.86
-115984.299   -24.926     0.93    1.94
-115609.821   -24.827     0.27    1.89
-115235.325   -24.417     1.09    2.03
-114860.810   -24.475    -0.16    1.93
-114486.276   -24.417     0.16    1.99
-114111.723   -24.040     1.01    1.80
-113737.151   -24.320    -0.75    1.84
-113362.560   -24.520    -0.53    1.92
-112987.950   -24.320     0.53    1.84
-112613.321   -24.488    -0.45    1.72
-112238.674   -24.475     0.03    1.46
-111864.007   -24.189     0.76    1.55
-111489.321   -23.987     0.54    1.58
-111114.617   -23.898     0.24    1.68
-110739.893   -23.761     0.36    1.83
-110365.150   -23.654     0.29    1.86
-109990.389   -23.745    -0.24    1.73
-109615.608   -23.740     0.01    1.61
-109240.809   -23.701     0.10    1.62
-108865.990   -23.742    -0.11    1.60
-108491.153   -23.609     0.36    1.57
-108116.296   -23.261     0.93    1.54
-107741.421   -23.231     0.08    1.42
-107366.526   -23.495    -0.70    1.37
-106991.613   -23.720    -0.60    1.43
-106616.680   -23.722    -0.01    1.36
-106241.729   -23.564     0.42    1.45
-105866.758   -22.904     1.76    1.76
-105491.768   -22.745     0.42    1.60
-105116.760   -22.675     0.18    1.66
-104741.732   -22.222     1.21    1.87
-104366.685   -21.853     0.98    1.77
-103991.619   -21.699     0.41    1.62
-103616.534   -21.586     0.30    1.45
-103241.430   -21.920    -0.89    1.67
-102866.307   -21.817     0.27    1.76
-102491.165   -21.409     1.09    1.91
-102116.004   -21.479    -0.19    1.78
-101740.824   -21.342     0.36    1.65
-101365.624   -21.358    -0.04    1.44
-100990.406   -20.957     1.07    1.30
-100615.168   -20.875     0.22    1.52
-100239.912   -20.631     0.65    1.47
 -99864.636   -20.457     0.46    1.48
 -99489.341   -20.358     0.26    1.47
 -99114.027   -20.098     0.69    1.73
 -98738.694   -19.790     0.82    1.68
 -98363.342   -19.798    -0.02    1.62
 -97987.970   -19.472     0.87    1.43
 -97612.580   -19.607    -0.36    1.19
 -97237.170   -19.253     0.94    1.42
 -96861.741   -18.722     1.42    1.67
 -96486.293   -18.608     0.30    1.61
 -96110.826   -18.495     0.30    1.59
 -95735.340   -18.096     1.06    1.67
 -95359.834   -18.222    -0.33    1.70
 -94984.310   -18.393    -0.46    1.68
 -94608.766   -18.040     0.94    1.78
 -94233.203   -17.720     0.85    1.65
 -93857.621   -17.259     1.23    2.08
 -93482.019   -17.031     0.61    2.07
 -93106.399   -16.706     0.87    2.25
 -92730.759   -16.426     0.74    2.30
 -92355.100   -16.083     0.91    1.70
 -91979.422   -15.742     0.91    1.43
 -91603.724   -15.631     0.30    1.51
 -91228.008   -15.329     0.80    1.46
 -90852.272   -15.009     0.85    1.47
 -90476.517   -14.881     0.34    1.45
 -90100.743   -14.654     0.60    1.36
 -89724.949   -14.809    -0.41    1.27
 -89349.136   -14.995    -0.49    1.33
 -88973.304   -15.142    -0.39    1.53
 -88597.453   -15.495    -0.94    1.64
 -88221.582   -16.131    -1.69    1.77
 -87845.693   -16.226    -0.25    1.73
 -87469.784   -16.404    -0.47    1.54
 -87093.855   -16.540    -0.36    1.51
 -86717.908   -16.414     0.34    1.59
 -86341.941   -16.275     0.37    1.65
 -85965.954   -16.154     0.32    1.52
 -85589.949   -16.196    -0.11    1.52
 -85213.924   -15.949     0.66    1.27
 -84837.880   -15.898     0.14    1.34
 -84461.817   -15.836     0.17    1.42
 -84085.734   -15.853    -0.05    1.54
 -83709.632   -15.853     0.00    1.58
 -83333.511   -15.472     1.01    1.72
 -82957.370   -15.475    -0.01    1.86
 -82581.210   -15.199     0.73    1.90
 -82205.031   -14.926     0.72    1.80
 -81828.832   -14.898     0.08    1.54
 -81452.614   -14.584     0.83    1.29
 -81076.376   -14.964    -1.01    1.57
 -80700.120   -15.066    -0.27    1.50
 -80323.844   -15.342    -0.73    1.22
 -79947.548   -15.108     0.62    1.39
 -79571.233   -14.794     0.84    1.31
 -79194.899   -14.653     0.37    1.44
 -78818.545   -14.298     0.94    1.34
 -78442.172   -14.283     0.04    1.29
 -78065.780   -14.426    -0.38    1.30
 -77689.368   -13.920     1.35    1.47
 -77312.937   -13.995    -0.20    1.54
 -76936.487   -13.875     0.32    1.70
 -76560.017   -13.745     0.35    1.75
 -76183.527   -13.845    -0.27    1.68
 -75807.018   -13.698     0.39    1.48
 -75430.490   -13.609     0.24    1.34
 -75053.942   -13.631    -0.06    1.18
 -74677.375   -13.767    -0.36    1.15
 -74300.789   -13.940    -0.46    1.22
 -73924.183   -13.972    -0.08    1.38
 -73547.557   -13.881     0.24    1.40
 -73170.912   -13.426     1.21    1.41
 -72794.248   -13.275     0.40    1.35
 -72417.564   -13.226     0.13    1.36
 -72040.861   -13.176     0.13    1.39
 -71664.138   -12.940     0.63    1.26
 -71287.396   -12.586     0.94    1.43
 -70910.634   -12.475     0.29    1.52
 -70533.853   -12.320     0.41    1.41
 -70157.052   -12.261     0.16    1.27
 -69780.232   -12.679    -1.11    0.99
 -69403.392   -12.520     0.42    1.09
 -69026.533   -12.282     0.63    1.15
 -68649.654   -11.904     1.00    1.35
 -68272.756   -11.564     0.90    1.40
 -67895.838   -11.267     0.79    1.43
 -67518.901   -10.858     1.09    1.34
 -67141.944   -10.653     0.54    1.08
 -66764.967   -10.342     0.83    1.20
 -66387.971   -10.009     0.88    1.32
 -66010.956    -9.654     0.94    1.32
 -65633.921    -9.174     1.27    1.28
 -65256.866    -8.813     0.96    0.97
 -64879.792    -8.831    -0.05    0.94
 -64502.698    -8.586     0.65    1.24
 -64125.585    -8.608    -0.06    1.27
 -63748.452    -8.475     0.35    1.48
 -63371.300    -8.387     0.23    1.43
 -62994.128    -8.348     0.10    1.29
 -62616.936    -8.267     0.21    1.20
 -62242.657    -8.031     0.63    1.25
 -61869.306    -7.701     0.88    1.18
 -61495.936    -7.387     0.84    1.11
 -61122.547    -7.313     0.20    1.12
 -60749.138    -7.131     0.49    1.15
 -60375.710    -7.298    -0.45    1.31
 -60002.263    -7.449    -0.41    1.33
 -59628.797    -7.586    -0.37    1.20
 -59255.312    -7.298     0.77    1.30
 -58881.807    -7.320    -0.06    1.41
 -58508.283    -7.222     0.26    1.47
 -58134.740    -7.206     0.04    1.39
 -57761.178    -7.381    -0.47    1.40
 -57387.597    -7.464    -0.22    1.45
 -57013.996    -7.142     0.86    1.42
 -56640.376    -6.564     1.55    1.48
 -56266.736    -6.267     0.79    1.10
 -55893.078    -6.245     0.06    1.42
 -55519.400    -5.957     0.77    1.44
 -55145.703    -6.040    -0.22    1.56
 -54771.987    -6.012     0.08    1.50
 -54398.251    -5.972     0.11    1.29
 -54024.496    -6.009    -0.10    1.07
 -53650.722    -6.050    -0.11    1.16
 -53276.929    -5.987     0.17    1.21
 -52903.116    -6.192    -0.55    1.27
 -52529.284    -5.881     0.83    1.38
 -52155.433    -5.887    -0.02    1.27
 -51781.562    -5.698     0.51    1.48
 -51407.672    -5.495     0.54    1.39
 -51033.763    -4.972     1.40    1.76
 -50659.834    -4.564     1.09    1.68
 -50285.886    -4.702    -0.37    1.77
 -49911.919    -4.404     0.80    1.95
 -49537.932    -4.509    -0.28    1.95
 -49163.927    -4.358     0.40    1.83
 -48789.901    -4.392    -0.09    1.61
 -48415.857    -4.313     0.21    1.57
 -48041.793    -4.066     0.66    1.61
 -47667.709    -3.584     1.29    1.83
 -47293.607    -3.196     1.04    1.64
 -46919.485    -3.107     0.24    1.60
 -46545.343    -3.053     0.14    1.50
 -46171.182    -3.153    -0.27    1.35
 -45797.002    -3.587    -1.16    1.56
 -45422.802    -3.831    -0.65    1.82
 -45048.583    -3.920    -0.24    1.87
 -44674.345    -4.109    -0.51    1.92
 -44300.087    -4.083     0.07    1.56
 -43925.810    -3.675     1.09    1.41
 -43551.513    -3.540     0.36    1.46
 -43177.197    -3.381     0.43    1.40
 -42802.862    -3.409    -0.07    1.55
 -42428.507    -3.086     0.86    1.59
 -42054.132    -2.544     1.45    1.53
 -41679.738    -2.164     1.01    1.67
 -41305.325    -2.031     0.36    1.57
 -40930.893    -2.164    -0.36    1.65
 -40556.440    -2.108     0.15    1.65
 -40181.969    -2.009     0.27    1.71
 -39807.478    -1.631     1.01    1.95
 -39432.967    -1.475     0.42    1.93
 -39058.437    -1.174     0.80    1.92
 -38683.888    -1.142     0.09    1.78
 -38309.319    -0.831     0.83    1.56
 -37934.730    -0.608     0.59    1.62
 -37560.122    -0.370     0.64    1.39
 -37185.495    -0.722    -0.94    1.74
 -36810.848    -1.479    -2.02    2.18
 -36436.181    -2.566    -2.90    2.38
 -36061.495    -3.566    -2.67    2.16
 -35686.790    -4.520    -2.55    1.84
 -35312.065    -4.817    -0.79    1.64
 -34937.320    -4.631     0.50    1.51
 -34562.556    -4.679    -0.13    1.23
 -34187.772    -4.109     1.52    1.41
 -33812.969    -3.698     1.10    1.39
 -33438.146    -3.327     0.99    1.33
 -33063.304    -3.063     0.70    1.30
 -32688.442    -2.964     0.26    1.20
 -32313.561    -3.176    -0.57    1.37
 -31938.660    -2.875     0.80    1.55
 -31563.739    -2.453     1.12    1.66
 -31188.799    -2.017     1.16    1.53
 -30813.839    -1.790     0.61    1.35
 -30438.860    -1.542     0.66    1.52
 -30063.861    -1.131     1.10    1.69
 -29688.843    -0.426     1.88    1.85
 -29313.804    -0.143     0.76    1.76
 -28938.747    -0.231    -0.23    1.75
 -28563.669    -0.086     0.39    1.58
 -28188.572    -0.120    -0.09    1.55
 -27813.456     0.210     0.88    1.49
 -27438.320     0.202    -0.02    1.41
 -27063.164     0.460     0.69    1.67
 -26687.988     0.741     0.75    1.69
 -26312.793     1.005     0.70    2.01
 -25937.578     1.551     1.45    1.96
 -25562.344     1.824     0.73    2.01
 -25187.090     1.652    -0.46    1.92
 -24811.816     2.107     1.21    1.59
 -24436.523     1.969    -0.37    1.51
 -24061.210     2.083     0.30    1.70
 -23685.877     2.125     0.11    1.88
 -23310.524     2.858     1.95    2.57
 -22935.152     3.217     0.96    2.57
 -22559.760     3.456     0.64    2.46
 -22184.349     3.687     0.62    2.39
 -21808.918     3.760     0.19    1.99
 -21433.467     3.671    -0.24    1.82
 -21057.996     3.858     0.50    1.82
 -20682.506     3.502    -0.95    2.33
 -20306.996     3.434    -0.18    2.58
 -19931.466     2.947    -1.30    2.38
 -19555.916     2.778    -0.45    2.51
 -19180.347     3.169     1.04    2.05
 -18804.758     3.233     0.17    1.84
 -18429.149     3.436     0.54    2.11
 -18053.520     4.152     1.91    2.30
 -17677.872     4.369     0.58    2.61
 -17302.204     4.782     1.10    2.66
 -16926.516     4.891     0.29    2.54
 -16550.809     4.826    -0.17    2.31
 -16175.081     4.710    -0.31    2.45
 -15799.334     4.857     0.39    2.49
 -15423.567     4.591    -0.71    2.36
 -15047.780     4.321    -0.72    2.44
 -14671.974     4.782     1.23    2.31
 -14296.147     5.169     1.03    2.29
 -13920.301     5.978     2.15    2.43
 -13544.435     6.480     1.34    2.34
 -13168.549     7.043     1.50    2.59
 -12792.644     6.619    -1.13    3.66
 -12416.718     6.906     0.76    3.49
 -12040.773     6.791    -0.30    3.56
 -11664.808     6.392    -1.06    3.65
 -11288.823     6.483     0.24    3.71
 -10912.818     6.702     0.58    3.36
 -10536.793     7.515     2.16    1.81
 -10160.749     6.414    -2.93    3.43
  -9784.684     4.274    -5.69    5.15
  -9408.600     1.187    -8.21    5.20
  -9032.496    -1.836    -8.04    2.45
  -8656.372    -2.631    -2.11    0.00
  -8280.228    -2.631     0.00    0.00
  -7904.064    -2.631     0.00    0.00
  -7527.880    -2.631     0.00    0.00
  -7151.677    -2.631     0.00    0.00
  -6775.453    -2.631     0.00    0.00
  -6399.210    -2.631     0.00    0.00
  -6022.947    -2.631     0.00    0.00
  -5646.663    -2.631     0.00    0.00
  -5270.360    -2.631     0.00    0.00
  -4894.037    -2.631     0.00    0.00
  -4517.694    -2.517     0.30    0.54
  -4141.331    -2.086     1.15    1.21
  -3764.948    -1.414     1.79    1.53
  -3388.545    -0.881     1.41    1.48
  -3012.122    -0.457     1.13    1.39
  -2635.680    -0.187     0.72    1.24
  -2259.217    -0.120     0.18    1.06
  -1882.734    -0.142    -0.06    0.84
  -1506.231    -0.358    -0.57    0.82
  -1129.709    -0.348     0.03    0.89
   -753.166    -0.108     0.64    1.02
   -376.603    -0.066     0.11    1.03
     -0.020     0.086     0.40    1.03
    376.582     0.036    -0.13    1.22
    753.205     0.147     0.30    1.13
   1129.848     0.320     0.46    1.09
   1506.510     0.282    -0.10    0.96
   1883.193     0.437     0.41    1.07
   2259.896     0.574     0.36    1.36
   2636.619     0.725     0.40    1.33
   3013.362     0.695    -0.08    1.39
   3390.124     0.596    -0.26    1.52
   3766.907     0.544    -0.14    1.39
   4143.710     0.458    -0.23    1.28
   4520.533     0.460     0.01    1.14
   4897.377     0.642     0.48    1.11
   5274.240     0.725     0.22    0.96
   5651.123     0.735     0.03    0.97
   6028.026     0.778     0.11    1.19
   6404.950     0.857     0.21    1.26
   6781.893     1.164     0.81    1.47
   7158.857     1.195     0.08    1.58
   7535.841     1.125    -0.19    1.38
   7912.844     1.195     0.19    1.12
   8289.868     1.250     0.15    1.09
   8666.912     1.369     0.32    1.14
   9043.976     1.505     0.36    1.19
   9421.061     1.642     0.36    1.15
   9798.165     1.586    -0.15    1.07
  10175.290     1.801     0.57    0.87
  10552.434     1.934     0.35    0.98
  10929.599     1.947     0.03    1.01
  11306.784     1.991     0.12    1.09
  11683.989     1.858    -0.35    1.12
  12061.215     1.642    -0.57    1.26
  12438.460     1.586    -0.15    1.03
  12812.370     1.642     0.15    1.06
  13185.655     1.782     0.38    1.09
  13558.960     2.152     0.99    1.11
  13932.284     2.347     0.52    1.20
  14305.629     2.505     0.42    1.05
  14678.993     2.345    -0.43    0.92
  15052.377     2.630     0.76    1.12
  15425.781     2.750     0.32    1.10
  15799.204     2.326    -1.14    1.59
  16172.647     2.102    -0.60    1.80
  16546.110     2.043    -0.16    1.96
  16919.593     1.636    -1.09    2.04
  17293.096     1.323    -0.84    2.00
  17666.618     0.769    -1.48    1.81
  18040.160     0.540    -0.61    1.45
  18413.722     0.925     1.03    1.67
  18787.304     1.301     1.01    1.92
  19160.905     1.769     1.25    1.99
  19534.526     2.413     1.72    2.03
  19908.168     2.983     1.52    1.73
  20281.828     3.596     1.64    1.49
  20655.509     3.821     0.60    1.15
  21029.210     3.813    -0.02    1.12
  21402.930     3.695    -0.32    1.13
  21776.671     3.591    -0.28    1.18
  22150.431     3.813     0.59    1.14
  22524.211     4.090     0.74    1.22
  22898.010     4.125     0.09    1.23
  23271.830     4.519     1.06    1.21
  23645.670     4.528     0.02    1.12
  24019.529     4.642     0.30    1.11
  24393.408     5.051     1.09    1.07
  24767.308     5.119     0.18    1.14
  25141.227     5.278     0.43    1.16
  25515.166     5.304     0.07    1.20
  25889.125     5.345     0.11    1.19
  26263.103     5.680     0.90    1.22
  26637.102     5.821     0.38    1.37
  27011.120     5.813    -0.02    1.37
  27385.159     5.891     0.21    1.39
  27759.217     5.891     0.00    1.28
  28133.296     5.847    -0.12    1.30
  28507.394     5.927     0.21    1.44
  28881.512     6.065     0.37    1.40
  29255.650     6.230     0.44    1.10
  29629.808     6.369     0.37    1.38
  30003.986     6.239    -0.35    1.47
  30378.184     6.391     0.41    1.56
  30752.402     6.769     1.01    1.51
  31126.640     6.983     0.57    1.63
  31500.898     6.816    -0.45    1.60
  31875.176     7.013     0.53    1.65
  32249.474     7.258     0.65    1.68
  32623.792     7.369     0.30    1.43
  32998.130     7.483     0.30    1.38
  33372.487     7.760     0.74    1.44
  33746.865     8.437     1.81    2.00
  34121.263     9.769     3.56    2.54
  34495.681    11.195     3.81    2.39
  34870.119    12.499     3.48    1.97
  35244.577    13.902     3.75    2.38
  35619.055    14.857     2.55    2.33
  35993.553    15.543     1.83    2.61
  36368.071    16.051     1.36    2.89
  36742.609    17.092     2.78    3.33
  37117.167    17.739     1.73    3.38
  37491.745    18.804     2.84    3.04
  37866.343    19.574     2.05    2.41
  38240.961    20.733     3.09    3.06
  38615.600    23.258     6.74    3.83
  38990.258    25.726     6.59    3.91
  39364.936    28.608     7.69    4.19
  39739.635    31.369     7.37    3.32
  40114.354    33.569     5.87    3.14
  40489.092    35.280     4.57    3.12
  40863.851    37.113     4.89    3.17
  41238.630    39.187     5.53    3.05
  41613.429    40.917     4.61    3.06
  41988.248    42.436     4.05    2.73
  42363.088    44.299     4.97    2.00
  42737.947    45.636     3.57    2.19
  43112.827    46.947     3.50    1.90
  43487.726    48.155     3.22    2.15
  43862.646    47.102    -2.81    4.49
  44237.586    46.369    -1.96    5.76
  44612.546    46.005    -0.97    5.63
  44987.527    46.282     0.74    5.04
  45362.527    47.187     2.41    4.44
  45737.548    49.565     6.34    4.22
  46112.588    51.664     5.60    4.91
  46487.649    55.978    11.50    5.29
  46862.731    59.940    10.57    5.05
  47237.832    62.925     7.96    4.27
  47612.953    66.858    10.49    4.45
  47988.095    69.999     8.37    4.73
  48363.257    73.521     9.39    5.48
  48738.439    78.255    12.62    5.13
  49113.642    82.826    12.18    5.91
  49488.864    88.278    14.53    6.91
  49864.107    94.769    17.30    7.65
  50239.370   101.702    18.48    8.04
  50614.653   107.983    16.74    8.22
  50989.957   116.173    21.83    9.18
  51365.280   124.710    22.75    9.63
  51740.624   135.502    28.75   12.27
  52115.989   147.152    31.04   14.45
  52491.373   160.760    36.25   16.40
  52866.778   178.036    46.02   19.86
  53242.203   194.043    42.64   20.71
  53617.648   217.217    61.73   26.55
  53993.114   240.301    61.48   31.57
  54368.600   285.369   120.03   58.54
  54744.106   325.347   106.47   64.86
  55119.632   372.760   126.26   66.61
  55495.179   417.102   118.08   59.69
  55870.746   458.974   111.49   67.58
  56246.333   542.074   221.26  125.94
  56621.941   651.440   291.19  164.59
  56997.569   762.652   296.08  147.54
  57373.217   841.005   208.59   80.64
  57748.886   841.119     0.30   66.36
  58124.575   761.391  -212.23  122.64
  58500.285   656.560  -279.04  142.20
  58876.014   552.005  -278.28  121.34
  59251.764   487.183  -172.52   59.89
  59627.535   490.102     7.77   58.17
  60003.325   528.255   101.53   72.10
  60379.137   591.914   169.40   86.58
  60754.968   688.934   258.16  125.09
  61130.820   807.226   314.75  145.53
  61506.692   905.191   260.65  146.89
  61882.585   972.671   179.53   87.74
  62258.498   973.702     2.74   70.07
  62634.432   922.539  -136.10   86.83
  63010.385   871.739  -135.13   77.36
  63386.360   818.119  -142.62   74.51
  63762.354   768.278  -132.57   62.16
  64138.370   738.217   -79.95   46.01
  64514.405   715.301   -60.94   26.42
  64890.461   715.460     0.42   18.52
  65266.538   731.195    41.84   32.84
  65642.634   760.233    77.21   40.78
  66018.752   778.521    48.63   33.66
  66394.889   785.065    17.40   29.95
  66771.048   770.804   -37.91   32.47
  67147.226   750.769   -53.26   27.31
  67523.426   740.136   -28.26   22.78
  67899.645   724.934   -40.41   20.20
  68275.885   716.417   -22.64   20.91
  68652.146   704.007   -32.98   18.56
  69028.427   691.813   -32.41   15.29
  69404.729   680.478   -30.13   17.16
  69781.051   668.236   -32.53   16.07
  70157.393   658.927   -24.74   15.66
  70533.756   647.892   -29.32   16.52
  70910.140   636.488   -30.30   15.23
  71286.544   624.652   -31.45   13.21
  71662.969   613.636   -29.27   12.63
  72039.414   603.278   -27.52    9.83
  72415.880   596.502   -18.00    8.60
  72792.366   589.244   -19.28    8.11
  73168.873   583.869   -14.28    9.13
  73545.400   577.483   -16.96    9.00
  73921.948   574.074    -9.05    8.35
  74298.517   568.391   -15.09    9.96
  74675.106   562.836   -14.75   11.79
  75051.715   555.999   -18.15   12.41
  75428.346   549.321   -17.73    9.89
  75804.996   548.658    -1.76    7.52
  76181.668   553.096    11.78   11.97
  76558.360   559.074    15.87   12.87
  76935.072   564.782    15.15   12.55
  77311.806   575.346    28.04   20.36
  77688.559   566.667   -23.04   36.03
  78065.334   549.217   -46.32   48.54
  78442.129   530.673   -49.22   44.28
  78818.945   524.569   -16.20   39.54
  79195.781   545.574    55.74   48.16
  79572.638   579.043    88.82   38.98
  79949.515   601.437    59.42   16.28
  80326.414   607.652    16.49   12.11
  80703.333   599.499   -21.63   21.27
  81080.272   562.986   -96.88   61.36
  81457.232   505.413  -152.74   82.64
  81834.213   456.774  -129.03   66.51
  82211.215   419.947   -97.69   27.78
  82588.237   413.602   -16.83   14.62
  82965.280   413.547    -0.15   17.28
  83342.344   414.036     1.30   17.11
  83719.428   414.369     0.88   18.21
  84096.533   420.437    16.09   22.29
  84473.659   439.631    50.90   30.64
  84850.805   434.210   -14.37   33.99
  85227.972   415.782   -48.86   40.12
  85605.160   392.983   -60.45   37.75
  85982.369   373.369   -52.00   14.17
  86359.598   370.881    -6.60    9.67
  86736.848   376.630    15.24   15.21
  87114.119   400.206    62.50   43.19
  87491.411   432.658    86.02   58.23
  87864.965   478.760   123.43   63.98
  88238.185   503.999    67.63   49.13
  88611.426   503.613    -1.03   47.00
  88984.686   475.392   -75.61   48.72
  89357.968   445.598   -79.82   23.02
  89731.269   433.880   -31.39   10.74
  90104.591   430.302    -9.58    5.23
  90477.933   431.947     4.41    5.04
  90851.295   434.937     8.01    5.46
  91224.678   436.565     4.36    7.06
  91598.081   437.210     1.73    9.77
  91971.504   441.922    12.62   27.16
  92344.948   440.543    -3.69   32.71
  92718.412   438.239    -6.17   33.30
  93091.896   430.664   -20.28   25.39
  93465.401   426.664   -10.71    7.85
  93838.926   429.891     8.64    6.68
  94212.472   434.278    11.75    6.22
  94586.037   438.913    12.41    6.46
  94959.624   444.191    14.13    7.48
  95333.230   449.608    14.50    7.61
  95706.857   454.391    12.80    6.81
  96080.505   460.795    17.14    7.85
  96454.172   485.347    65.71   48.20
  96827.861   507.417    59.06   56.34
  97201.569   536.586    78.06   56.99
  97575.298   574.589   101.69   59.55
  97949.048   589.326    39.44   61.27
  98322.817   594.574    14.04   63.95
  98696.608   598.778    11.25   63.78
  99070.418   572.058   -71.49   58.60
  99444.249   556.142   -42.58   65.76
  99818.101   513.824  -113.21   73.40
 100191.973   461.774  -139.23   38.35
 100565.866   444.880   -45.19   16.10
 100939.778   451.439    17.54   27.23
 101313.712   479.347    74.64   50.41
 101687.666   527.080   127.66   67.68
 102061.640   546.183    51.09   66.10
 102435.635   518.947   -72.83   86.29
 102809.650   468.694  -134.37   80.19
 103183.686   429.302  -105.33   39.85
 103557.742   414.965   -38.33   12.45
 103931.819   416.813     4.94   12.67
 104305.916   418.195     3.69   11.14
 104680.034   423.565    14.35   15.19
 105054.173   439.652    43.00   27.56
 105428.331   449.750    26.99   24.59
 105802.511   457.739    21.35   23.50
 106176.711   476.462    50.04   34.35
 106550.931   505.347    77.19   66.63
 106925.172   582.021   204.90  121.60
 107299.434   654.978   194.95  125.29
 107673.716   675.326    54.37  106.75
 108048.019   653.914   -57.21  114.03
 108422.342   601.390  -140.33  108.84
 108796.686   544.960  -150.76   36.57
 109171.050   538.702   -16.72   33.01
 109545.435   556.702    48.08   35.56
 109919.841   575.458    50.10   43.03
 110294.267   605.036    79.00   52.74
 110668.713   636.392    83.75   61.18
 111043.181   676.717   107.70   71.44
 111417.669   707.369    81.86   74.29
 111792.177   731.999    65.77   69.06
 112166.706   756.325    64.96   60.09
 112541.256   779.043    60.66   45.94
 112915.827   809.978    82.59   44.24
 113290.418   836.648    71.21   49.05
 113665.029   855.390    50.04   61.29
 114039.662   878.505    61.71   67.23
 114414.315   884.630    16.35   66.76
 114788.988   882.925    -4.55   61.57
 115163.683   873.602   -24.88   60.44
 115538.398   857.369   -43.32   55.07
 115913.133   836.512   -55.66   57.47
 116287.890   818.925   -46.94   48.87
 116662.667   812.733   -16.52   47.43
 117037.464   787.258   -67.98   46.33
 117412.283   752.569   -92.56   61.92
 117787.122   699.107  -142.64   64.40
 118161.982   644.680  -145.21   61.32
 118536.862   598.160  -124.11   42.58
 118911.763   578.324   -52.92   28.48
 119286.685   576.837    -3.97   34.82
 119661.628   602.391    68.16   50.65
 120036.591   628.475    69.57   53.13
 120411.575   642.302    36.88   50.40
 120786.580   641.804    -1.33   50.04
 121161.606   637.950   -10.28   49.89
 121536.652   646.717    23.38   52.99
 121911.719   656.991    27.40   51.77
 122286.807   651.236   -15.35   45.19
 122661.916   640.695   -28.10   30.23
 123037.045   634.255   -17.17   15.88
 123412.195   638.744    11.97   23.78
 123787.366   647.673    23.80   27.39
 124162.558   665.652    47.92   51.34
 124537.771   712.702   125.41   91.67
 124913.004   771.051   155.52  107.18
 125288.258   850.582   211.96  100.82
 125663.533   917.119   177.32   94.35
 126038.829   977.640   161.28   96.41
 126414.146   991.391    36.64   99.83
 126789.483   959.178   -85.83  125.90
 127164.841   864.680  -251.78  115.51
 127540.220   811.619  -141.37   76.20
 127915.620   835.347    63.21   92.70
 128291.041   857.893    60.06   95.74
 128666.483   857.782    -0.30   97.06
 129041.945   818.255  -105.29   98.18
 129417.429   784.080   -91.03   55.54
 129792.933   763.525   -54.75   31.19
 130168.458   775.671    32.35   47.05
 130544.004   786.778    29.58   61.42
 130919.571   820.345    89.39   86.18
 131295.159   834.658    38.11   69.76
 131670.767   826.791   -20.95   62.63
 132046.397   818.755   -21.40   53.94
 132422.047   832.630    36.94   67.64
 132797.719   865.414    87.28   76.28
 133173.411   893.021    73.49   65.65
 133549.124   899.393    16.96   66.56
 133924.859   884.325   -40.11   58.29
 134300.614   876.913   -19.73   46.51
 134676.390   892.782    42.24   56.06
 135052.187   925.565    87.25   72.91
 135428.005   963.505   100.97   76.28
 135803.843   998.202    92.33   80.31
 136179.703  1039.991   111.20  104.10
 136555.584  1040.391     1.06  108.72
 136931.486  1026.391   -37.25  105.25
 137307.409   999.869   -70.56   74.92
 137683.352  1006.973    18.90   79.01
 138059.317  1052.233   120.40  107.10
 138435.303  1149.173   257.86  141.99
 138811.310  1215.804   177.23  126.33
 139187.337  1262.816   125.04  109.50
 139563.386  1331.013   181.38  133.86
 139939.456  1392.369   163.17  154.60
 140315.547  1446.130   142.97  135.96
 140691.658  1496.369   133.59  102.99
 141067.791  1497.869     3.99   83.42
 141443.945  1467.969   -79.50   72.70
 141820.120  1456.347   -30.90   67.40
 142196.316  1441.991   -38.16   67.54
 142572.533  1470.917    76.90  108.77
 142948.771  1520.437   131.64  121.41
 143325.030  1560.869   107.47   91.98
 143701.311  1531.013   -79.35  110.21
 144077.612  1475.326  -148.01  106.99
 144453.934  1430.702  -118.60   82.49
 144830.278  1419.195   -30.58   74.70
 145206.642  1431.702    33.24   73.90
 145583.028  1404.791   -71.51  100.32
 145959.435  1369.636   -93.41  112.08
 146335.863  1311.991  -153.16   68.95
 146712.312  1315.304     8.80   60.30
 147088.782  1363.278   127.45   73.71
 147465.273  1419.390   149.06   77.02
 147841.785  1485.999   176.94   91.97
 148218.319  1565.539   211.27  134.93
 148594.873  1658.325   246.44  138.40
 148971.449  1721.687   168.28  105.94
 149348.046  1719.582    -5.59   99.54
 149724.664  1677.483  -111.80  126.18
 150101.303  1611.284  -175.79  122.52
 150477.964  1578.239   -87.74   87.34
 150854.645  1589.135    28.93   84.88
 151231.348  1673.760   224.68  140.44
 151608.072  1769.142   253.22  149.18
 151984.817  1836.569   179.00  117.18
 152361.584  1851.964    40.87  120.38
 152738.371  1807.191  -118.85  136.98
 153115.180  1724.813  -218.65  119.77
 153492.010  1640.051  -224.97  146.44
 153868.861  1534.013  -281.42  179.15
 154245.734  1429.893  -276.32  174.43
 154622.627  1310.858  -315.88  125.34
 154999.542  1225.731  -225.89   93.53
 155376.478  1176.636  -130.27   69.24
 155753.436  1162.195   -38.31   74.82
 156130.414  1152.413   -25.95   94.35
 156507.414  1123.965   -75.47  109.47
 156884.435  1115.169   -23.33  118.66
 157261.478  1088.673   -70.28  103.02
 157638.541  1049.013  -105.20   92.09
 158015.626  1014.642   -91.16   77.24
 158392.733   988.050   -70.53   61.88
 158769.860   957.346   -81.43   26.36
 159147.009   954.565    -7.38   23.91
 159524.179   951.347    -8.53   26.86
 159901.371   946.021   -14.12   32.19
 160278.583   930.108   -42.19   34.37
 160655.818   913.298   -44.57   31.52
 161033.073   904.934   -22.17   20.55
 161410.350   907.187     5.97   22.38
 161787.648   938.695    83.52   62.99
 162164.967  1001.458   166.36  101.48
 162542.308  1083.460   217.35  122.70
 162915.520  1165.991   221.17  114.71
 163288.674  1224.917   157.94   95.93
 163661.848  1266.983   112.74   94.05
 164035.044  1308.392   110.98  104.59
 164408.260  1350.013   111.54  118.27
 164781.497  1398.847   130.86   98.62
 165154.755  1408.483    25.82   97.32
 165528.034  1373.652   -93.33  113.22
 165901.333  1321.532  -139.64   90.96
 166274.654  1278.369  -115.64   44.73
 166647.995  1276.648    -4.61   48.71
 167021.358  1288.236    31.04   55.06
 167394.741  1273.773   -38.74   65.60
 167768.145  1253.673   -53.84   72.85
 168141.570  1225.260   -76.10   55.06
 168515.017  1208.086   -46.00   28.44
 168888.484  1206.223    -4.99   15.20
 169261.971  1215.937    26.01   15.77
 169635.480  1225.795    26.40   18.19
 170009.010  1244.179    49.22   29.96
 170382.561  1255.218    29.56   33.40
