# NaN NaN NaN ;Mean Elev.(m), Avg Gradient(m/km), RMS Gradient(m/km) - SRTM1     
#  111.185   0.298   0.799 ;Mean Elev.(m), Avg Gradient(m/km), RMS Gradient(m/km) - ASTER GDEM
#  109.154   0.202   0.481 ;Mean Elev.(m), Avg Gradient(m/km), RMS Gradient(m/km) - GMTED2010 
  6  70.759049  29.677213   110.475   110.475  2 52420.70657919 27.013
  7  70.760017  29.678456   106.282   106.282  2 52455.70660298 23.369
  8  70.766434  29.690293   111.312   111.184  5 52490.70657904 26.949
 10  70.759680  29.679622   107.240   107.240  2 52560.70660520 19.791
 11  70.756990  29.676125   109.361   110.258  3 52595.70661371 19.650
 12  70.761445  29.680586   109.082   110.300  3 52630.70655000 21.444
 15  70.765726  29.687789   108.784   108.660  5 52735.70658430 29.398
 17  70.757893  29.677782   108.228   108.228  2 52805.70660685 21.775
 18  70.761116  29.678873   111.195   111.195  2 52840.70666748 23.547
 20  70.766153  29.698033   109.395   109.510  8 52910.70667733 36.700
 23  70.762268  29.681393   109.555   110.735  3 53015.70666221 28.945
 24  70.761441  29.679848   108.196   108.196  2 53050.70663779 30.737
 25  70.757423  29.676598   107.884   107.858  3 53085.70667338 30.429
 26  70.758487  29.678913   108.234   108.234  2 53120.70664407 29.529
 27  70.756135  29.675404   109.963   109.963  2 53155.70669746 30.826
 28  70.765377  29.688809   110.090   110.230  4 53190.70669066 32.081
 29  70.764914  29.685576   110.182   110.504  3 53225.70669719 23.354
 30  70.761665  29.679912   108.870   108.870  2 53260.70667047 32.959
 32  70.762881  29.681359   108.902   108.367  3 53330.70667391 29.870
 33  70.765968  29.689582   108.838   108.210  5 53365.70662366 33.202
 34  70.760815  29.678415   106.955   106.955  2 53400.70664764 28.332
 35  70.765374  29.684929   107.759   107.831  3 53435.70663845 28.705
 36  70.758351  29.677159   108.210   108.210  2 53470.70668473 28.862
 37  70.759149  29.678832   109.003   109.003  2 53505.70672240 31.864
 38  70.760288  29.679236   109.511   109.425  3 53540.70672482 32.824
 39  70.761231  29.680942   110.182   110.153  3 53575.70671720 29.662
 40  70.763002  29.682926   110.056   110.056  2 53610.70666864 30.500
 41  70.760283  29.678825   110.682   110.682  2 53645.70667160 18.768
 42  70.758281  29.678478   108.351   108.351  2 53680.70668820 34.884
 43  70.765908  29.688949   108.762   108.790  5 53715.70661782 44.094
 44  70.763667  29.683490   109.480   109.480  2 53750.70653406 32.772
 45  70.765172  29.688198   108.427   108.536  5 53785.70656523 38.209
 46  70.766647  29.693305   108.841   108.850  6 53820.70652400 46.765
 47  70.757574  29.676377   108.623   108.623  2 53855.70660699 33.060
 48  70.765226  29.689060   110.812   110.831  4 53890.70662006 37.681
 49  70.752979  29.673994   110.011   109.817  3 53925.70668144 41.307
 50  70.757901  29.677766   110.808   110.808  2 53960.70666936 31.391
 51  70.759876  29.679793   109.525   109.525  2 53995.70660751 35.405
 52  70.762067  29.681686   109.007   109.007  2 54030.70666293 36.021
 54  70.763865  29.684602   108.503   108.534  3 54100.70662036 37.688
 55  70.760443  29.678809   109.465   109.005  3 54135.70658245 36.396
 57  70.759553  29.677834   108.877   108.877  2 54205.70658679 22.019
 58  70.762359  29.681891   109.718   109.718  2 54240.70662140 36.881
 59  70.762303  29.682032   109.992   109.992  2 54275.70663707 36.769
 61  70.765069  29.685367   110.043   110.047  3 54345.70661343 36.855
 62  70.760811  29.681061   109.352   109.352  2 54380.70657432 45.194
 63  70.763277  29.682235   109.261   109.261  2 54415.70656137 46.424
 64  70.760153  29.678625   108.937   108.937  2 54450.70654197 44.587
 65  70.763597  29.682958   108.950   108.950  2 54485.70655723 50.816
 66  70.761819  29.681526   108.923   108.923  2 54520.70655581 49.324
 67  70.763366  29.684449   108.878   108.898  3 54555.70656854 42.866
 68  70.760929  29.680923   109.589   109.589  2 54590.70655215 19.012
 69  70.762460  29.682032   110.434   110.434  2 54625.70656849 21.619
 70  70.760574  29.678453    95.864    95.864  2 54660.70657591 12.673
 71  70.763950  29.684555   110.362   110.343  3 54695.70655497 31.805
 72  70.761044  29.679349   109.580   109.612  3 54730.70653167 46.422
 73  70.762438  29.681561   109.123   109.123  2 54765.70653261 49.031
 74  70.760000  29.676870   108.955   108.955  2 54800.70652453 49.056
 75  70.762563  29.680848   108.260   108.266  3 54835.70652441 50.793
 76  70.760555  29.679609   108.899   108.907  3 54870.70652295 50.614
 77  70.763076  29.681235   109.328   109.318  3 54905.70653254 49.221
 78  70.760533  29.678942   109.281   109.294  3 54940.70651500 49.981
 79  70.761203  29.679617   110.019   110.019  2 54975.70654455 46.967
 80  70.762384  29.680595   109.962   109.893  3 55010.70655516 24.449
 81  70.762344  29.680669   110.340   110.348  3 55045.70654634 45.058
 82  70.764157  29.684898   110.016   110.096  3 55080.70652145 29.994
 83  70.761520  29.680321   109.564   109.546  3 55115.70647822 47.196
 84  70.761852  29.680724   109.293   109.305  3 55150.70647718 45.219
 85  70.760145  29.678035   109.081   109.081  2 55185.70646293 49.716
 86  70.762220  29.681802   108.564   108.564  2 55220.70647573 52.269
 87  70.761869  29.681283   109.356   109.331  3 55255.70645918 47.824
 88  70.763314  29.684438   109.325   109.293  3 55290.70646522 51.581
 89  70.760413  29.679586   109.496   109.518  3 55325.70644512 45.857
 90  70.762311  29.682218   110.414   110.414  2 55360.70644238 41.173
 91  70.760619  29.679789   110.407   110.558  3 55395.70644766 37.747
 92  70.763110  29.682184   110.472   110.472  2 55430.70645784 33.798
 93  70.765403  29.688049   109.690   109.744  4 55465.70641992 26.369
