# NaN NaN NaN ;Mean Elev.(m), Avg Gradient(m/km), RMS Gradient(m/km) - SRTM1     
#  111.185   0.298   0.799 ;Mean Elev.(m), Avg Gradient(m/km), RMS Gradient(m/km) - ASTER GDEM
#  109.154   0.202   0.481 ;Mean Elev.(m), Avg Gradient(m/km), RMS Gradient(m/km) - GMTED2010 
  6   110.946 52420.70657887 27.76  70.759489  29.675568 24.420
  6   110.005 52420.70657951 26.11  70.758609  29.678858 24.420
  7   107.055 52455.70660266 22.56  70.760457  29.676816 14.728
  7   105.508 52455.70660331 24.05  70.759577  29.680096 14.728
  8   111.292 52490.70657776 27.82  70.768209  29.683723 18.720
  8   111.604 52490.70657840 30.14  70.767319  29.687003 18.720
  8   111.184 52490.70657904 20.89  70.766439  29.690293 18.720
  8   111.076 52490.70657969 24.54  70.765549  29.693583 18.720
  8   111.405 52490.70658033 26.35  70.764659  29.696867 33.657
 10   106.570 52560.70660488 19.89  70.760125  29.677982  5.473
 10   107.910 52560.70660553 19.69  70.759235  29.681262  5.473
 11   110.258 52595.70661306 17.64  70.757880  29.672838 27.412
 11   110.347 52595.70661371 19.25  70.756990  29.676128 27.412
 11   107.477 52595.70661435 21.29  70.756100  29.679408 27.412
 12   110.515 52630.70654935 20.03  70.762328  29.677303 24.240
 12   110.300 52630.70655000 21.10  70.761448  29.680583 24.240
 12   106.432 52630.70655064 22.76  70.760558  29.683873 24.240
 15   110.795 52735.70658301 20.06  70.767496  29.681219 11.731
 15   109.199 52735.70658366 23.65  70.766616  29.684499 11.731
 15   107.124 52735.70658430 26.75  70.765726  29.687789 11.731
 15   108.119 52735.70658495 30.47  70.764846  29.691079 11.731
 15   108.685 52735.70658559 33.86  70.763956  29.694369 11.731
 17   107.778 52805.70660653 21.84  70.758338  29.676137 19.999
 17   108.677 52805.70660717 21.71  70.757448  29.679427 19.999
 18   111.304 52840.70666716 25.33  70.761556  29.677233 24.233
 18   111.085 52840.70666780 20.47  70.760676  29.680513 24.233
 20   107.522 52910.70667507 25.75  70.769253  29.686528 13.536
 20   108.327 52910.70667572 26.59  70.768363  29.689818 13.536
 20   109.151 52910.70667636 27.39  70.767483  29.693098 13.536
 20   109.716 52910.70667701 29.57  70.766593  29.696388 13.536
 20   110.001 52910.70667765 36.69  70.765713  29.699678 13.536
 20   110.166 52910.70667830 38.38  70.764823  29.702968 13.536
 20   110.106 52910.70667894 40.27  70.763943  29.706248 13.536
 20   110.168 52910.70667958 41.12  70.763053  29.709538 13.536
 23   110.735 53015.70666157 26.07  70.763155  29.678110 28.937
 23   110.886 53015.70666221 28.58  70.762265  29.681390 28.937
 23   107.044 53015.70666286 30.89  70.761385  29.684680 28.937
 24   107.940 53050.70663747 30.05  70.761881  29.678208 26.476
 24   108.452 53050.70663812 31.33  70.761001  29.681488 26.476
 25   107.460 53085.70667273 27.79  70.758313  29.673311 30.877
 25   107.858 53085.70667338 30.15  70.757423  29.676601 30.877
 25   108.334 53085.70667402 32.24  70.756533  29.679881 30.877
 26   108.065 53120.70664375 26.94  70.758927  29.677273 35.161
 26   108.403 53120.70664439 31.14  70.758047  29.680553 35.161
 27   108.848 53155.70669713 29.43  70.756580  29.673759 24.113
 27   111.079 53155.70669778 31.88  70.755690  29.677049 24.113
 28   110.524 53190.70668970 28.89  70.766704  29.683876 24.311
 28   108.839 53190.70669034 30.89  70.765824  29.687166 24.311
 28   111.062 53190.70669099 32.94  70.764934  29.690456 24.311
 28   109.935 53190.70669163 33.96  70.764044  29.693736 24.311
 29   110.504 53225.70669655 20.39  70.765797  29.682286 24.516
 29   109.171 53225.70669719 22.06  70.764917  29.685576 24.516
 29   110.869 53225.70669784 25.79  70.764027  29.688866 24.516
 30   108.679 53260.70667015 30.37  70.762110  29.678272 28.500
 30   109.061 53260.70667079 34.57  70.761220  29.681552 28.500
 32   110.477 53330.70667327 27.15  70.763764  29.678076 25.647
 32   107.861 53330.70667391 28.72  70.762884  29.681356 25.647
 32   108.367 53330.70667456 32.17  70.761994  29.684646 25.647
 33   110.899 53365.70662237 25.60  70.767738  29.683003 29.611
 33   107.748 53365.70662302 26.96  70.766858  29.686293 29.611
 33   108.210 53365.70662366 29.41  70.765968  29.689583 29.611
 33   108.565 53365.70662431 34.37  70.765088  29.692863 29.611
 33   108.771 53365.70662495 37.77  70.764198  29.696153 29.611
 34   106.527 53400.70664731 27.50  70.761255  29.676775 29.018
 34   107.383 53400.70664796 29.03  70.760375  29.680055 29.018
 35   106.990 53435.70663780 26.77  70.766257  29.681639 26.363
 35   107.831 53435.70663845 27.86  70.765377  29.684929 26.363
 35   108.457 53435.70663909 30.57  70.764487  29.688219 26.363
 36   107.965 53470.70668441 28.61  70.758791  29.675519 31.286
 36   108.456 53470.70668506 29.10  70.757911  29.678799 31.286
 37   108.890 53505.70672208 27.70  70.759589  29.677192 35.424
 37   109.117 53505.70672272 33.95  70.758709  29.680472 35.424
 38   109.266 53540.70672417 26.53  70.761171  29.675953 34.220
 38   109.425 53540.70672482 33.31  70.760291  29.679233 34.220
 38   109.842 53540.70672546 34.99  70.759401  29.682523 34.220
 39   109.904 53575.70671655 26.42  70.762118  29.677659 29.232
 39   110.153 53575.70671720 31.23  70.761228  29.680939 29.232
 39   110.488 53575.70671784 30.04  70.760348  29.684229 29.232
 40   110.437 53610.70666831 29.87  70.763442  29.681281 26.903
 40   109.675 53610.70666896 31.05  70.762562  29.684571 26.903
 41   110.640 53645.70667128 17.36  70.760723  29.677185 25.649
 41   110.724 53645.70667192 19.83  70.759843  29.680465 25.649
 42   108.120 53680.70668788 34.07  70.758721  29.676838 32.483
 42   108.582 53680.70668852 35.57  70.757841  29.680118 32.483
 43   107.887 53715.70661653 30.24  70.767678  29.682370 29.259
 43   108.418 53715.70661718 33.08  70.766798  29.685660 29.259
 43   109.015 53715.70661782 35.42  70.765908  29.688950 29.259
 43   109.161 53715.70661847 47.79  70.765028  29.692230 29.259
 43   109.327 53715.70661911 47.90  70.764138  29.695520 29.259
 44   110.778 53750.70653374 33.19  70.764112  29.681850 33.106
 44   108.181 53750.70653438 32.31  70.763222  29.685130 33.106
 45   107.563 53785.70656394 27.44  70.766947  29.681618 28.827
 45   108.235 53785.70656459 29.90  70.766057  29.684908 28.827
 45   108.635 53785.70656523 36.16  70.765177  29.688198 28.827
 45   108.839 53785.70656588 39.66  70.764287  29.691488 28.827
 45   108.863 53785.70656652 42.60  70.763397  29.694768 28.827
 46   108.253 53820.70652238 26.78  70.768857  29.685084 29.888
 46   108.630 53820.70652303 29.83  70.767977  29.688374 29.888
 46   108.977 53820.70652367 38.58  70.767087  29.691664 29.888
 46   108.864 53820.70652432 48.01  70.766207  29.694954 29.888
 46   109.105 53820.70652496 45.80  70.765317  29.698234 29.888
 46   109.216 53820.70652561 52.43  70.764437  29.701524 29.888
 47   108.440 53855.70660667 31.07  70.758019  29.674732 32.788
 47   108.805 53855.70660732 34.42  70.757129  29.678022 32.788
 48   110.756 53890.70661909 29.67  70.766554  29.684128 25.138
 48   110.907 53890.70661973 31.85  70.765674  29.687418 25.138
 48   111.197 53890.70662038 37.38  70.764784  29.690708 25.138
 48   110.387 53890.70662102 41.91  70.763894  29.693988 25.138
 49   110.545 53925.70668080 31.17  70.753862  29.670704 31.777
 49   109.672 53925.70668144 34.52  70.752982  29.673994 31.777
 49   109.817 53925.70668209 45.61  70.752092  29.677284 31.777
 50   110.743 53960.70666903 27.65  70.758346  29.676121 31.489
 50   110.873 53960.70666968 33.37  70.757456  29.679411 31.489
 51   109.384 53995.70660719 33.13  70.760321  29.678153 30.815
 51   109.667 53995.70660783 36.89  70.759431  29.681433 30.815
 52   108.820 54030.70666261 33.22  70.762507  29.680046 29.687
 52   109.193 54030.70666325 37.71  70.761627  29.683326 29.687
 54   108.143 54100.70661972 32.03  70.764752  29.681319 26.905
 54   108.534 54100.70662036 35.09  70.763862  29.684599 26.905
 54   108.831 54100.70662101 41.07  70.762982  29.687889 26.905
 55   108.522 54135.70658180 32.41  70.761330  29.675522 33.881
 55   110.869 54135.70658245 35.36  70.760440  29.678812 33.881
 55   109.005 54135.70658309 38.98  70.759560  29.682092 33.881
 57   108.649 54205.70658647 20.99  70.759993  29.676194 28.207
 57   109.105 54205.70658711 22.85  70.759113  29.679474 28.207
 58   109.548 54240.70662108 35.90  70.762804  29.680246 29.427
 58   109.888 54240.70662172 37.68  70.761914  29.683536 29.427
 59   109.872 54275.70663675 33.99  70.762748  29.680387 26.238
 59   110.111 54275.70663739 38.45  70.761858  29.683677 26.238
 61   109.845 54345.70661278 35.78  70.765952  29.682077 26.437
 61   110.047 54345.70661343 36.75  70.765072  29.685367 26.437
 61   110.237 54345.70661407 37.80  70.764182  29.688657 26.437
 62   109.346 54380.70657400 39.78  70.761251  29.679421 36.620
 62   109.359 54380.70657464 47.53  70.760371  29.682701 36.620
 63   109.192 54415.70656105 43.66  70.763717  29.680595 33.512
 63   109.329 54415.70656169 48.10  70.762837  29.683875 33.512
 64   108.839 54450.70654164 37.86  70.760598  29.676980 36.116
 64   109.034 54450.70654229 47.11  70.759708  29.680270 36.116
 65   108.892 54485.70655691 44.91  70.764037  29.681318 31.011
 65   109.008 54485.70655755 53.23  70.763157  29.684598 31.011
 66   108.912 54520.70655548 42.81  70.762264  29.679881 29.599
 66   108.933 54520.70655613 51.82  70.761374  29.683171 29.599
 67   108.825 54555.70656789 35.83  70.764249  29.681162 32.260
 67   108.910 54555.70656854 39.89  70.763369  29.684452 32.260
 67   108.898 54555.70656918 46.48  70.762479  29.687732 32.260
 68   110.455 54590.70655182 16.73  70.761374  29.679278 25.884
 68   108.724 54590.70655247 20.50  70.760484  29.682568 25.884
 69   110.624 54625.70656817 20.40  70.762900  29.680392 29.606
 69   110.244 54625.70656881 22.57  70.762020  29.683672 29.606
 70    80.784 54660.70657559 14.82  70.761019  29.676808  8.531
 70   110.944 54660.70657623  8.24  70.760129  29.680098  8.531
 71   110.414 54695.70655432 28.66  70.764833  29.681268 26.293
 71   110.329 54695.70655497 30.61  70.763953  29.684558 26.293
 71   110.343 54695.70655561 34.25  70.763063  29.687838 26.293
 72   109.510 54730.70653103 43.22  70.761927  29.676062 33.540
 72   109.619 54730.70653167 49.36  70.761047  29.679352 33.540
 72   109.612 54730.70653232 43.86  70.760157  29.682632 33.540
 73   109.183 54765.70653229 47.17  70.762883  29.679916 32.544
 73   109.063 54765.70653293 50.33  70.761993  29.683206 32.544
 74   108.913 54800.70652421 44.77  70.760445  29.675225 34.881
 74   108.998 54800.70652485 51.17  70.759555  29.678515 34.881
 75   108.297 54835.70652376 40.46  70.763446  29.677558 27.325
 75   108.216 54835.70652441 50.57  70.762566  29.680848 27.325
 75   108.266 54835.70652505 53.71  70.761676  29.684138 27.325
 76   108.863 54870.70652230 47.86  70.761438  29.676322 31.816
 76   108.907 54870.70652295 52.93  70.760558  29.679612 31.816
 76   108.928 54870.70652359 49.45  70.759668  29.682892 31.816
 77   109.318 54905.70653189 43.61  70.763963  29.677945 32.944
 77   109.374 54905.70653254 50.52  70.763073  29.681235 32.944
 77   109.293 54905.70653318 50.61  70.762193  29.684525 32.944
 78   109.146 54940.70651435 43.28  70.761416  29.675655 34.692
 78   109.294 54940.70651500 49.72  70.760536  29.678945 34.692
 78   109.403 54940.70651564 52.64  70.759646  29.682225 34.692
 79   109.963 54975.70654422 42.51  70.761643  29.677972 31.752
 79   110.076 54975.70654487 49.12  70.760763  29.681262 31.752
 80   110.199 55010.70655452 22.52  70.763271  29.677305 29.769
 80   109.893 55010.70655516 23.29  70.762381  29.680595 29.769
 80   109.793 55010.70655580 26.47  70.761501  29.683885 29.769
 81   110.267 55045.70654570 44.23  70.763227  29.677379 30.743
 81   110.406 55045.70654634 47.86  70.762347  29.680669 30.743
 81   110.348 55045.70654699 39.33  70.761457  29.683959 30.743
 82   110.096 55080.70652081 30.47  70.765040  29.681611 21.447
 82   110.117 55080.70652145 30.08  70.764160  29.684901 21.447
 82   109.834 55080.70652210 29.36  70.763270  29.688181 21.447
 83   109.546 55115.70647758 45.60  70.762403  29.677031 32.989
 83   109.532 55115.70647822 49.59  70.761523  29.680321 32.989
 83   109.613 55115.70647887 44.77  70.760633  29.683611 32.989
 84   109.238 55150.70647653 46.33  70.762735  29.677434 29.415
 84   109.337 55150.70647718 44.58  70.761855  29.680724 29.415
 84   109.305 55150.70647782 44.49  70.760965  29.684014 29.415
 85   109.033 55185.70646260 44.49  70.760585  29.676390 31.995
 85   109.129 55185.70646325 52.02  70.759705  29.679680 31.995
 86   108.498 55220.70647541 50.79  70.762660  29.680157 27.514
 86   108.630 55220.70647605 53.37  70.761780  29.683447 27.514
 87   109.311 55255.70645853 46.49  70.762752  29.677993 31.204
 87   109.331 55255.70645918 48.83  70.761872  29.681283 31.204
 87   109.425 55255.70645982 47.84  70.760982  29.684573 31.204
 88   109.220 55290.70646458 49.09  70.764197  29.681151 30.768
 88   109.293 55290.70646522 53.23  70.763317  29.684441 30.768
 88   109.462 55290.70646587 51.47  70.762427  29.687721 30.768
 89   109.379 55325.70644448 42.86  70.761296  29.676296 33.543
 89   109.518 55325.70644512 46.66  70.760416  29.679586 33.543
 89   109.591 55325.70644577 46.98  70.759526  29.682876 33.543
 90   110.417 55360.70644206 40.90  70.762751  29.680578 28.037
 90   110.411 55360.70644270 41.43  70.761871  29.683858 28.037
 91   110.558 55395.70644702 41.99  70.761502  29.676499 29.294
 91   110.584 55395.70644766 31.17  70.760622  29.679789 29.294
 91   110.079 55395.70644831 28.66  70.759732  29.683079 29.294
 92   110.488 55430.70645752 35.75  70.763555  29.680539 39.901
 92   110.455 55430.70645816 30.16  70.762665  29.683829 39.901
 93   109.474 55465.70641896 28.89  70.766728  29.683122 30.756
 93   109.708 55465.70641960 23.92  70.765848  29.686402 30.756
 93   109.780 55465.70642025 25.00  70.764958  29.689692 30.756
 93   109.798 55465.70642089 25.98  70.764078  29.692982 30.756
