-136929.359   512.150     0.00   91.72
-136552.768   487.247   -66.14   89.99
-136176.197   442.758  -118.16   65.86
-135799.646   430.548   -32.43   64.23
-135423.116   409.580   -55.69   62.60
-135046.607   382.155   -72.85   63.03
-134670.117   353.698   -75.59   68.74
-134293.649   303.546  -133.23   62.69
-133917.200   266.398   -98.69   47.00
-133540.772   238.611   -73.83   39.24
-133164.364   217.692   -55.58   24.45
-132787.977   203.434   -37.88   17.61
-132411.610   191.590   -31.48   17.13
-132035.264   179.298   -32.66   14.84
-131658.937   168.736   -28.07   13.79
-131282.632   160.285   -22.46   11.32
-130906.346   153.111   -19.07   10.26
-130530.081   146.514   -17.54    8.97
-130153.836   141.594   -13.08    8.13
-129777.612   136.177   -14.40    7.42
-129401.408   130.684   -14.60    6.86
-129025.224   125.677   -13.31    6.71
-128649.061   120.742   -13.12    5.65
-128272.917   116.959   -10.06    5.09
-127896.795   112.803   -11.05    4.79
-127520.692   110.398    -6.39    4.57
-127144.610   108.003    -6.37    4.04
-126768.548   107.026    -2.60    3.91
-126392.506   108.847     4.84    4.08
-126016.485   110.514     4.43    3.79
-125640.484   111.957     3.84    3.13
-125264.503   112.180     0.59    2.90
-124888.543   111.360    -2.18    3.33
-124512.603   110.753    -1.62    3.24
-124136.683   109.491    -3.36    3.22
-123760.783   108.692    -2.13    3.34
-123384.904   107.647    -2.78    3.25
-123009.044   106.253    -3.71    3.07
-122633.206   103.785    -6.57    3.18
-122257.387   101.856    -5.13    3.40
-121881.588    99.914    -5.17    3.73
-121505.810    97.669    -5.97    3.78
-121130.052    96.469    -3.19    3.49
-120754.314    96.133    -0.89    3.07
-120378.597    96.242     0.29    2.62
-120002.899    95.764    -1.27    2.64
-119627.222    94.866    -2.39    2.86
-119251.565    92.936    -5.14    2.86
-118875.928    90.958    -5.27    3.01
-118500.312    88.775    -5.81    2.91
-118124.715    86.372    -6.40    3.74
-117749.139    83.480    -7.70    3.88
-117373.583    81.158    -6.18    3.88
-116998.047    79.068    -5.57    3.43
-116622.531    77.469    -4.26    3.73
-116247.035    77.625     0.41    3.27
-115871.560    78.684     2.82    4.56
-115496.105    81.850     8.43    5.35
-115120.669    84.503     7.07    5.07
-114745.254    86.747     5.98    5.14
-114369.859    87.764     2.71    4.71
-113994.485    88.683     2.45    4.16
-113619.130    88.821     0.37    3.74
-113243.795    88.598    -0.59    3.37
-112868.481    87.336    -3.36    3.52
-112493.187    85.979    -3.62    3.24
-112117.912    86.279     0.80    4.05
-111742.658    86.662     1.02    4.31
-111367.424    87.503     2.24    4.29
-110992.210    86.936    -1.51    4.20
-110617.016    86.258    -1.81    3.71
-110241.842    86.821     1.50    3.41
-109866.688    88.217     3.72    3.45
-109491.555    90.758     6.77    3.72
-109116.441    93.358     6.93    4.74
-108741.347    96.736     9.01    5.21
-108366.274    99.914     8.47    4.81
-107991.220   102.526     6.97    4.98
-107616.187   103.684     3.09    4.94
-107241.173   104.910     3.27    5.54
-106866.180   105.380     1.26    5.27
-106491.206   104.677    -1.88    5.34
-106116.253   104.707     0.08    5.41
-105741.320   104.698    -0.02    5.34
-105366.406   105.479     2.08    6.09
-104991.513   105.307    -0.46    6.32
-104616.639   105.098    -0.56    5.97
-104241.786   103.366    -4.62    6.37
-103866.952   101.655    -4.57    6.22
-103492.139   101.524    -0.35    6.23
-103117.346   102.720     3.19    6.82
-102742.572   106.253     9.43    7.23
-102367.818   107.155     2.41    6.06
-101993.085   107.594     1.17    4.43
-101618.371   106.580    -2.70    4.26
-101243.678   103.775    -7.49    4.35
-100869.004   101.068    -7.23    4.35
-100494.350    99.155    -5.11    4.88
-100119.716    97.480    -4.47    5.00
 -99745.102    95.764    -4.58    4.73
 -99370.508    94.803    -2.57    4.60
 -98995.934    93.803    -2.67    4.17
 -98621.380    93.092    -1.90    4.77
 -98246.846    91.844    -3.33    5.02
 -97872.331    90.981    -2.30    5.51
 -97497.837    88.730    -6.01    5.64
 -97123.362    87.416    -3.51    6.72
 -96748.908    86.785    -1.68    9.12
 -96374.473    87.546     2.03   13.03
 -96000.058    89.292     4.66   16.61
 -95625.663    91.886     6.93   19.44
 -95251.288    95.785    10.42   21.18
 -94876.932    94.717    -2.85   20.14
 -94502.597    88.960   -15.38   19.88
 -94128.281    79.434   -25.45   19.34
 -93753.985    71.916   -20.09   18.12
 -93379.709    64.736   -19.18   14.11
 -93005.453    62.119    -6.99   11.39
 -92631.217    60.684    -3.83    9.49
 -92257.001    59.978    -1.89    7.25
 -91882.804    65.492    14.73   12.62
 -91508.627    76.434    29.25   20.52
 -91134.470    90.980    38.88   21.87
 -90760.333   106.914    42.59   17.92
 -90386.216   117.096    27.22   14.68
 -90012.118   124.275    19.19   13.79
 -89638.040   129.598    14.23   13.71
 -89263.982   134.869    14.09   15.73
 -88889.944   138.096     8.63   15.53
 -88515.926   137.180    -2.45   15.54
 -88141.927   138.514     3.57   14.16
 -87767.948   139.584     2.86   12.53
 -87393.989   147.069    20.02   17.75
 -87020.050   156.153    24.29   18.77
 -86646.130   166.048    26.47   18.67
 -86272.230   178.548    33.43   20.28
 -85898.350   188.025    25.35   20.42
 -85524.490   200.692    33.88   21.26
 -85150.649   212.912    32.69   19.19
 -84776.828   229.742    45.03   24.18
 -84403.027   246.765    45.54   24.66
 -84029.245   263.092    43.68   29.29
 -83655.484   269.003    15.82   32.53
 -83281.741   273.730    12.65   38.34
 -82908.019   280.046    16.90   44.48
 -82534.316   280.959     2.44   45.72
 -82160.633   299.918    50.74   53.68
 -81786.970   316.336    43.94   53.80
 -81413.326   332.285    42.69   53.20
 -81039.702   344.607    32.98   48.32
 -80666.098   371.914    73.09   55.93
 -80292.514   408.372    97.60   54.53
 -79918.949   425.829    46.73   52.97
 -79545.403   422.758    -8.22   58.23
 -79171.878   417.934   -12.92   60.13
 -78798.372   417.590    -0.92   49.66
 -78424.885   435.321    47.48   51.64
 -78051.419   463.625    75.79   50.93
 -77677.972   469.457    15.62   45.96
 -77304.544   459.571   -26.48   56.50
 -76931.136   449.807   -26.15   56.53
 -76557.748   450.230     1.13   50.46
 -76184.379   464.785    38.99   46.97
 -75811.030   479.046    38.20   39.65
 -75437.701   494.959    42.63   43.26
 -75062.707   509.158    37.87   47.70
 -74685.451   527.594    48.87   50.32
 -74308.215   547.394    52.49   60.73
 -73931.000   547.889     1.31   69.60
 -73553.804   532.937   -39.64   64.73
 -73176.629   537.090    11.01   57.17
 -72799.473   545.068    21.16   60.91
 -72422.337   563.403    48.62   64.20
 -72045.222   576.074    33.60   69.45
 -71668.126   541.372   -92.03   93.69
 -71291.051   496.933  -117.86  102.43
 -70913.995   457.416  -104.81   84.94
 -70536.959   425.069   -85.80   55.22
 -70159.944   419.803   -13.97   52.09
 -69782.948   405.298   -38.48   44.49
 -69405.972   385.303   -53.05   32.27
 -69029.017   371.203   -37.41   27.57
 -68652.081   355.817   -40.82   17.18
 -68275.165   350.069   -15.25    9.45
 -67898.269   348.558    -4.01    8.01
 -67521.393   350.503     5.16    8.28
 -67144.537   351.094     1.57    8.06
 -66767.701   352.765     4.43    7.48
 -66390.885   354.912     5.70    6.60
 -66014.089   358.546     9.65    6.27
 -65637.312   362.525    10.56    6.58
 -65260.556   367.437    13.04    6.29
 -64883.819   370.645     8.52    5.11
 -64507.103   371.580     2.48    5.61
 -64130.406   369.933    -4.37    6.27
 -63753.729   368.321    -4.28    7.73
 -63377.072   366.692    -4.33    8.53
 -63000.435   364.177    -6.68    9.89
 -62623.818   361.580    -6.89    9.77
 -62247.221   358.162    -9.08   10.15
 -61870.643   355.314    -7.56   10.09
 -61494.086   350.647   -12.39    9.94
 -61117.548   347.344    -8.77    9.71
 -60741.030   343.068   -11.36    8.07
 -60364.532   341.344    -4.58    6.66
 -59988.054   339.558    -4.74    5.08
 -59611.595   338.807    -2.00    5.50
 -59235.157   337.580    -3.26    6.65
 -58858.738   334.780    -7.44    7.10
 -58482.339   332.693    -5.55    6.31
 -58105.960   330.677    -5.36    5.45
 -57729.601   331.525     2.26    6.29
 -57353.261   331.825     0.80    7.11
 -56976.942   332.571     1.98    7.91
 -56600.642   332.683     0.30    8.93
 -56224.362   333.230     1.45    8.34
 -55848.102   334.778     4.11    8.83
 -55471.861   336.114     3.55    9.33
 -55095.640   336.328     0.57   10.84
 -54719.439   338.292     5.22   13.37
 -54343.258   342.936    12.35   18.33
 -53967.097   350.622    20.43   19.17
 -53590.955   362.230    30.86   15.65
 -53214.833   368.979    17.94   15.58
 -52838.731   374.536    14.78   16.85
 -52462.648   384.957    27.71   21.97
 -52086.586   397.707    33.91   26.36
 -51710.543   426.158    75.66   42.99
 -51334.519   459.431    88.49   51.18
 -50958.516   513.275   143.21   70.19
 -50582.532   560.479   125.55   54.93
 -50206.568   566.594    16.26   51.70
 -49830.623   519.481  -125.32   93.53
 -49454.698   462.292  -152.14  109.11
 -49078.793   386.720  -201.05  103.92
 -48702.908   317.360  -184.53   81.00
 -48327.042   279.292  -101.29   70.80
 -47951.196   265.491   -36.72   67.45
 -47575.370   247.203   -48.66   75.64
 -47199.563   227.133   -53.41   80.36
 -46823.776   192.981   -90.89   69.56
 -46448.009   150.785  -112.30   58.62
 -46072.261   109.503  -109.87   42.13
 -45696.533    76.416   -88.06   38.69
 -45320.825    46.389   -79.92   27.20
 -44945.136    29.434   -45.13   17.08
 -44569.467    19.959   -25.22    8.62
 -44193.818    14.934   -13.38    2.29
 -43818.188    13.872    -2.83    1.67
 -43442.577    13.242    -1.68    1.14
 -43066.987    12.892    -0.93    1.21
 -42691.416    12.692    -0.53    1.26
 -42315.864    12.328    -0.97    1.23
 -41940.333    12.307    -0.06    1.17
 -41564.820    12.241    -0.18    1.34
 -41189.328    12.322     0.22    1.34
 -40813.855    12.655     0.89    1.37
 -40438.401    12.980     0.87    1.34
 -40062.967    12.980    -0.00    1.42
 -39687.553    12.765    -0.57    1.57
 -39312.158    12.558    -0.55    1.66
 -38936.783    12.173    -1.03    1.60
 -38561.427    11.655    -1.38    1.43
 -38186.091    11.321    -0.89    1.44
 -37810.775    11.094    -0.61    1.38
 -37435.477    11.003    -0.24    1.29
 -37060.200    10.840    -0.43    1.25
 -36684.942    10.866     0.07    1.34
 -36309.704    10.574    -0.78    1.29
 -35934.485    10.525    -0.13    1.17
 -35559.285    10.425    -0.27    1.32
 -35184.105    10.366    -0.16    1.54
 -34808.945    10.247    -0.32    1.57
 -34433.804    10.198    -0.13    1.49
 -34058.683    10.094    -0.28    1.41
 -33683.581    10.193     0.27    1.44
 -33308.498    10.412     0.58    1.72
 -32933.435    11.025     1.64    1.64
 -32558.392    11.412     1.03    1.57
 -32183.368    11.292    -0.32    1.18
 -31808.363    11.153    -0.37    1.29
 -31433.378    10.821    -0.88    1.30
 -31058.413    10.375    -1.19    1.20
 -30683.466     9.753    -1.66    1.35
 -30308.540     9.825     0.19    1.30
 -29933.632    10.025     0.53    1.34
 -29558.744    10.003    -0.06    1.40
 -29183.876    10.050     0.13    1.29
 -28809.027     9.892    -0.42    1.39
 -28434.197     9.212    -1.81    1.34
 -28059.387     9.003    -0.56    1.40
 -27684.597     8.869    -0.36    1.20
 -27309.825     8.850    -0.05    1.37
 -26935.073     9.416     1.51    1.61
 -26560.341     9.538     0.33    1.59
 -26185.628    10.003     1.24    1.64
 -25810.934    10.607     1.61    1.59
 -25436.259    10.269    -0.90    1.64
 -25061.604    10.247    -0.06    1.65
 -24686.969     9.959    -0.77    1.49
 -24312.352     9.847    -0.30    1.38
 -23937.755     9.594    -0.68    1.56
 -23563.178     9.558    -0.09    1.69
 -23188.620     9.684     0.34    1.75
 -22814.081     9.203    -1.29    1.91
 -22439.561     9.046    -0.42    1.79
 -22065.061     8.753    -0.78    1.75
 -21690.580     8.803     0.13    1.78
 -21316.119     8.980     0.47    1.65
 -20941.676     9.003     0.06    1.46
 -20567.254     8.775    -0.61    1.33
 -20192.850     8.730    -0.12    1.30
 -19818.466     9.203     1.26    1.50
 -19444.101     9.480     0.74    1.69
 -19069.755     9.785     0.82    1.75
 -18695.429    10.136     0.94    1.62
 -18321.122     9.736    -1.07    1.71
 -17946.834     9.116    -1.66    1.59
 -17572.565     8.889    -0.61    1.66
 -17198.316     8.314    -1.54    1.89
 -16824.086     7.693    -1.66    2.08
 -16449.875     6.807    -2.37    2.39
 -16075.684     5.753    -2.82    1.97
 -15701.512     5.603    -0.40    1.57
 -15327.359     5.275    -0.87    1.86
 -14953.225     5.047    -0.61    1.88
 -14579.111     4.662    -1.03    2.61
 -14205.015     4.265    -1.06    3.25
 -13830.939     2.894    -3.66    3.23
 -13456.883     1.693    -3.21    2.85
 -13082.845     1.047    -1.73    2.03
 -12708.827     0.821    -0.60    1.42
 -12334.827     1.003     0.49    1.61
 -11960.848     1.616     1.64    1.87
 -11586.887     1.734     0.32    1.82
 -11212.945     2.162     1.14    1.85
 -10839.023     2.074    -0.23    1.64
 -10465.120     1.869    -0.55    1.59
 -10091.236     1.753    -0.31    1.45
  -9717.371     1.344    -1.09    1.55
  -9343.525     1.292    -0.14    1.67
  -8969.699     1.312     0.06    1.87
  -8595.892     1.480     0.45    1.99
  -8222.103     1.929     1.20    1.66
  -7848.334     2.158     0.61    1.55
  -7474.585     1.980    -0.48    1.13
  -7100.854     2.048     0.18    1.26
  -6727.142     1.936    -0.30    1.18
  -6353.450     1.978     0.11    1.01
  -5979.777     2.253     0.73    1.06
  -5606.122     2.217    -0.10    1.07
  -5232.487     2.069    -0.40    1.10
  -4858.871     1.980    -0.24    1.15
  -4485.275     1.366    -1.64    1.35
  -4111.697     1.047    -0.85    1.55
  -3738.138     1.217     0.45    3.43
  -3364.599     0.934    -0.76    3.41
  -2991.078     0.929    -0.01    3.69
  -2617.577     0.684    -0.66    3.87
  -2244.095    -0.179    -2.31    2.76
  -1870.631    -0.111     0.18    3.43
  -1497.187    -0.353    -0.65    3.26
  -1123.762    -0.378    -0.07    2.59
   -750.356    -0.442    -0.17    2.01
   -376.969     0.003     1.19    2.53
     -1.492    -0.384    -1.03    2.43
    375.714    -0.708    -0.86    2.14
    752.901    -0.861    -0.40    1.56
   1130.068    -0.620     0.64    1.75
   1507.216    -0.183     1.16    2.31
   1884.345    -0.280    -0.26    2.57
   2261.454    -0.579    -0.79    2.92
   2638.543    -0.908    -0.87    2.65
   3015.613    -1.442    -1.41    2.45
   3392.664    -1.476    -0.09    2.79
   3769.695    -1.020     1.21    3.12
   4146.707    -0.338     1.81    3.51
   4523.700     0.524     2.29    3.14
   4900.673     1.358     2.21    2.10
   5277.626     1.207    -0.40    1.13
   5654.561     1.003    -0.54    1.19
   6031.476     0.684    -0.84    1.18
   6408.371     0.425    -0.69    1.36
   6785.247     0.394    -0.08    1.24
   7162.104    -0.086    -1.27    1.38
   7538.941    -0.375    -0.77    1.45
   7915.759    -0.497    -0.32    1.27
   8292.558    -0.476     0.06    1.03
   8669.337    -0.543    -0.18    1.09
   9046.097    -0.731    -0.50    1.10
   9422.837    -0.997    -0.71    1.18
   9799.559    -1.242    -0.65    1.17
  10176.260    -1.702    -1.22    1.19
  10552.943    -1.997    -0.78    1.30
  10929.606    -2.042    -0.12    1.31
  11306.250    -2.270    -0.61    1.35
  11682.875    -2.816    -1.45    1.43
  12059.480    -3.043    -0.60    1.49
  12436.066    -3.461    -1.11    1.58
  12812.632    -4.043    -1.55    1.96
  13189.180    -4.729    -1.82    2.01
  13565.708    -5.531    -2.13    2.08
  13942.216    -6.656    -2.99    2.51
  14318.706    -7.253    -1.58    2.27
  14695.176    -8.264    -2.69    2.09
  15071.627    -9.122    -2.28    1.62
  15448.058    -9.020     0.27    1.65
  15824.471    -9.144    -0.33    1.67
  16200.864    -9.111     0.09    1.60
  16577.238    -8.861     0.66    1.94
  16953.592    -8.452     1.09    1.95
  17329.928    -7.910     1.44    1.40
  17706.244    -7.071     2.23    1.82
  18082.540    -6.264     2.14    2.03
  18458.818    -5.452     2.16    2.05
  18835.076    -4.432     2.71    1.59
  19211.316    -4.111     0.85    2.19
  19587.536    -4.114    -0.01    2.51
  19963.736    -3.736     1.00    2.77
  20339.918    -3.602     0.36    2.87
  20716.080    -4.220    -1.64    2.73
  21092.223    -4.634    -1.10    3.07
  21468.347    -4.954    -0.85    3.39
  21844.452    -5.020    -0.17    3.29
  22220.537    -3.793     3.26    3.24
  22596.604    -3.975    -0.48    2.87
  22972.651    -4.088    -0.30    2.48
  23348.679    -3.997     0.24    2.35
  23724.688    -4.153    -0.41    2.65
  24100.678    -4.202    -0.13    2.62
  24476.648    -4.225    -0.06    2.69
  24852.600    -5.280    -2.81    3.11
  25228.532    -6.225    -2.51    3.15
  25604.445    -6.293    -0.18    3.22
  25980.339    -7.021    -1.94    3.32
  26356.214    -7.464    -1.18    3.64
  26732.069    -7.997    -1.42    3.33
  27107.906    -8.175    -0.47    2.86
  27483.724    -7.889     0.76    2.81
  27859.522    -7.842     0.12    2.85
  28235.301    -7.316     1.40    2.96
  28611.061    -7.355    -0.10    2.69
  28986.802    -7.886    -1.42    3.06
  29362.524    -8.388    -1.33    3.13
  29738.227    -8.606    -0.58    3.21
  30113.911    -8.588     0.05    3.33
  30489.576    -8.520     0.18    3.23
  30865.221    -7.816     1.88    3.06
  31240.848    -7.266     1.46    2.66
  31616.456    -6.770     1.32    2.39
  31992.044    -6.926    -0.41    2.21
  32367.613    -7.042    -0.31    2.41
  32743.164    -7.042     0.00    2.27
  33118.695    -7.439    -1.06    2.17
  33494.207    -7.475    -0.09    2.44
  33869.701    -7.878    -1.08    2.97
  34245.175    -8.202    -0.86    2.97
  34620.630    -8.114     0.24    2.46
  34996.066    -7.975     0.37    2.09
  35371.483    -8.220    -0.65    1.91
  35746.881    -7.904     0.84    2.26
  36122.261    -8.543    -1.70    2.36
  36497.621    -8.897    -0.94    2.60
  36872.962    -9.338    -1.17    2.60
  37248.284    -9.406    -0.18    2.44
  37623.587    -9.588    -0.48    2.41
  37998.871    -9.931    -0.91    2.15
  38374.137    -9.664     0.71    2.13
  38749.383    -9.816    -0.40    2.00
  39124.610    -9.339     1.27    2.19
  39499.818    -8.952     1.03    2.17
  39875.008    -8.642     0.83    1.69
  40250.178    -8.384     0.69    1.47
  40625.330    -8.331     0.14    1.58
  41000.462    -8.688    -0.95    1.73
  41375.576    -8.715    -0.07    1.63
  41750.670    -8.855    -0.37    1.62
  42125.746    -8.702     0.41    1.41
  42500.803    -8.797    -0.25    1.39
  42875.841    -8.736     0.16    1.24
  43250.860    -8.884    -0.39    1.17
  43625.860    -9.090    -0.55    1.25
  44000.841    -9.215    -0.33    1.26
  44375.803    -9.300    -0.23    1.28
  44750.746    -9.331    -0.08    1.31
  45125.671    -9.153     0.47    1.55
  45500.576    -9.345    -0.51    1.65
  45875.463    -9.686    -0.91    1.73
  46250.331    -9.611     0.20    2.00
  46625.180    -9.220     1.04    1.92
  47000.010    -8.725     1.32    1.90
  47374.821    -8.508     0.58    1.69
  47749.613    -8.634    -0.33    1.48
  48124.387    -8.910    -0.74    1.41
  48499.141    -9.197    -0.77    1.32
  48873.877    -9.861    -1.77    1.59
  49248.594   -10.486    -1.67    2.71
  49623.292   -10.679    -0.51    2.83
  49997.971   -10.770    -0.24    2.86
  50372.632   -10.708     0.16    3.10
  50747.273   -10.952    -0.65    2.77
  51121.896   -11.293    -0.91    3.00
  51496.500   -11.452    -0.42    3.28
  51871.086   -11.338     0.30    3.09
  52245.652   -11.111     0.61    2.39
  52620.200   -10.884     0.61    1.60
  52994.728   -11.331    -1.19    1.54
  53369.238   -11.532    -0.54    1.55
  53743.730   -11.908    -1.00    1.69
  54118.202   -12.302    -1.05    1.91
  54492.656   -12.820    -1.38    1.98
  54867.091   -12.884    -0.17    2.04
  55241.507   -12.838     0.12    1.45
  55615.904   -13.708    -2.32    2.49
  55990.283   -14.022    -0.84    2.43
  56364.643   -14.193    -0.46    2.54
  56738.984   -14.442    -0.66    3.01
  57113.306   -14.247     0.52    3.41
  57487.610   -14.207     0.11    3.52
  57861.895   -14.384    -0.47    3.43
  58236.161   -14.153     0.62    3.62
  58610.409   -13.924     0.61    3.52
  58984.638   -13.671     0.68    3.53
  59358.848   -13.520     0.40    3.18
  59733.039   -14.331    -2.17    3.28
  60107.212   -15.951    -4.33    3.32
  60481.366   -17.134    -3.16    3.02
  60855.501   -17.361    -0.61    2.73
  61229.618   -16.397     2.58    3.08
  61603.715   -14.553     4.93    3.29
  61977.795   -13.439     2.98    2.61
  62351.855   -13.361     0.21    2.66
  62725.897   -13.725    -0.97    2.84
  63099.920   -13.462     0.70    2.52
  63473.925   -13.929    -1.25    2.25
  63847.911   -14.197    -0.72    1.76
  64221.878   -14.264    -0.18    1.23
  64595.827   -14.114     0.40    1.22
  64969.757   -14.156    -0.11    1.52
  65343.668   -14.331    -0.47    1.89
  65717.561   -13.881     1.20    2.11
  66091.435   -14.134    -0.68    2.16
  66465.290   -14.422    -0.77    2.01
  66839.127   -14.588    -0.44    1.97
  67212.945   -14.997    -1.09    1.93
  67586.745   -14.820     0.48    1.84
  67960.526   -14.664     0.42    1.55
  68334.288   -14.811    -0.39    1.71
  68708.032   -15.338    -1.41    2.35
  69081.757   -15.847    -1.36    2.36
  69455.464   -15.566     0.75    2.25
  69829.152   -15.664    -0.26    2.24
  70202.821   -15.664     0.00    2.12
  70576.472   -15.775    -0.30    2.12
  70950.105   -15.695     0.21    1.24
  71323.718   -15.702    -0.02    1.02
  71697.314   -15.547     0.41    1.01
  72070.890   -15.452     0.26    1.02
  72444.448   -15.664    -0.57    1.16
  72817.988   -15.753    -0.24    1.32
  73191.509   -15.931    -0.48    1.32
  73565.011   -16.137    -0.55    1.34
  73938.495   -16.220    -0.22    1.20
  74311.961   -16.172     0.13    1.28
  74685.408   -15.929     0.65    1.34
  75061.366   -15.802     0.34    1.40
  75438.525   -15.497     0.81    1.13
  75815.665   -15.270     0.60    1.30
  76192.786   -15.439    -0.45    1.48
  76569.888   -15.508    -0.18    1.56
  76946.971   -15.572    -0.17    1.38
  77324.035   -15.747    -0.46    1.48
  77701.081   -15.439     0.82    1.31
  78078.107   -15.566    -0.34    1.30
  78455.115   -15.731    -0.44    1.32
  78832.103   -16.116    -1.02    1.19
  79209.073   -15.953     0.43    1.61
  79586.024   -15.602     0.93    1.77
  79962.956   -15.884    -0.75    1.67
  80339.870   -15.908    -0.07    1.64
  80716.764   -16.128    -0.58    1.44
  81093.640   -16.406    -0.74    1.42
  81470.497   -16.090     0.84    1.39
  81847.335   -16.131    -0.11    1.32
  82224.154   -15.952     0.47    1.31
  82600.954   -16.043    -0.24    1.08
  82977.736   -16.156    -0.30    1.20
  83354.498   -16.361    -0.54    1.26
  83731.242   -16.520    -0.42    1.56
  84107.967   -16.088     1.15    1.60
  84484.674   -16.406    -0.84    1.67
  84861.361   -15.842     1.50    1.85
  85238.030   -15.838     0.01    1.72
  85614.680   -15.816     0.06    1.60
  85991.311   -15.861    -0.12    1.58
  86367.924   -15.906    -0.12    1.24
  86744.517   -15.975    -0.18    1.13
  87121.092   -16.276    -0.80    1.10
  87497.648   -16.664    -1.03    1.35
  87874.186   -17.045    -1.01    1.19
  88250.704   -17.331    -0.76    1.02
  88627.204   -17.397    -0.18    1.03
  89003.685   -17.397     0.00    0.96
  89380.148   -17.543    -0.39    1.09
  89756.591   -17.712    -0.45    1.09
  90133.016   -17.686     0.07    1.02
  90509.423   -17.855    -0.45    1.03
  90885.810   -18.156    -0.80    1.10
  91262.179   -18.497    -0.91    1.07
  91638.529   -18.509    -0.03    1.10
  92014.860   -18.611    -0.27    1.20
  92391.173   -18.397     0.57    1.32
  92767.467   -18.864    -1.24    1.25
  93143.742   -19.207    -0.91    1.12
  93519.999   -19.270    -0.17    1.17
  93896.237   -19.452    -0.48    1.19
  94272.456   -19.558    -0.28    1.21
  94648.657   -19.679    -0.32    1.29
  95024.839   -19.778    -0.26    1.24
  95401.002   -19.775     0.01    1.29
  95777.147   -19.861    -0.23    1.25
  96153.273   -19.974    -0.30    1.20
  96529.380   -20.175    -0.53    1.15
  96905.469   -20.197    -0.06    1.14
  97281.539   -20.179     0.05    1.11
  97657.591   -19.722     1.21    1.04
  98033.623   -19.202     1.38    1.41
  98409.638   -18.338     2.30    1.87
  98785.633   -17.137     3.19    2.49
  99161.610   -16.420     1.91    2.31
  99537.569   -15.372     2.79    2.36
  99913.508   -15.406    -0.09    2.23
 100289.430   -15.765    -0.95    2.16
 100665.332   -15.929    -0.44    2.31
 101041.216   -16.131    -0.54    2.02
 101417.082   -15.783     0.92    2.04
 101792.928   -14.845     2.50    2.19
 102168.757   -13.783     2.83    2.33
 102544.566   -12.975     2.15    2.18
 102920.357   -12.384     1.57    1.85
 103296.130   -13.064    -1.81    2.11
 103671.884   -13.656    -1.58    2.06
 104047.619   -14.712    -2.81    1.93
 104423.336   -15.953    -3.30    2.04
 104799.035   -16.532    -1.54    1.93
 105174.715   -16.620    -0.23    2.57
 105550.376   -16.406     0.57    3.11
 105926.019   -16.410    -0.01    3.45
 106301.643   -16.602    -0.51    3.35
 106677.249   -17.067    -1.24    2.85
 107052.836   -17.931    -2.30    3.00
 107428.404   -18.765    -2.22    3.35
 107803.955   -19.520    -2.01    3.28
 108179.486   -19.429     0.24    2.67
 108555.000   -19.975    -1.45    2.50
 108930.494   -20.202    -0.61    2.17
 109305.970   -20.420    -0.58    1.82
 109681.428   -20.793    -0.99    1.36
 110056.867   -20.953    -0.43    1.15
 110432.288   -20.929     0.06    1.04
 110807.691   -20.611     0.85    1.26
 111183.074   -20.088     1.39    1.43
 111558.440   -18.886     3.20    1.70
 111933.787   -17.908     2.60    1.70
 112309.115   -16.929     2.61    1.89
 112684.425   -15.420     4.02    1.73
 113059.717   -14.230     3.17    2.00
 113434.990   -12.908     3.52    2.11
 113810.245   -11.520     3.70    2.15
 114185.481    -9.508     5.36    2.36
 114560.699    -8.043     3.91    2.10
 114935.899    -6.997     2.79    1.83
 115311.080    -5.588     3.76    1.54
 115686.242    -4.569     2.72    1.99
 116061.387    -3.302     3.38    2.12
 116436.513    -2.156     3.05    1.74
 116811.620    -1.338     2.18    1.80
 117186.709    -1.134     0.55    1.97
 117561.780    -0.793     0.91    2.18
 117936.832    -0.375     1.11    2.24
 118311.866    -0.388    -0.03    2.07
 118686.882     0.177     1.50    2.10
 119061.879    -0.131    -0.82    2.17
 119436.858    -0.043     0.23    2.34
 119811.818     0.193     0.63    2.18
 120186.760     0.328     0.36    2.01
 120561.684     0.798     1.25    1.68
 120936.590     0.853     0.15    1.73
 121311.477     1.220     0.98    1.76
 121686.345     2.184     2.57    2.24
 122061.196     3.328     3.05    2.52
 122436.028     4.724     3.72    2.21
 122810.842     5.466     1.98    2.10
 123185.637     5.912     1.19    2.24
 123560.414     5.703    -0.56    2.39
 123935.173     5.580    -0.33    2.31
 124309.914     5.616     0.10    2.08
 124684.636     6.025     1.09    1.85
 125059.340     6.253     0.61    2.16
 125434.026     5.003    -3.34    3.64
 125808.693     2.707    -6.13    4.62
 126183.342     0.122    -6.90    3.42
 126557.973    -0.066    -0.50    2.72
 126932.586     1.866     5.16    3.29
 127307.180     3.798     5.16    2.88
 127681.756     5.094     3.46    1.99
 128056.314     5.278     0.49    1.71
 128430.853     4.844    -1.16    1.68
 128805.375     4.384    -1.23    1.55
 129179.878     5.207     2.20    2.09
 129554.363     6.298     2.91    2.26
 129928.829     7.184     2.37    2.05
 130303.277     7.071    -0.30    2.11
 130677.708     6.182    -2.37    2.29
 131052.119     5.344    -2.24    2.37
 131426.513     5.288    -0.15    2.45
 131800.889     6.003     1.91    2.40
 132175.246     6.780     2.08    2.09
 132549.585     7.561     2.08    1.39
 132923.906     7.071    -1.31    1.48
 133298.209     6.464    -1.62    1.57
 133672.493     5.594    -2.33    1.80
 134046.759     5.026    -1.52    1.93
 134421.007     5.092     0.17    2.20
 134795.237     4.844    -0.66    2.13
 135169.449     4.910     0.18    1.90
 135543.643     5.139     0.61    1.81
 135917.818     5.903     2.04    1.89
 136291.976     6.821     2.45    2.13
 136666.115     7.645     2.20    2.57
 137040.236     8.936     3.45    2.71
 137414.339     9.662     1.94    2.34
 137788.423    10.189     1.41    2.06
 138162.490    10.730     1.45    2.05
 138536.538    11.553     2.20    2.02
 138910.569    12.821     3.39    2.11
 139284.581    14.098     3.41    1.75
 139658.575    15.558     3.90    2.06
 140032.551    17.048     3.98    2.13
 140406.509    18.584     4.11    2.13
 140780.449    20.525     5.19    2.62
 141154.370    22.703     5.82    2.82
 141528.274    24.412     4.57    3.00
 141902.159    25.783     3.67    2.64
 142276.027    27.139     3.63    2.63
 142649.876    27.639     1.34    2.62
 143023.707    27.933     0.79    2.81
 143397.520    26.866    -2.85    2.94
 143771.316    25.203    -4.45    3.14
 144145.093    23.434    -4.73    3.39
 144518.852    21.503    -5.17    2.77
 144892.593    19.821    -4.50    2.62
 145266.315    18.730    -2.92    2.75
 145640.020    18.561    -0.45    3.35
 146013.707    18.069    -1.32    3.60
 146387.376    18.503     1.16    3.50
 146761.027    18.525     0.06    3.11
 147134.659    19.028     1.34    3.42
 147508.274    19.821     2.12    4.46
 147881.871    20.480     1.76    4.69
 148255.449    21.700     3.27    4.95
 148629.010    21.558    -0.38    4.42
 149002.553    21.878     0.86    3.82
 149376.077    21.889     0.03    3.77
 149749.584    22.453     1.51    3.86
 150126.023    24.048     4.24    4.30
 150503.138    26.548     6.63    5.00
 150880.234    30.654    10.89    6.82
 151257.312    33.594     7.80    6.51
 151634.371    37.442    10.20    6.88
 152011.412    38.934     3.96    6.41
 152388.435    40.184     3.31    6.42
 152765.439    41.116     2.47    7.79
 153142.425    42.292     3.12    8.26
 153519.393    43.122     2.20    8.66
 153896.343    43.114    -0.02    7.20
 154273.274    46.979    10.25    9.16
 154650.187    48.398     3.76    9.67
 155027.081    48.480     0.22    9.98
 155403.957    50.136     4.39   13.22
 155780.815    48.298    -4.88   12.92
 156157.655    44.836    -9.19   10.95
 156534.476    45.580     1.98   10.67
 156911.279    46.025     1.18    9.94
 157288.064    48.480     6.51   10.86
 157664.831    53.162    12.42   11.32
 158041.579    55.275     5.61   12.84
 158418.309    57.775     6.64   12.21
 158795.020    59.351     4.18   14.87
 159171.714    60.047     1.85   16.00
 159548.389    59.753    -0.78   16.92
 159925.046    58.207    -4.10   17.63
 160301.685    55.956    -5.98   16.10
 160678.305    53.292    -7.07   15.86
 161054.908    53.207    -0.22   17.83
 161431.492    52.314    -2.37   18.58
 161808.057    50.444    -4.96   17.03
 162184.605    48.366    -5.52   14.07
 162561.134    46.139    -5.91   13.01
 162937.645    45.412    -1.93   13.43
 163314.138    44.025    -3.68   14.26
 163690.613    44.616     1.57   15.34
 164067.070    45.889     3.38   16.43
 164443.508    46.979     2.89   17.65
 164819.928    45.647    -3.54   16.23
 165196.330    43.403    -5.96   16.07
 165572.714    41.344    -5.47   14.33
 165949.080    39.503    -4.89   10.87
 166325.427    38.561    -2.50   10.69
 166701.756    39.736     3.12   11.47
 167078.067    40.645     2.42   12.19
 167454.360    39.412    -3.28   11.29
 167830.635    38.480    -2.48   11.04
 168206.892    36.468    -5.35   10.65
 168583.130    39.525     8.13   15.69
 168959.351    41.710     5.81   18.53
 169335.553    46.184    11.89   19.40
 169711.737    44.979    -3.20   18.42
 170087.903    43.162    -4.83   16.23
 170464.051    39.707    -9.18   12.21
 170840.181    38.622    -2.89   10.29
 171216.293    38.253    -0.98    9.22
 171592.386    36.353    -5.05    7.91
 171968.462    36.180    -0.46    8.37
 172344.519    34.282    -5.05    9.09
 172720.558    34.230    -0.14    9.58
 173096.579    35.139     2.42   10.16
 173472.583    37.003     4.96   10.53
 173848.568    40.071     8.16   12.65
 174224.535    42.637     6.82   14.38
 174600.483    43.821     3.15   16.01
 174976.414    39.094   -12.57   13.79
 175352.327    37.072    -5.38   11.45
 175728.222    34.207    -7.62   11.00
 176104.098    34.541     0.89   11.39
 176479.957    33.457    -2.88   10.93
 176855.798    30.910    -6.78   11.66
 177231.620    29.758    -3.06   13.01
 177607.425    27.912    -4.91   14.13
 177983.211    27.072    -2.23   14.12
 178358.979    24.162    -7.74   12.21
 178734.730    26.387     5.92   11.67
 179110.462    26.844     1.21    9.25
 179486.177    26.662    -0.48    7.20
 179861.873    27.275     1.63    6.89
 180237.551    25.625    -4.39    7.31
 180613.212    24.860    -2.04    8.78
 180988.854    23.912    -2.52   10.24
 181364.479    25.378     3.90   11.17
 181740.085    26.548     3.12   11.32
 182115.673    26.048    -1.33   10.30
 182491.244    27.844     4.78   10.33
 182866.796    27.825    -0.05    7.63
 183242.331    28.903     2.87    5.67
 183617.847    28.775    -0.34    4.95
 183993.346    27.222    -4.14    5.67
 184368.827    24.288    -7.81    6.12
 184744.289    21.142    -8.38    5.42
 185119.734    19.677    -3.90    5.10
 185495.161    18.425    -3.33    5.32
 185870.570    19.027     1.60    4.65
 186245.961    18.184    -2.24    4.02
 186621.334    17.003    -3.15    3.62
 186996.689    15.912    -2.91    3.99
 187372.026    16.048     0.36    3.92
 187747.345    16.328     0.75    4.01
 188122.647    16.358     0.08    3.55
 188497.930    17.693     3.56    3.24
 188873.196    18.525     2.22    3.46
 189248.443    20.571     5.45    3.79
 189623.673    21.958     3.70    3.50
 189998.885    22.912     2.54    3.44
 190374.079    22.931     0.05    4.35
 190749.255    22.003    -2.47    4.52
 191124.413    20.584    -3.78    5.37
 191499.554    18.934    -4.40    4.90
 191874.676    16.980    -5.21    4.29
 192249.781    15.469    -4.03    2.98
 192624.868    14.503    -2.58    2.44
 192999.937    13.526    -2.60    2.43
 193374.988    11.434    -5.58    3.02
 193750.021     9.793    -4.38    2.71
 194125.037     8.639    -3.08    2.91
 194500.034     7.753    -2.36    2.86
 194875.014     7.807     0.14    2.84
 195249.976     7.366    -1.18    2.49
 195624.920     6.526    -2.24    2.07
 195999.846     6.230    -0.79    1.96
 196374.755     7.025     2.12    2.27
 196749.646     8.048     2.73    2.42
 197124.519     9.344     3.46    2.26
 197499.374    10.594     3.33    2.02
 197874.211    11.412     2.18    2.28
 198249.031    12.398     2.63    2.58
 198623.832    13.203     2.15    2.71
 198998.616    13.821     1.65    2.70
 199373.382    14.298     1.27    3.20
 199748.131    14.934     1.70    3.64
 200122.861    15.048     0.30    4.33
 200497.574    15.747     1.86    3.77
 200872.269    15.747     0.00    3.67
 201246.947    15.025    -1.93    3.45
 201621.606    14.912    -0.30    3.12
 201996.248    14.403    -1.36    3.08
 202370.872    13.910    -1.32    2.93
 202745.479    13.594    -0.84    3.54
 203120.068    13.025    -1.52    3.62
 203494.638    12.258    -2.05    3.63
 203869.192    11.314    -2.52    3.73
 204243.727    10.616    -1.86    3.54
 204618.245     9.158    -3.89    3.16
 204992.745     7.863    -3.46    3.33
 205367.227     6.910    -2.55    3.27
 205741.692     6.298    -1.63    3.06
 206116.139     6.607     0.83    3.17
 206490.568     6.707     0.27    2.99
 206864.980     6.979     0.73    2.56
 207239.374     7.469     1.31    3.20
 207613.750     7.840     0.99    3.48
 207988.109     8.866     2.74    4.08
 208362.450     9.480     1.64    3.68
 208736.773    11.026     4.13    3.62
 209111.078    11.957     2.49    3.42
 209485.366    12.684     1.94    3.00
 209859.637    13.548     2.31    3.39
 210233.889    13.863     0.84    3.13
 210608.124    14.669     2.15    3.35
 210982.342    14.503    -0.45    3.18
 211356.541    14.094    -1.09    3.28
 211730.723    14.230     0.36    3.54
 212104.888    13.730    -1.34    3.53
 212479.035    12.821    -2.43    4.02
 212853.164    12.351    -1.25    3.94
 213227.275    11.914    -1.17    3.97
 213601.369    11.798    -0.31    3.83
 213975.446    11.434    -0.97    3.68
 214349.505    10.321    -2.98    3.99
 214723.546     9.048    -3.40    4.05
 215097.569     7.389    -4.43    4.34
 215471.575     5.770    -4.33    3.83
 215845.564     4.344    -3.81    3.42
 216219.535     2.980    -3.65    3.44
 216593.488     1.389    -4.25    3.04
 216967.424     0.207    -3.16    3.34
 217341.342    -1.247    -3.89    3.36
 217715.242    -2.793    -4.13    3.43
 218089.125    -4.625    -4.90    3.12
 218462.991    -6.179    -4.16    3.09
 218836.839    -7.520    -3.59    3.12
 219210.669    -9.111    -4.25    3.13
 219584.482   -10.566    -3.89    2.86
 219958.277   -12.134    -4.19    3.20
 220332.055   -13.588    -3.89    3.38
 220705.815   -15.160    -4.20    3.14
 221079.558   -16.858    -4.54    2.74
 221453.283   -18.066    -3.23    2.69
 221826.991   -19.497    -3.83    2.56
 222200.681   -20.316    -2.19    2.63
 222574.354   -21.088    -2.07    2.36
 222948.009   -21.952    -2.31    2.01
 223321.647   -22.695    -1.99    1.85
 223695.267   -23.253    -1.49    2.56
 224068.869   -23.202     0.14    3.05
 224442.455   -22.952     0.67    2.90
 224816.022   -22.543     1.09    2.61
 225192.938   -21.838     1.87    2.29
 225570.003   -21.793     0.12    2.75
 225947.051   -20.929     2.29    2.76
 226324.080   -20.509     1.11    2.75
 226701.092   -20.066     1.18    2.49
 227078.085   -19.702     0.96    2.32
 227455.061   -19.369     0.88    2.52
 227832.020   -18.114     3.33    2.47
 228208.960   -17.064     2.78    2.28
 228585.883   -16.406     1.74    2.23
 228962.788   -15.508     2.38    2.03
 229339.675   -14.788     1.91    2.14
 229716.544   -14.066     1.92    2.42
 230093.395   -13.556     1.35    2.70
 230470.229   -13.439     0.31    2.54
 230847.045   -13.838    -1.06    2.17
 231223.843   -14.611    -2.05    2.27
 231600.624   -15.043    -1.15    2.44
 231977.387   -16.140    -2.91    2.44
 232354.132   -16.951    -2.15    2.26
 232730.859   -17.597    -1.72    2.03
 233107.568   -18.270    -1.79    1.99
 233484.260   -18.858    -1.56    2.29
 233860.934   -19.307    -1.19    2.25
 234237.591   -19.553    -0.65    2.25
 234614.229   -20.521    -2.57    2.20
 234990.850   -20.952    -1.14    2.27
 235367.453   -21.664    -1.89    2.29
 235744.039   -22.416    -2.00    2.27
 236120.607   -22.861    -1.18    2.13
 236497.157   -23.572    -1.89    1.88
 236873.689   -24.175    -1.60    1.92
 237250.204   -24.679    -1.34    2.19
 237626.701   -24.695    -0.04    2.30
 238003.181   -25.634    -2.49    2.38
 238379.642   -26.447    -2.16    2.52
 238756.086   -27.406    -2.55    2.74
 239132.513   -28.378    -2.58    2.31
 239508.921   -28.543    -0.44    2.43
 239885.312   -29.179    -1.69    2.49
 240261.686   -29.672    -1.31    1.96
 240638.042   -31.293    -4.31    2.25
 241014.380   -32.722    -3.80    2.46
 241390.700   -34.338    -4.29    2.72
 241767.003   -36.160    -4.84    2.26
 242143.288   -37.134    -2.59    2.48
 242519.556   -38.276    -3.04    2.90
 242895.806   -39.741    -3.89    3.13
 243272.038   -40.497    -2.01    3.05
 243648.253   -41.753    -3.34    2.68
 244024.450   -42.179    -1.13    2.46
 244400.630   -42.793    -1.63    2.25
 244776.792   -43.556    -2.03    2.07
 245152.936   -44.770    -3.23    1.93
 245529.063   -45.682    -2.42    1.79
 245905.172   -46.316    -1.69    1.80
 246281.264   -47.486    -3.11    1.52
 246657.338   -48.088    -1.60    1.79
 247033.394   -48.731    -1.71    1.86
 247409.433   -49.095    -0.97    1.58
 247785.454   -49.656    -1.49    1.75
 248161.458   -49.997    -0.91    1.93
 248537.444   -50.225    -0.60    1.82
 248913.413   -50.361    -0.36    1.69
 249289.364   -50.416    -0.15    1.76
 249665.297   -50.353     0.17    1.61
 250041.213   -49.947     1.08    1.68
 250417.112   -49.838     0.29    1.54
 250792.993   -49.587     0.67    1.35
 251168.856   -49.247     0.90    1.37
 251544.702   -48.838     1.09    1.45
 251920.531   -48.300     1.43    1.35
 252296.342   -47.929     0.99    1.28
 252672.135   -47.547     1.02    1.45
 253047.911   -47.134     1.10    1.52
 253423.669   -46.230     2.40    1.57
 253799.410   -45.588     1.71    1.63
 254175.134   -45.020     1.51    2.20
 254550.839   -44.235     2.09    2.52
 254926.528   -43.293     2.51    2.21
 255302.199   -42.202     2.90    1.85
 255677.852   -41.861     0.91    1.52
 256053.488   -41.486     1.00    1.44
 256429.107   -40.881     1.61    1.48
 256804.708   -40.842     0.10    1.46
 257180.292   -40.222     1.65    1.44
 257555.858   -39.997     0.60    1.71
 257931.407   -39.705     0.78    1.69
 258306.938   -39.164     1.44    2.06
 258682.452   -39.649    -1.29    2.13
 259057.948   -39.835    -0.50    2.32
 259433.427   -39.816     0.05    2.19
 259808.889   -40.266    -1.20    2.05
 260184.333   -40.429    -0.44    1.95
 260559.760   -40.583    -0.41    1.75
 260935.169   -40.247     0.89    1.75
 261310.561   -40.088     0.42    1.81
 261685.936   -39.656     1.15    1.62
 262061.293   -40.020    -0.97    1.81
 262436.632   -40.388    -0.98    1.61
 262811.955   -40.881    -1.31    1.58
 263187.260   -41.137    -0.68    1.92
 263562.547   -41.520    -1.02    1.97
 263937.818   -41.906    -1.03    1.97
 264313.070   -41.922    -0.04    1.85
 264688.306   -42.156    -0.62    1.71
 265063.524   -42.545    -1.04    1.70
 265438.725   -43.069    -1.40    1.93
 265813.908   -43.406    -0.90    1.97
 266189.074   -43.021     1.03    2.04
 266564.223   -42.864     0.42    2.05
 266939.354   -42.712     0.41    1.85
 267314.468   -42.679     0.09    1.81
 267689.565   -42.735    -0.15    1.98
 268064.644   -43.093    -0.95    1.96
 268439.706   -43.202    -0.29    2.11
 268814.751   -43.436    -0.63    2.00
 269189.778   -43.384     0.14    2.24
 269564.788   -43.307     0.20    2.27
 269939.781   -43.137     0.45    2.21
 270314.756   -43.253    -0.31    2.34
 270689.715   -43.384    -0.35    2.93
 271064.655   -43.439    -0.15    3.07
 271439.579   -44.235    -2.12    3.35
 271814.485   -45.020    -2.09    3.02
 272189.374   -44.695     0.87    3.08
 272564.246   -44.688     0.02    3.09
 272939.100   -44.951    -0.70    3.05
 273313.938   -44.952    -0.00    2.30
 273688.757   -45.838    -2.36    2.35
 274063.560   -46.680    -2.25    2.61
 274438.345   -47.134    -1.21    2.26
 274813.114   -47.486    -0.94    2.09
 275187.864   -47.735    -0.67    2.15
 275562.598   -47.884    -0.40    1.69
 275937.315   -48.235    -0.94    1.66
 276312.014   -48.128     0.29    1.72
 276686.696   -48.259    -0.35    1.75
 277061.360   -48.475    -0.57    1.75
 277436.008   -48.858    -1.02    1.85
 277810.638   -49.474    -1.64    1.73
 278185.251   -49.656    -0.49    1.55
 278559.847   -50.093    -1.16    1.57
 278934.426   -50.202    -0.29    1.55
 279308.987   -50.116     0.23    1.48
 279683.531   -50.230    -0.30    1.38
 280058.058   -49.855     1.00    2.05
 280432.568   -50.043    -0.50    2.43
 280807.061   -50.134    -0.24    2.42
 281181.536   -50.558    -1.13    2.19
 281555.995   -50.770    -0.57    1.98
 281930.436   -51.045    -0.73    1.72
 282304.860   -51.090    -0.12    1.90
 282679.266   -50.742     0.93    1.81
 283053.656   -50.770    -0.08    1.92
 283428.029   -51.069    -0.80    1.66
 283802.384   -51.047     0.06    1.63
 284176.722   -51.725    -1.81    1.95
 284551.043   -52.412    -1.84    1.92
 284925.347   -53.497    -2.90    1.97
 285299.634   -54.532    -2.76    1.80
 285673.903   -55.416    -2.36    1.72
 286048.156   -56.293    -2.34    1.36
 286422.391   -56.672    -1.01    1.56
 286796.610   -57.316    -1.72    1.62
 287170.811   -58.047    -1.96    1.62
 287544.995   -58.569    -1.39    1.58
 287919.162   -58.858    -0.77    1.47
 288293.312   -59.416    -1.49    1.43
 288667.444   -60.156    -1.98    1.58
 289041.560   -60.297    -0.38    1.73
 289415.659   -60.634    -0.90    1.62
 289789.740   -60.802    -0.45    1.72
 290163.805   -61.307    -1.35    1.77
 290537.852   -61.602    -0.79    1.66
 290911.882   -62.259    -1.76    1.48
 291285.895   -62.884    -1.67    1.74
 291659.892   -63.022    -0.37    2.36
 292033.871   -63.429    -1.09    2.62
 292407.833   -63.583    -0.41    3.18
 292781.778   -64.338    -2.02    3.26
 293155.706   -64.588    -0.67    3.37
 293529.617   -64.640    -0.14    3.42
 293903.510   -64.634     0.02    3.56
 294277.387   -64.372     0.70    2.78
 294651.247   -64.293     0.21    2.79
 295025.090   -65.253    -2.57    3.04
 295398.915   -65.816    -1.50    2.97
 295772.724   -66.611    -2.13    2.31
 296146.516   -67.307    -1.86    1.80
 296520.291   -67.497    -0.51    1.77
 296894.048   -67.510    -0.03    1.79
 297267.789   -67.975    -1.24    1.62
 297641.513   -68.230    -0.68    1.84
 298015.219   -68.509    -0.75    1.70
 298388.909   -69.043    -1.43    1.51
 298762.582   -69.412    -0.99    1.45
 299136.238   -69.634    -0.59    1.56
 299509.877   -69.997    -0.97    1.64
 299883.843   -69.997     0.00    1.66
 300260.881   -70.338    -0.90    1.80
 300637.902   -70.160     0.47    1.81
 301014.905   -70.338    -0.47    1.66
 301391.891   -70.397    -0.16    1.55
 301768.860   -70.361     0.10    1.51
 302145.812   -69.797     1.49    1.47
 302522.746   -69.884    -0.23    1.82
 302899.663   -69.793     0.24    1.80
 303276.563   -70.093    -0.80    1.68
 303653.446   -70.611    -1.38    1.73
 304030.311   -70.690    -0.21    1.56
 304407.159   -70.838    -0.39    1.64
 304783.990   -70.718     0.32    1.71
 305160.804   -70.276     1.17    1.68
 305537.600   -70.197     0.21    1.90
 305914.379   -69.772     1.13    2.13
 306291.141   -69.747     0.07    1.92
 306667.886   -69.827    -0.21    1.91
 307044.613   -69.452     0.99    1.85
 307421.323   -69.393     0.16    1.50
 307798.016   -69.827    -1.15    1.76
 308174.692   -69.588     0.63    2.35
 308551.351   -69.314     0.73    2.34
 308927.992   -69.331    -0.04    2.60
 309304.616   -69.997    -1.77    2.59
 309681.223   -70.134    -0.36    2.69
 310057.813   -70.044     0.24    2.73
 310434.386   -70.497    -1.20    2.78
 310810.941   -71.088    -1.57    2.34
 311187.479   -71.881    -2.10    1.89
 311564.000   -72.116    -0.62    2.41
 311940.504   -71.906     0.56    2.56
 312316.991   -71.855     0.14    3.03
 312693.461   -72.020    -0.44    3.00
 313069.913   -71.625     1.05    3.09
 313446.348   -71.765    -0.37    2.69
 313822.767   -72.067    -0.80    2.70
 314199.168   -71.708     0.95    2.67
 314575.551   -71.861    -0.41    3.11
 314951.918   -71.974    -0.30    2.96
 315328.268   -72.452    -1.27    2.83
 315704.600   -73.137    -1.82    2.46
 316080.916   -73.369    -0.62    2.72
 316457.214   -72.928     1.17    2.85
 316833.495   -72.783     0.38    2.77
 317209.759   -72.452     0.88    2.80
 317586.006   -71.602     2.26    2.60
 317962.236   -71.708    -0.28    2.52
 318338.449   -71.788    -0.21    2.70
 318714.644   -71.486     0.80    3.17
 319090.823   -71.785    -0.79    3.41
