-159153.150   516.356     0.00   91.72
-158776.551   491.453   -66.14   89.99
-158399.972   446.964  -118.16   65.86
-158023.414   434.754   -32.43   64.23
-157646.876   413.787   -55.69   62.60
-157270.359   386.361   -72.85   63.03
-156893.861   357.905   -75.59   68.74
-156517.385   307.752  -133.23   62.69
-156140.928   270.604   -98.69   47.00
-155764.493   242.818   -73.83   39.24
-155388.077   221.898   -55.58   24.45
-155011.682   207.641   -37.88   17.61
-154635.307   195.796   -31.48   17.13
-154258.953   183.504   -32.66   14.84
-153882.619   172.942   -28.07   13.79
-153506.305   164.491   -22.46   11.32
-153130.012   157.318   -19.07   10.26
-152753.739   150.720   -17.54    8.97
-152377.486   145.800   -13.08    8.13
-152001.254   140.383   -14.40    7.42
-151625.042   134.891   -14.60    6.86
-151248.851   129.883   -13.31    6.71
-150872.679   124.948   -13.12    5.65
-150496.528   121.165   -10.06    5.09
-150120.398   117.009   -11.05    4.79
-149744.288   114.604    -6.39    4.57
-149368.198   112.209    -6.37    4.04
-148992.128   111.233    -2.60    3.91
-148616.078   113.053     4.84    4.08
-148240.049   114.720     4.43    3.79
-147864.040   116.163     3.84    3.13
-147488.052   116.387     0.59    2.90
-147112.084   115.566    -2.18    3.33
-146736.136   114.959    -1.62    3.24
-146360.208   113.697    -3.36    3.22
-145984.300   112.898    -2.13    3.34
-145608.413   111.853    -2.78    3.25
-145232.546   110.459    -3.71    3.07
-144856.699   107.991    -6.57    3.18
-144480.873   106.063    -5.13    3.40
-144105.067   104.120    -5.17    3.73
-143729.281   101.876    -5.97    3.78
-143353.515   100.676    -3.19    3.49
-142977.769   100.339    -0.89    3.07
-142602.044   100.448     0.29    2.62
-142226.339    99.970    -1.27    2.64
-141850.654    99.073    -2.39    2.86
-141474.989    97.142    -5.14    2.86
-141099.344    95.164    -5.27    3.01
-140723.720    92.982    -5.81    2.91
-140348.116    90.578    -6.40    3.74
-139972.531    87.686    -7.70    3.88
-139596.968    85.364    -6.18    3.88
-139221.424    83.274    -5.57    3.43
-138845.900    81.676    -4.26    3.73
-138470.397    81.831     0.41    3.27
-138094.914    82.891     2.82    4.56
-137719.450    86.057     8.43    5.35
-137344.008    88.709     7.07    5.07
-136968.585    90.954     5.98    5.14
-136593.182    91.970     2.71    4.71
-136217.799    92.890     2.45    4.16
-135842.437    93.027     0.37    3.74
-135467.095    92.804    -0.59    3.37
-135091.772    91.542    -3.36    3.52
-134716.470    90.185    -3.62    3.24
-134341.188    90.485     0.80    4.05
-133965.926    90.868     1.02    4.31
-133590.684    91.709     2.24    4.29
-133215.462    91.142    -1.51    4.20
-132840.261    90.465    -1.81    3.71
-132465.079    91.027     1.50    3.41
-132089.918    92.423     3.72    3.45
-131714.776    94.964     6.77    3.72
-131339.655    97.564     6.93    4.74
-130964.553   100.942     9.01    5.21
-130589.472   104.120     8.47    4.81
-130214.411   106.733     6.97    4.98
-129839.369   107.891     3.09    4.94
-129464.348   109.116     3.27    5.54
-129089.347   109.587     1.26    5.27
-128714.366   108.883    -1.88    5.34
-128339.404   108.913     0.08    5.41
-127964.463   108.905    -0.02    5.34
-127589.542   109.685     2.08    6.09
-127214.641   109.513    -0.46    6.32
-126839.760   109.304    -0.56    5.97
-126464.899   107.573    -4.62    6.37
-126090.057   105.861    -4.57    6.22
-125715.236   105.731    -0.35    6.23
-125340.435   106.926     3.19    6.82
-124965.654   110.459     9.43    7.23
-124590.892   111.361     2.41    6.06
-124216.151   111.800     1.17    4.43
-123841.430   110.787    -2.70    4.26
-123466.728   107.982    -7.49    4.35
-123092.047   105.274    -7.23    4.35
-122717.385   103.361    -5.11    4.88
-122342.744   101.686    -4.47    5.00
-121968.122    99.970    -4.58    4.73
-121593.520    99.009    -2.57    4.60
-121218.938    98.009    -2.67    4.17
-120844.376    97.298    -1.90    4.77
-120469.834    96.050    -3.33    5.02
-120095.312    95.187    -2.30    5.51
-119720.810    92.936    -6.01    5.64
-119346.328    91.622    -3.51    6.72
-118971.865    90.991    -1.68    9.12
-118597.423    91.752     2.03   13.03
-118223.000    93.498     4.66   16.61
-117848.597    96.093     6.93   19.44
-117474.214    99.991    10.42   21.18
-117099.851    98.923    -2.85   20.14
-116725.508    93.166   -15.38   19.88
-116351.185    83.641   -25.45   19.34
-115976.881    76.122   -20.09   18.12
-115602.597    68.942   -19.18   14.11
-115228.334    66.325    -6.99   11.39
-114854.090    64.891    -3.83    9.49
-114479.865    64.184    -1.89    7.25
-114105.661    69.698    14.73   12.62
-113731.477    80.641    29.25   20.52
-113357.312    95.187    38.88   21.87
-112983.167   111.120    42.59   17.92
-112609.042   121.302    27.22   14.68
-112234.937   128.482    19.19   13.79
-111860.851   133.804    14.23   13.71
-111486.785   139.076    14.09   15.73
-111112.739   142.302     8.63   15.53
-110738.713   141.387    -2.45   15.54
-110364.707   142.720     3.57   14.16
-109990.720   143.790     2.86   12.53
-109616.753   151.276    20.02   17.75
-109242.806   160.359    24.29   18.77
-108868.879   170.254    26.47   18.67
-108494.971   182.754    33.43   20.28
-108121.083   192.231    25.35   20.42
-107747.215   204.898    33.88   21.26
-107373.367   217.118    32.69   19.19
-106999.538   233.948    45.03   24.18
-106625.729   250.971    45.54   24.66
-106251.940   267.298    43.68   29.29
-105878.171   273.209    15.82   32.53
-105504.421   277.936    12.65   38.34
-105130.691   284.252    16.90   44.48
-104756.980   285.165     2.44   45.72
-104383.290   304.124    50.74   53.68
-104009.619   320.542    43.94   53.80
-103635.967   336.491    42.69   53.20
-103262.336   348.814    32.98   48.32
-102888.724   376.120    73.09   55.93
-102515.131   412.578    97.60   54.53
-102141.559   430.035    46.73   52.97
-101768.006   426.964    -8.22   58.23
-101394.472   422.141   -12.92   60.13
-101020.959   421.796    -0.92   49.66
-100647.465   439.527    47.48   51.64
-100273.990   467.831    75.79   50.93
 -99900.535   473.663    15.62   45.96
 -99527.100   463.777   -26.48   56.50
 -99153.685   454.013   -26.15   56.53
 -98780.289   454.436     1.13   50.46
 -98406.912   468.991    38.99   46.97
 -98033.556   483.252    38.20   39.65
 -97660.219   499.165    42.63   43.26
 -97285.217   513.364    37.87   47.70
 -96907.953   531.800    48.87   50.32
 -96530.710   551.600    52.49   60.73
 -96153.486   552.095     1.31   69.60
 -95776.283   537.144   -39.64   64.73
 -95399.100   541.296    11.01   57.17
 -95021.936   549.274    21.16   60.91
 -94644.793   567.609    48.62   64.20
 -94267.670   580.280    33.60   69.45
 -93890.566   545.578   -92.03   93.69
 -93513.483   501.139  -117.86  102.43
 -93136.419   461.622  -104.81   84.94
 -92759.376   429.276   -85.80   55.22
 -92382.353   424.009   -13.97   52.09
 -92005.349   409.504   -38.48   44.49
 -91628.366   389.509   -53.05   32.27
 -91251.402   375.409   -37.41   27.57
 -90874.459   360.023   -40.82   17.18
 -90497.535   354.276   -15.25    9.45
 -90120.631   352.764    -4.01    8.01
 -89743.748   354.709     5.16    8.28
 -89366.884   355.300     1.57    8.06
 -88990.040   356.971     4.43    7.48
 -88613.216   359.118     5.70    6.60
 -88236.412   362.752     9.65    6.27
 -87859.628   366.732    10.56    6.58
 -87482.864   371.644    13.04    6.29
 -87106.119   374.852     8.52    5.11
 -86729.395   375.787     2.48    5.61
 -86352.691   374.139    -4.37    6.27
 -85976.006   372.527    -4.28    7.73
 -85599.341   370.898    -4.33    8.53
 -85222.697   368.383    -6.68    9.89
 -84846.072   365.787    -6.89    9.77
 -84469.467   362.368    -9.08   10.15
 -84092.881   359.520    -7.56   10.09
 -83716.316   354.853   -12.39    9.94
 -83339.771   351.550    -8.77    9.71
 -82963.245   347.274   -11.36    8.07
 -82586.739   345.550    -4.58    6.66
 -82210.253   343.764    -4.74    5.08
 -81833.787   343.013    -2.00    5.50
 -81457.341   341.787    -3.26    6.65
 -81080.914   338.987    -7.44    7.10
 -80704.508   336.899    -5.55    6.31
 -80328.121   334.883    -5.36    5.45
 -79951.754   335.732     2.26    6.29
 -79575.407   336.031     0.80    7.11
 -79199.079   336.777     1.98    7.91
 -78822.772   336.890     0.30    8.93
 -78446.484   337.436     1.45    8.34
 -78070.216   338.984     4.11    8.83
 -77693.967   340.320     3.55    9.33
 -77317.739   340.534     0.57   10.84
 -76941.530   342.498     5.22   13.37
 -76565.341   347.142    12.35   18.33
 -76189.172   354.828    20.43   19.17
 -75813.023   366.436    30.86   15.65
 -75436.893   373.185    17.94   15.58
 -75060.783   378.742    14.78   16.85
 -74684.693   389.163    27.71   21.97
 -74308.622   401.913    33.91   26.36
 -73932.572   430.364    75.66   42.99
 -73556.541   463.637    88.49   51.18
 -73180.529   517.482   143.21   70.19
 -72804.538   564.685   125.55   54.93
 -72428.566   570.800    16.26   51.70
 -72052.614   523.687  -125.32   93.53
 -71676.681   466.498  -152.14  109.11
 -71300.768   390.926  -201.05  103.92
 -70924.875   321.566  -184.53   81.00
 -70549.002   283.498  -101.29   70.80
 -70173.148   269.697   -36.72   67.45
 -69797.314   251.409   -48.66   75.64
 -69421.500   231.339   -53.41   80.36
 -69045.705   197.187   -90.89   69.56
 -68669.930   154.991  -112.30   58.62
 -68294.175   113.709  -109.87   42.13
 -67918.439    80.622   -88.06   38.69
 -67542.723    50.595   -79.92   27.20
 -67167.026    33.641   -45.13   17.08
 -66791.349    24.165   -25.22    8.62
 -66415.692    19.141   -13.38    2.29
 -66040.055    18.078    -2.83    1.67
 -65664.437    17.448    -1.68    1.14
 -65288.838    17.098    -0.93    1.21
 -64913.260    16.898    -0.53    1.26
 -64537.700    16.534    -0.97    1.23
 -64162.161    16.513    -0.06    1.17
 -63786.641    16.447    -0.18    1.34
 -63411.141    16.528     0.22    1.34
 -63035.660    16.861     0.89    1.37
 -62660.199    17.187     0.87    1.34
 -62284.757    17.186    -0.00    1.42
 -61909.335    16.971    -0.57    1.57
 -61533.933    16.764    -0.55    1.66
 -61158.550    16.380    -1.03    1.60
 -60783.186    15.861    -1.38    1.43
 -60407.842    15.527    -0.89    1.44
 -60032.518    15.300    -0.61    1.38
 -59657.213    15.209    -0.24    1.29
 -59281.928    15.046    -0.43    1.25
 -58906.663    15.073     0.07    1.34
 -58531.416    14.780    -0.78    1.29
 -58156.190    14.732    -0.13    1.17
 -57780.983    14.631    -0.27    1.32
 -57405.795    14.573    -0.16    1.54
 -57030.627    14.453    -0.32    1.57
 -56655.478    14.404    -0.13    1.49
 -56280.349    14.300    -0.28    1.41
 -55905.240    14.399     0.27    1.44
 -55530.150    14.618     0.58    1.72
 -55155.079    15.232     1.64    1.64
 -54780.028    15.618     1.03    1.57
 -54404.996    15.498    -0.32    1.18
 -54029.984    15.359    -0.37    1.29
 -53654.991    15.027    -0.88    1.30
 -53280.018    14.581    -1.19    1.20
 -52905.064    13.959    -1.66    1.35
 -52530.130    14.031     0.19    1.30
 -52155.215    14.232     0.53    1.34
 -51780.319    14.209    -0.06    1.40
 -51405.443    14.256     0.13    1.29
 -51030.586    14.098    -0.42    1.39
 -50655.749    13.418    -1.81    1.34
 -50280.931    13.209    -0.56    1.40
 -49906.133    13.076    -0.36    1.20
 -49531.354    13.057    -0.05    1.37
 -49156.594    13.622     1.51    1.61
 -48781.854    13.744     0.33    1.59
 -48407.133    14.209     1.24    1.64
 -48032.432    14.814     1.61    1.59
 -47657.749    14.476    -0.90    1.64
 -47283.087    14.453    -0.06    1.65
 -46908.443    14.165    -0.77    1.49
 -46533.819    14.053    -0.30    1.38
 -46159.215    13.800    -0.68    1.56
 -45784.630    13.764    -0.09    1.69
 -45410.064    13.891     0.34    1.75
 -45035.517    13.409    -1.29    1.91
 -44660.990    13.252    -0.42    1.79
 -44286.482    12.959    -0.78    1.75
 -43911.994    13.009     0.13    1.78
 -43537.524    13.186     0.47    1.65
 -43163.075    13.209     0.06    1.46
 -42788.644    12.982    -0.61    1.33
 -42414.233    12.936    -0.12    1.30
 -42039.841    13.409     1.26    1.50
 -41665.468    13.686     0.74    1.69
 -41291.115    13.991     0.82    1.75
 -40916.781    14.342     0.94    1.62
 -40542.466    13.942    -1.07    1.71
 -40168.171    13.323    -1.66    1.59
 -39793.895    13.095    -0.61    1.66
 -39419.638    12.520    -1.54    1.89
 -39045.400    11.899    -1.66    2.08
 -38671.182    11.013    -2.37    2.39
 -38296.983     9.959    -2.82    1.97
 -37922.803     9.809    -0.40    1.57
 -37548.642     9.482    -0.87    1.86
 -37174.501     9.253    -0.61    1.88
 -36800.379     8.868    -1.03    2.61
 -36426.276     8.471    -1.06    3.25
 -36052.192     7.100    -3.66    3.23
 -35678.128     5.899    -3.21    2.85
 -35304.082     5.253    -1.73    2.03
 -34930.056     5.027    -0.60    1.42
 -34556.050     5.209     0.49    1.61
 -34182.062     5.823     1.64    1.87
 -33808.094     5.941     0.32    1.82
 -33434.145     6.368     1.14    1.85
 -33060.215     6.280    -0.23    1.64
 -32686.304     6.076    -0.55    1.59
 -32312.412     5.959    -0.31    1.45
 -31938.540     5.550    -1.09    1.55
 -31564.686     5.498    -0.14    1.67
 -31190.852     5.518     0.06    1.87
 -30817.037     5.686     0.45    1.99
 -30443.242     6.136     1.20    1.66
 -30069.465     6.364     0.61    1.55
 -29695.708     6.186    -0.48    1.13
 -29321.969     6.254     0.18    1.26
 -28948.250     6.142    -0.30    1.18
 -28574.550     6.184     0.11    1.01
 -28200.869     6.459     0.73    1.06
 -27827.207     6.423    -0.10    1.07
 -27453.565     6.276    -0.40    1.10
 -27079.941     6.186    -0.24    1.15
 -26706.337     5.573    -1.64    1.35
 -26332.751     5.253    -0.85    1.55
 -25959.185     5.423     0.45    3.43
 -25585.638     5.141    -0.76    3.41
 -25212.110     5.136    -0.01    3.69
 -24838.601     4.891    -0.66    3.87
 -24465.111     4.027    -2.31    2.76
 -24091.640     4.095     0.18    3.43
 -23718.188     3.853    -0.65    3.26
 -23344.756     3.828    -0.07    2.59
 -22971.342     3.764    -0.17    2.01
 -22597.947     4.209     1.19    2.53
 -22222.463     3.823    -1.03    2.43
 -21845.249     3.498    -0.86    2.14
 -21468.054     3.345    -0.40    1.56
 -21090.879     3.587     0.64    1.75
 -20713.724     4.023     1.16    2.31
 -20336.587     3.926    -0.26    2.57
 -19959.471     3.627    -0.79    2.92
 -19582.373     3.298    -0.87    2.65
 -19205.296     2.764    -1.41    2.45
 -18828.237     2.731    -0.09    2.79
 -18451.198     3.187     1.21    3.12
 -18074.179     3.868     1.81    3.51
 -17697.178     4.731     2.29    3.14
 -17320.198     5.564     2.21    2.10
 -16943.236     5.413    -0.40    1.13
 -16566.294     5.209    -0.54    1.19
 -16189.372     4.891    -0.84    1.18
 -15812.469     4.631    -0.69    1.36
 -15435.585     4.600    -0.08    1.24
 -15058.721     4.120    -1.27    1.38
 -14681.875     3.831    -0.77    1.45
 -14305.050     3.709    -0.32    1.27
 -13928.244     3.731     0.06    1.03
 -13551.457     3.663    -0.18    1.09
 -13174.689     3.476    -0.50    1.10
 -12797.941     3.209    -0.71    1.18
 -12421.212     2.964    -0.65    1.17
 -12044.502     2.504    -1.22    1.19
 -11667.812     2.209    -0.78    1.30
 -11291.141     2.164    -0.12    1.31
 -10914.490     1.936    -0.61    1.35
 -10537.858     1.391    -1.45    1.43
 -10161.245     1.163    -0.60    1.49
  -9784.651     0.745    -1.11    1.58
  -9408.077     0.163    -1.55    1.96
  -9031.522    -0.523    -1.82    2.01
  -8654.986    -1.324    -2.13    2.08
  -8278.470    -2.450    -2.99    2.51
  -7901.973    -3.047    -1.58    2.27
  -7525.495    -4.058    -2.69    2.09
  -7149.036    -4.916    -2.28    1.62
  -6772.597    -4.814     0.27    1.65
  -6396.177    -4.937    -0.33    1.67
  -6019.776    -4.905     0.09    1.60
  -5643.395    -4.655     0.66    1.94
  -5267.033    -4.246     1.09    1.95
  -4890.690    -3.704     1.44    1.40
  -4514.366    -2.864     2.23    1.82
  -4138.062    -2.058     2.14    2.03
  -3761.776    -1.246     2.16    2.05
  -3385.510    -0.226     2.71    1.59
  -3009.263     0.095     0.85    2.19
  -2633.036     0.093    -0.01    2.51
  -2256.827     0.470     1.00    2.77
  -1880.638     0.604     0.36    2.87
  -1504.468    -0.013    -1.64    2.73
  -1128.318    -0.427    -1.10    3.07
   -752.186    -0.748    -0.85    3.39
   -376.074    -0.813    -0.17    3.29
      0.020     0.413     3.26    3.24
    376.094     0.231    -0.48    2.87
    752.148     0.118    -0.30    2.48
   1128.184     0.209     0.24    2.35
   1504.201     0.053    -0.41    2.65
   1880.198     0.004    -0.13    2.62
   2256.176    -0.018    -0.06    2.69
   2632.135    -1.074    -2.81    3.11
   3008.075    -2.018    -2.51    3.15
   3383.996    -2.087    -0.18    3.22
   3759.897    -2.814    -1.94    3.32
   4135.780    -3.258    -1.18    3.64
   4511.643    -3.791    -1.42    3.33
   4887.488    -3.969    -0.47    2.86
   5263.313    -3.682     0.76    2.81
   5639.119    -3.636     0.12    2.85
   6014.906    -3.109     1.40    2.96
   6390.673    -3.148    -0.10    2.69
   6766.422    -3.680    -1.42    3.06
   7142.152    -4.181    -1.33    3.13
   7517.862    -4.400    -0.58    3.21
   7893.554    -4.382     0.05    3.33
   8269.226    -4.314     0.18    3.23
   8644.879    -3.609     1.88    3.06
   9020.513    -3.059     1.46    2.66
   9396.129    -2.564     1.32    2.39
   9771.725    -2.720    -0.41    2.21
  10147.302    -2.836    -0.31    2.41
  10522.860    -2.836     0.00    2.27
  10898.399    -3.233    -1.06    2.17
  11273.919    -3.268    -0.09    2.44
  11649.419    -3.672    -1.08    2.97
  12024.901    -3.996    -0.86    2.97
  12400.364    -3.907     0.24    2.46
  12775.808    -3.769     0.37    2.09
  13151.233    -4.013    -0.65    1.91
  13526.638    -3.698     0.84    2.26
  13902.025    -4.337    -1.70    2.36
  14277.393    -4.691    -0.94    2.60
  14652.742    -5.132    -1.17    2.60
  15028.071    -5.200    -0.18    2.44
  15403.382    -5.382    -0.48    2.41
  15778.674    -5.724    -0.91    2.15
  16153.947    -5.458     0.71    2.13
  16529.201    -5.609    -0.40    2.00
  16904.435    -5.133     1.27    2.19
  17279.651    -4.746     1.03    2.17
  17654.848    -4.436     0.83    1.69
  18030.026    -4.177     0.69    1.47
  18405.185    -4.124     0.14    1.58
  18780.325    -4.482    -0.95    1.73
  19155.447    -4.509    -0.07    1.63
  19530.549    -4.648    -0.37    1.62
  19905.632    -4.496     0.41    1.41
  20280.697    -4.591    -0.25    1.39
  20655.742    -4.530     0.16    1.24
  21030.769    -4.677    -0.39    1.17
  21405.776    -4.884    -0.55    1.25
  21780.765    -5.009    -0.33    1.26
  22155.735    -5.093    -0.23    1.28
  22530.686    -5.124    -0.08    1.31
  22905.618    -4.947     0.47    1.55
  23280.531    -5.139    -0.51    1.65
  23655.425    -5.480    -0.91    1.73
  24030.300    -5.405     0.20    2.00
  24405.157    -5.013     1.04    1.92
  24779.995    -4.518     1.32    1.90
  25154.813    -4.302     0.58    1.69
  25529.613    -4.427    -0.33    1.48
  25904.394    -4.704    -0.74    1.41
  26279.157    -4.991    -0.77    1.32
  26653.900    -5.655    -1.77    1.59
  27028.624    -6.280    -1.67    2.71
  27403.330    -6.473    -0.51    2.83
  27778.017    -6.564    -0.24    2.86
  28152.685    -6.502     0.16    3.10
  28527.334    -6.746    -0.65    2.77
  28901.965    -7.087    -0.91    3.00
  29276.576    -7.246    -0.42    3.28
  29651.169    -7.132     0.30    3.09
  30025.743    -6.905     0.61    2.39
  30400.298    -6.677     0.61    1.60
  30774.835    -7.124    -1.19    1.54
  31149.352    -7.326    -0.54    1.55
  31523.851    -7.702    -1.00    1.69
  31898.331    -8.095    -1.05    1.91
  32272.792    -8.613    -1.38    1.98
  32647.235    -8.677    -0.17    2.04
  33021.659    -8.632     0.12    1.45
  33396.064    -9.502    -2.32    2.49
  33770.450    -9.816    -0.84    2.43
  34144.817    -9.987    -0.46    2.54
  34519.166   -10.236    -0.66    3.01
  34893.496   -10.041     0.52    3.41
  35267.807   -10.000     0.11    3.52
  35642.100   -10.177    -0.47    3.43
  36016.374    -9.947     0.62    3.62
  36390.629    -9.718     0.61    3.52
  36764.865    -9.465     0.68    3.53
  37139.083    -9.314     0.40    3.18
  37513.282   -10.124    -2.17    3.28
  37887.462   -11.745    -4.33    3.32
  38261.623   -12.927    -3.16    3.02
  38635.766   -13.155    -0.61    2.73
  39009.890   -12.191     2.58    3.08
  39383.996   -10.347     4.93    3.29
  39758.083    -9.233     2.98    2.61
  40132.151    -9.155     0.21    2.66
  40506.200    -9.518    -0.97    2.84
  40880.231    -9.256     0.70    2.52
  41254.243    -9.723    -1.25    2.25
  41628.236    -9.991    -0.72    1.76
  42002.211   -10.058    -0.18    1.23
  42376.167    -9.907     0.40    1.22
  42750.105    -9.950    -0.11    1.52
  43124.024   -10.124    -0.47    1.89
  43497.924    -9.675     1.20    2.11
  43871.806    -9.927    -0.68    2.16
  44245.669   -10.216    -0.77    2.01
  44619.513   -10.382    -0.44    1.97
  44993.339   -10.791    -1.09    1.93
  45367.146   -10.613     0.48    1.84
  45740.935   -10.458     0.42    1.55
  46114.704   -10.605    -0.39    1.71
  46488.456   -11.132    -1.41    2.35
  46862.189   -11.641    -1.36    2.36
  47235.903   -11.359     0.75    2.25
  47609.598   -11.458    -0.26    2.24
  47983.275   -11.458     0.00    2.12
  48356.934   -11.569    -0.30    2.12
  48730.574   -11.489     0.21    1.24
  49104.195   -11.496    -0.02    1.02
  49477.798   -11.341     0.41    1.01
  49851.382   -11.246     0.26    1.02
  50224.948   -11.458    -0.57    1.16
  50598.495   -11.547    -0.24    1.32
  50972.023   -11.724    -0.48    1.32
  51345.533   -11.931    -0.55    1.34
  51719.025   -12.013    -0.22    1.20
  52092.498   -11.966     0.13    1.28
  52465.952   -11.723     0.65    1.34
  52841.918   -11.596     0.34    1.40
  53219.085   -11.291     0.81    1.13
  53596.232   -11.064     0.60    1.30
  53973.361   -11.233    -0.45    1.48
  54350.470   -11.302    -0.18    1.56
  54727.561   -11.366    -0.17    1.38
  55104.633   -11.541    -0.46    1.48
  55481.686   -11.233     0.82    1.31
  55858.720   -11.359    -0.34    1.30
  56235.735   -11.524    -0.44    1.32
  56612.731   -11.910    -1.02    1.19
  56989.709   -11.747     0.43    1.61
  57366.667   -11.396     0.93    1.77
  57743.607   -11.677    -0.75    1.67
  58120.528   -11.702    -0.07    1.64
  58497.430   -11.922    -0.58    1.44
  58874.313   -12.200    -0.74    1.42
  59251.178   -11.884     0.84    1.39
  59628.023   -11.924    -0.11    1.32
  60004.850   -11.746     0.47    1.31
  60381.658   -11.837    -0.24    1.08
  60758.447   -11.950    -0.30    1.20
  61135.218   -12.155    -0.54    1.26
  61511.969   -12.314    -0.42    1.56
  61888.702   -11.882     1.15    1.60
  62265.416   -12.200    -0.84    1.67
  62642.111   -11.636     1.50    1.85
  63018.787   -11.632     0.01    1.72
  63395.445   -11.609     0.06    1.60
  63772.083   -11.655    -0.12    1.58
  64148.703   -11.700    -0.12    1.24
  64525.305   -11.768    -0.18    1.13
  64901.887   -12.070    -0.80    1.10
  65278.451   -12.458    -1.03    1.35
  65654.996   -12.839    -1.01    1.19
  66031.522   -13.124    -0.76    1.02
  66408.029   -13.191    -0.18    1.03
  66784.518   -13.191     0.00    0.96
  67160.988   -13.337    -0.39    1.09
  67537.439   -13.505    -0.45    1.09
  67913.872   -13.480     0.07    1.02
  68290.286   -13.648    -0.45    1.03
  68666.681   -13.950    -0.80    1.10
  69043.057   -14.291    -0.91    1.07
  69419.415   -14.303    -0.03    1.10
  69795.754   -14.405    -0.27    1.20
  70172.074   -14.191     0.57    1.32
  70548.376   -14.658    -1.24    1.25
  70924.659   -15.000    -0.91    1.12
  71300.923   -15.064    -0.17    1.17
  71677.168   -15.246    -0.48    1.19
  72053.395   -15.352    -0.28    1.21
  72429.603   -15.473    -0.32    1.29
  72805.793   -15.572    -0.26    1.24
  73181.964   -15.569     0.01    1.29
  73558.116   -15.655    -0.23    1.25
  73934.250   -15.768    -0.30    1.20
  74310.364   -15.969    -0.53    1.15
  74686.461   -15.991    -0.06    1.14
  75062.538   -15.973     0.05    1.11
  75438.597   -15.516     1.21    1.04
  75814.638   -14.996     1.38    1.41
  76190.660   -14.132     2.30    1.87
  76566.663   -12.931     3.19    2.49
  76942.647   -12.213     1.91    2.31
  77318.613   -11.166     2.79    2.36
  77694.560   -11.200    -0.09    2.23
  78070.489   -11.559    -0.95    2.16
  78446.399   -11.723    -0.44    2.31
  78822.291   -11.924    -0.54    2.02
  79198.164   -11.577     0.92    2.04
  79574.018   -10.639     2.50    2.19
  79949.854    -9.577     2.83    2.33
  80325.671    -8.769     2.15    2.18
  80701.470    -8.177     1.57    1.85
  81077.250    -8.858    -1.81    2.11
  81453.012    -9.450    -1.58    2.06
  81828.755   -10.505    -2.81    1.93
  82204.479   -11.747    -3.30    2.04
  82580.185   -12.326    -1.54    1.93
  82955.872   -12.413    -0.23    2.57
  83331.541   -12.200     0.57    3.11
  83707.191   -12.204    -0.01    3.45
  84082.823   -12.396    -0.51    3.35
  84458.436   -12.861    -1.24    2.85
  84834.031   -13.724    -2.30    3.00
  85209.607   -14.559    -2.22    3.35
  85585.165   -15.314    -2.01    3.28
  85960.704   -15.223     0.24    2.67
  86336.225   -15.768    -1.45    2.50
  86711.727   -15.996    -0.61    2.17
  87087.211   -16.213    -0.58    1.82
  87462.676   -16.587    -0.99    1.36
  87838.123   -16.747    -0.43    1.15
  88213.552   -16.723     0.06    1.04
  88588.961   -16.405     0.85    1.26
  88964.353   -15.882     1.39    1.43
  89339.726   -14.680     3.20    1.70
  89715.080   -13.702     2.60    1.70
  90090.416   -12.723     2.61    1.89
  90465.734   -11.213     4.02    1.73
  90841.033   -10.024     3.17    2.00
  91216.314    -8.702     3.52    2.11
  91591.576    -7.314     3.70    2.15
  91966.820    -5.302     5.36    2.36
  92342.045    -3.837     3.91    2.10
  92717.252    -2.791     2.79    1.83
  93092.441    -1.382     3.76    1.54
  93467.611    -0.363     2.72    1.99
  93842.763     0.905     3.38    2.12
  94217.896     2.050     3.05    1.74
  94593.011     2.868     2.18    1.80
  94968.108     3.073     0.55    1.97
  95343.186     3.413     0.91    2.18
  95718.246     3.831     1.11    2.24
  96093.287     3.819    -0.03    2.07
  96468.310     4.383     1.50    2.10
  96843.315     4.076    -0.82    2.17
  97218.301     4.163     0.23    2.34
  97593.269     4.399     0.63    2.18
  97968.219     4.534     0.36    2.01
  98343.150     5.004     1.25    1.68
  98718.063     5.059     0.15    1.73
  99092.958     5.426     0.98    1.76
  99467.834     6.391     2.57    2.24
  99842.692     7.534     3.05    2.52
 100217.532     8.930     3.72    2.21
 100592.353     9.672     1.98    2.10
 100967.156    10.118     1.19    2.24
 101341.941     9.909    -0.56    2.39
 101716.707     9.787    -0.33    2.31
 102091.455     9.823     0.10    2.08
 102466.185    10.232     1.09    1.85
 102840.896    10.459     0.61    2.16
 103215.589     9.209    -3.34    3.64
 103590.264     6.913    -6.13    4.62
 103964.921     4.328    -6.90    3.42
 104339.559     4.141    -0.50    2.72
 104714.179     6.073     5.16    3.29
 105088.781     8.004     5.16    2.88
 105463.365     9.300     3.46    1.99
 105837.930     9.484     0.49    1.71
 106212.477     9.050    -1.16    1.68
 106587.006     8.590    -1.23    1.55
 106961.516     9.413     2.20    2.09
 107336.009    10.504     2.91    2.26
 107710.483    11.391     2.37    2.05
 108084.938    11.277    -0.30    2.11
 108459.376    10.388    -2.37    2.29
 108833.795     9.550    -2.24    2.37
 109208.197     9.495    -0.15    2.45
 109582.580    10.209     1.91    2.40
 109956.944    10.987     2.08    2.09
 110331.291    11.767     2.08    1.39
 110705.619    11.277    -1.31    1.48
 111079.929    10.670    -1.62    1.57
 111454.221     9.800    -2.33    1.80
 111828.495     9.233    -1.52    1.93
 112202.751     9.298     0.17    2.20
 112576.988     9.050    -0.66    2.13
 112951.207     9.116     0.18    1.90
 113325.408     9.345     0.61    1.81
 113699.591    10.109     2.04    1.89
 114073.756    11.027     2.45    2.13
 114447.903    11.852     2.20    2.57
 114822.031    13.142     3.45    2.71
 115196.141    13.868     1.94    2.34
 115570.234    14.395     1.41    2.06
 115944.308    14.936     1.45    2.05
 116318.364    15.759     2.20    2.02
 116692.401    17.027     3.39    2.11
 117066.421    18.304     3.41    1.75
 117440.423    19.764     3.90    2.06
 117814.406    21.254     3.98    2.13
 118188.371    22.790     4.11    2.13
 118562.319    24.732     5.19    2.62
 118936.248    26.909     5.82    2.82
 119310.159    28.618     4.57    3.00
 119684.052    29.989     3.67    2.64
 120057.927    31.345     3.63    2.63
 120431.783    31.845     1.34    2.62
 120805.622    32.139     0.79    2.81
 121179.443    31.073    -2.85    2.94
 121553.245    29.409    -4.45    3.14
 121927.030    27.641    -4.73    3.39
 122300.796    25.709    -5.17    2.77
 122674.545    24.027    -4.50    2.62
 123048.275    22.936    -2.92    2.75
 123421.987    22.767    -0.45    3.35
 123795.682    22.276    -1.32    3.60
 124169.358    22.709     1.16    3.50
 124543.016    22.732     0.06    3.11
 124916.656    23.234     1.34    3.42
 125290.278    24.027     2.12    4.46
 125663.882    24.686     1.76    4.69
 126037.468    25.907     3.27    4.95
 126411.037    25.764    -0.38    4.42
 126784.587    26.084     0.86    3.82
 127158.119    26.095     0.03    3.77
 127531.633    26.659     1.51    3.86
 127908.080    28.254     4.24    4.30
 128285.202    30.754     6.63    5.00
 128662.305    34.860    10.89    6.82
 129039.391    37.800     7.80    6.51
 129416.457    41.648    10.20    6.88
 129793.506    43.141     3.96    6.41
 130170.536    44.391     3.31    6.42
 130547.548    45.323     2.47    7.79
 130924.542    46.498     3.12    8.26
 131301.517    47.328     2.20    8.66
 131678.474    47.320    -0.02    7.20
 132055.413    51.186    10.25    9.16
 132432.333    52.604     3.76    9.67
 132809.235    52.686     0.22    9.98
 133186.119    54.342     4.39   13.22
 133562.984    52.504    -4.88   12.92
 133939.831    49.042    -9.19   10.95
 134316.660    49.787     1.98   10.67
 134693.471    50.232     1.18    9.94
 135070.263    52.686     6.51   10.86
 135447.037    57.368    12.42   11.32
 135823.793    59.482     5.61   12.84
 136200.530    61.982     6.64   12.21
 136577.249    63.558     4.18   14.87
 136953.950    64.253     1.85   16.00
 137330.633    63.959    -0.78   16.92
 137707.298    62.413    -4.10   17.63
 138083.944    60.162    -5.98   16.10
 138460.572    57.498    -7.07   15.86
 138837.181    57.413    -0.22   17.83
 139213.773    56.520    -2.37   18.58
 139590.346    54.651    -4.96   17.03
 139966.901    52.573    -5.52   14.07
 140343.438    50.345    -5.91   13.01
 140719.957    49.618    -1.93   13.43
 141096.457    48.232    -3.68   14.26
 141472.939    48.823     1.57   15.34
 141849.403    50.095     3.38   16.43
 142225.849    51.185     2.89   17.65
 142602.277    49.853    -3.54   16.23
 142978.686    47.609    -5.96   16.07
 143355.078    45.550    -5.47   14.33
 143731.451    43.709    -4.89   10.87
 144107.806    42.767    -2.50   10.69
 144484.142    43.942     3.12   11.47
 144860.461    44.852     2.42   12.19
 145236.761    43.618    -3.28   11.29
 145613.044    42.686    -2.48   11.04
 145989.308    40.674    -5.35   10.65
 146365.554    43.732     8.13   15.69
 146741.782    45.916     5.81   18.53
 147117.992    50.391    11.89   19.40
 147494.183    49.185    -3.20   18.42
 147870.357    47.368    -4.83   16.23
 148246.512    43.913    -9.18   12.21
 148622.649    42.828    -2.89   10.29
 148998.768    42.459    -0.98    9.22
 149374.869    40.559    -5.05    7.91
 149750.952    40.387    -0.46    8.37
 150127.017    38.488    -5.05    9.09
 150503.064    38.436    -0.14    9.58
 150879.093    39.345     2.42   10.16
 151255.103    41.209     4.96   10.53
 151631.096    44.277     8.16   12.65
 152007.070    46.843     6.82   14.38
 152383.026    48.027     3.15   16.01
 152758.965    43.300   -12.57   13.79
 153134.885    41.279    -5.38   11.45
 153510.787    38.413    -7.62   11.00
 153886.671    38.747     0.89   11.39
 154262.537    37.663    -2.88   10.93
 154638.385    35.116    -6.78   11.66
 155014.215    33.964    -3.06   13.01
 155390.027    32.118    -4.91   14.13
 155765.821    31.279    -2.23   14.12
 156141.597    28.368    -7.74   12.21
 156517.355    30.593     5.92   11.67
 156893.095    31.050     1.21    9.25
 157268.816    30.868    -0.48    7.20
 157644.520    31.482     1.63    6.89
 158020.206    29.831    -4.39    7.31
 158395.874    29.066    -2.04    8.78
 158771.524    28.118    -2.52   10.24
 159147.156    29.584     3.90   11.17
 159522.769    30.754     3.12   11.32
 159898.365    30.254    -1.33   10.30
 160273.943    32.050     4.78   10.33
 160649.503    32.031    -0.05    7.63
 161025.045    33.109     2.87    5.67
 161400.569    32.982    -0.34    4.95
 161776.075    31.428    -4.14    5.67
 162151.563    28.495    -7.81    6.12
 162527.033    25.348    -8.38    5.42
 162902.486    23.883    -3.90    5.10
 163277.920    22.631    -3.33    5.32
 163653.336    23.233     1.60    4.65
 164028.735    22.391    -2.24    4.02
 164404.115    21.209    -3.15    3.62
 164779.477    20.118    -2.91    3.99
 165154.822    20.254     0.36    3.92
 165530.149    20.534     0.75    4.01
 165905.458    20.564     0.08    3.55
 166280.748    21.899     3.56    3.24
 166656.021    22.732     2.22    3.46
 167031.277    24.777     5.45    3.79
 167406.514    26.164     3.70    3.50
 167781.733    27.118     2.54    3.44
 168156.935    27.137     0.05    4.35
 168532.118    26.209    -2.47    4.52
 168907.284    24.790    -3.78    5.37
 169282.432    23.141    -4.40    4.90
 169657.562    21.186    -5.21    4.29
 170032.674    19.676    -4.03    2.98
 170407.768    18.709    -2.58    2.44
 170782.844    17.733    -2.60    2.43
 171157.903    15.641    -5.58    3.02
 171532.943    14.000    -4.38    2.71
 171907.966    12.845    -3.08    2.91
 172282.971    11.959    -2.36    2.86
 172657.958    12.013     0.14    2.84
 173032.928    11.573    -1.18    2.49
 173407.879    10.733    -2.24    2.07
 173782.813    10.436    -0.79    1.96
 174157.729    11.232     2.12    2.27
 174532.627    12.254     2.73    2.42
 174907.507    13.550     3.46    2.26
 175282.370    14.800     3.33    2.02
 175657.215    15.618     2.18    2.28
 176032.042    16.604     2.63    2.58
 176406.851    17.409     2.15    2.71
 176781.642    18.027     1.65    2.70
 177156.416    18.504     1.27    3.20
 177531.172    19.141     1.70    3.64
 177905.910    19.254     0.30    4.33
 178280.630    19.953     1.86    3.77
 178655.332    19.953     0.00    3.67
 179030.017    19.231    -1.93    3.45
 179404.684    19.118    -0.30    3.12
 179779.333    18.609    -1.36    3.08
 180153.965    18.116    -1.32    2.93
 180528.579    17.800    -0.84    3.54
 180903.175    17.232    -1.52    3.62
 181277.753    16.465    -2.05    3.63
 181652.314    15.520    -2.52    3.73
 182026.857    14.823    -1.86    3.54
 182401.382    13.364    -3.89    3.16
 182775.889    12.069    -3.46    3.33
 183150.379    11.116    -2.55    3.27
 183524.851    10.504    -1.63    3.06
 183899.306    10.814     0.83    3.17
 184273.742    10.913     0.27    2.99
 184648.161    11.186     0.73    2.56
 185022.563    11.676     1.31    3.20
 185396.946    12.046     0.99    3.48
 185771.312    13.073     2.74    4.08
 186145.660    13.686     1.64    3.68
 186519.991    15.232     4.13    3.62
 186894.304    16.163     2.49    3.42
 187268.599    16.891     1.94    3.00
 187642.877    17.754     2.31    3.39
 188017.137    18.069     0.84    3.13
 188391.379    18.876     2.15    3.35
 188765.604    18.709    -0.45    3.18
 189139.811    18.300    -1.09    3.28
 189514.000    18.436     0.36    3.54
 189888.172    17.936    -1.34    3.53
 190262.326    17.027    -2.43    4.02
 190636.463    16.558    -1.25    3.94
 191010.582    16.120    -1.17    3.97
 191384.683    16.004    -0.31    3.83
 191758.767    15.641    -0.97    3.68
 192132.833    14.527    -2.98    3.99
 192506.882    13.254    -3.40    4.05
 192880.913    11.595    -4.43    4.34
 193254.926     9.976    -4.33    3.83
 193628.922     8.550    -3.81    3.42
 194002.900     7.186    -3.65    3.44
 194376.861     5.595    -4.25    3.04
 194750.804     4.413    -3.16    3.34
 195124.729     2.959    -3.89    3.36
 195498.637     1.413    -4.13    3.43
 195872.528    -0.419    -4.90    3.12
 196246.400    -1.973    -4.16    3.09
 196620.256    -3.314    -3.59    3.12
 196994.093    -4.905    -4.25    3.13
 197367.914    -6.359    -3.89    2.86
 197741.716    -7.927    -4.19    3.20
 198115.501    -9.382    -3.89    3.38
 198489.269   -10.954    -4.20    3.14
 198863.019   -12.652    -4.54    2.74
 199236.752   -13.859    -3.23    2.69
 199610.467   -15.291    -3.83    2.56
 199984.164   -16.109    -2.19    2.63
 200357.844   -16.882    -2.07    2.36
 200731.507   -17.746    -2.31    2.01
 201105.152   -18.489    -1.99    1.85
 201478.779   -19.047    -1.49    2.56
 201852.389   -18.996     0.14    3.05
 202225.982   -18.746     0.67    2.90
 202599.557   -18.337     1.09    2.61
 202976.480   -17.632     1.87    2.29
 203353.553   -17.587     0.12    2.75
 203730.607   -16.723     2.29    2.76
 204107.644   -16.303     1.11    2.75
 204484.663   -15.859     1.18    2.49
 204861.665   -15.496     0.96    2.32
 205238.648   -15.163     0.88    2.52
 205615.614   -13.907     3.33    2.47
 205992.561   -12.858     2.78    2.28
 206369.491   -12.200     1.74    2.23
 206746.404   -11.302     2.38    2.03
 207123.298   -10.582     1.91    2.14
 207500.175    -9.859     1.92    2.42
 207877.034    -9.349     1.35    2.70
 208253.875    -9.233     0.31    2.54
 208630.698    -9.632    -1.06    2.17
 209007.504   -10.405    -2.05    2.27
 209384.292   -10.837    -1.15    2.44
 209761.062   -11.934    -2.91    2.44
 210137.814   -12.745    -2.15    2.26
 210514.549   -13.391    -1.72    2.03
 210891.266   -14.064    -1.79    1.99
 211267.965   -14.652    -1.56    2.29
 211644.647   -15.101    -1.19    2.25
 212021.310   -15.347    -0.65    2.25
 212397.957   -16.315    -2.57    2.20
 212774.585   -16.746    -1.14    2.27
 213151.195   -17.458    -1.89    2.29
 213527.788   -18.210    -2.00    2.27
 213904.364   -18.655    -1.18    2.13
 214280.921   -19.366    -1.89    1.88
 214657.461   -19.969    -1.60    1.92
 215033.983   -20.473    -1.34    2.19
 215410.487   -20.489    -0.04    2.30
 215786.974   -21.427    -2.49    2.38
 216163.443   -22.241    -2.16    2.52
 216539.895   -23.200    -2.55    2.74
 216916.329   -24.172    -2.58    2.31
 217292.745   -24.337    -0.44    2.43
 217669.143   -24.973    -1.69    2.49
 218045.524   -25.466    -1.31    1.96
 218421.887   -27.087    -4.31    2.25
 218798.233   -28.516    -3.80    2.46
 219174.560   -30.132    -4.29    2.72
 219550.871   -31.954    -4.84    2.26
 219927.163   -32.927    -2.59    2.48
 220303.438   -34.070    -3.04    2.90
 220679.696   -35.535    -3.89    3.13
 221055.935   -36.291    -2.01    3.05
 221432.157   -37.547    -3.34    2.68
 221808.362   -37.973    -1.13    2.46
 222184.549   -38.587    -1.63    2.25
 222560.718   -39.349    -2.03    2.07
 222936.870   -40.564    -3.23    1.93
 223313.004   -41.475    -2.42    1.79
 223689.121   -42.109    -1.69    1.80
 224065.220   -43.279    -3.11    1.52
 224441.301   -43.882    -1.60    1.79
 224817.365   -44.524    -1.71    1.86
 225193.411   -44.889    -0.97    1.58
 225569.440   -45.450    -1.49    1.75
 225945.451   -45.791    -0.91    1.93
 226321.444   -46.018    -0.60    1.82
 226697.420   -46.155    -0.36    1.69
 227073.379   -46.210    -0.15    1.76
 227449.320   -46.147     0.17    1.61
 227825.243   -45.741     1.08    1.68
 228201.149   -45.632     0.29    1.54
 228577.037   -45.381     0.67    1.35
 228952.908   -45.041     0.90    1.37
 229328.761   -44.632     1.09    1.45
 229704.597   -44.093     1.43    1.35
 230080.415   -43.723     0.99    1.28
 230456.216   -43.341     1.02    1.45
 230831.999   -42.927     1.10    1.52
 231207.765   -42.024     2.40    1.57
 231583.513   -41.382     1.71    1.63
 231959.244   -40.814     1.51    2.20
 232334.957   -40.029     2.09    2.52
 232710.653   -39.087     2.51    2.21
 233086.331   -37.996     2.90    1.85
 233461.992   -37.655     0.91    1.52
 233837.636   -37.279     1.00    1.44
 234213.262   -36.675     1.61    1.48
 234588.870   -36.636     0.10    1.46
 234964.461   -36.016     1.65    1.44
 235340.035   -35.791     0.60    1.71
 235715.591   -35.498     0.78    1.69
 236091.129   -34.958     1.44    2.06
 236466.651   -35.442    -1.29    2.13
 236842.154   -35.628    -0.50    2.32
 237217.641   -35.609     0.05    2.19
 237593.110   -36.059    -1.20    2.05
 237968.561   -36.223    -0.44    1.95
 238343.995   -36.376    -0.41    1.75
 238719.412   -36.041     0.89    1.75
 239094.811   -35.882     0.42    1.81
 239470.193   -35.450     1.15    1.62
 239845.557   -35.814    -0.97    1.81
 240220.904   -36.181    -0.98    1.61
 240596.234   -36.675    -1.31    1.58
 240971.546   -36.931    -0.68    1.92
 241346.841   -37.314    -1.02    1.97
 241722.119   -37.700    -1.03    1.97
 242097.379   -37.716    -0.04    1.85
 242472.622   -37.950    -0.62    1.71
 242847.847   -38.339    -1.04    1.70
 243223.055   -38.863    -1.40    1.93
 243598.246   -39.200    -0.90    1.97
 243973.419   -38.814     1.03    2.04
 244348.575   -38.658     0.42    2.05
 244723.714   -38.505     0.41    1.85
 245098.835   -38.473     0.09    1.81
 245473.939   -38.529    -0.15    1.98
 245849.026   -38.886    -0.95    1.96
 246224.095   -38.996    -0.29    2.11
 246599.147   -39.230    -0.63    2.00
 246974.182   -39.177     0.14    2.24
 247349.199   -39.101     0.20    2.27
 247724.199   -38.931     0.45    2.21
 248099.182   -39.047    -0.31    2.34
 248474.148   -39.177    -0.35    2.93
 248849.096   -39.233    -0.15    3.07
 249224.027   -40.029    -2.12    3.35
 249598.940   -40.814    -2.09    3.02
 249973.837   -40.489     0.87    3.08
 250348.716   -40.482     0.02    3.09
 250723.577   -40.745    -0.70    3.05
 251098.422   -40.746    -0.00    2.30
 251473.249   -41.632    -2.36    2.35
 251848.059   -42.474    -2.25    2.61
 252222.852   -42.927    -1.21    2.26
 252597.627   -43.279    -0.94    2.09
 252972.385   -43.529    -0.67    2.15
 253347.126   -43.677    -0.40    1.69
 253721.850   -44.029    -0.94    1.66
 254096.556   -43.922     0.29    1.72
 254471.246   -44.053    -0.35    1.75
 254845.918   -44.268    -0.57    1.75
 255220.572   -44.652    -1.02    1.85
 255595.210   -45.267    -1.64    1.73
 255969.830   -45.450    -0.49    1.55
 256344.433   -45.886    -1.16    1.57
 256719.019   -45.996    -0.29    1.55
 257093.588   -45.910     0.23    1.48
 257468.140   -46.024    -0.30    1.38
 257842.674   -45.648     1.00    2.05
 258217.191   -45.837    -0.50    2.43
 258591.691   -45.927    -0.24    2.42
 258966.174   -46.352    -1.13    2.19
 259340.639   -46.564    -0.57    1.98
 259715.088   -46.839    -0.73    1.72
 260089.519   -46.884    -0.12    1.90
 260463.933   -46.535     0.93    1.81
 260838.330   -46.564    -0.08    1.92
 261212.710   -46.863    -0.80    1.66
 261587.072   -46.841     0.06    1.63
 261961.418   -47.518    -1.81    1.95
 262335.746   -48.206    -1.84    1.92
 262710.057   -49.291    -2.90    1.97
 263084.351   -50.326    -2.76    1.80
 263458.628   -51.210    -2.36    1.72
 263832.888   -52.087    -2.34    1.36
 264207.131   -52.466    -1.01    1.56
 264581.356   -53.109    -1.72    1.62
 264955.565   -53.841    -1.96    1.62
 265329.756   -54.363    -1.39    1.58
 265703.930   -54.652    -0.77    1.47
 266078.088   -55.210    -1.49    1.43
 266452.228   -55.950    -1.98    1.58
 266826.351   -56.091    -0.38    1.73
 267200.456   -56.427    -0.90    1.62
 267574.545   -56.596    -0.45    1.72
 267948.617   -57.101    -1.35    1.77
 268322.671   -57.396    -0.79    1.66
 268696.709   -58.053    -1.76    1.48
 269070.729   -58.677    -1.67    1.74
 269444.733   -58.816    -0.37    2.36
 269818.719   -59.223    -1.09    2.62
 270192.688   -59.376    -0.41    3.18
 270566.641   -60.132    -2.02    3.26
 270940.576   -60.382    -0.67    3.37
 271314.494   -60.434    -0.14    3.42
 271688.395   -60.427     0.02    3.56
 272062.279   -60.166     0.70    2.78
 272436.146   -60.087     0.21    2.79
 272809.996   -61.047    -2.57    3.04
 273183.829   -61.609    -1.50    2.97
 273557.645   -62.405    -2.13    2.31
 273931.444   -63.101    -1.86    1.80
 274305.226   -63.291    -0.51    1.77
 274678.991   -63.304    -0.03    1.79
 275052.739   -63.768    -1.24    1.62
 275426.470   -64.024    -0.68    1.84
 275800.184   -64.303    -0.75    1.70
 276173.881   -64.837    -1.43    1.51
 276547.561   -65.206    -0.99    1.45
 276921.224   -65.427    -0.59    1.56
 277294.870   -65.791    -0.97    1.64
 277668.844   -65.791     0.00    1.66
 278045.889   -66.132    -0.90    1.80
 278422.917   -65.954     0.47    1.81
 278799.928   -66.132    -0.47    1.66
 279176.921   -66.191    -0.16    1.55
 279553.898   -66.155     0.10    1.51
 279930.857   -65.591     1.49    1.47
 280307.798   -65.677    -0.23    1.82
 280684.723   -65.587     0.24    1.80
 281061.630   -65.886    -0.80    1.68
 281438.520   -66.405    -1.38    1.73
 281815.392   -66.483    -0.21    1.56
 282192.248   -66.632    -0.39    1.64
 282569.086   -66.512     0.32    1.71
 282945.907   -66.070     1.17    1.68
 283322.710   -65.991     0.21    1.90
 283699.497   -65.566     1.13    2.13
 284076.266   -65.541     0.07    1.92
 284453.018   -65.620    -0.21    1.91
 284829.753   -65.246     0.99    1.85
 285206.470   -65.186     0.16    1.50
 285583.171   -65.620    -1.15    1.76
 285959.854   -65.382     0.63    2.35
 286336.519   -65.108     0.73    2.34
 286713.168   -65.124    -0.04    2.60
 287089.800   -65.791    -1.77    2.59
 287466.414   -65.927    -0.36    2.69
 287843.011   -65.838     0.24    2.73
 288219.591   -66.291    -1.20    2.78
 288596.154   -66.882    -1.57    2.34
 288972.699   -67.675    -2.10    1.89
 289349.228   -67.910    -0.62    2.41
 289725.739   -67.700     0.56    2.56
 290102.233   -67.648     0.14    3.03
 290478.710   -67.813    -0.44    3.00
 290855.169   -67.419     1.05    3.09
 291231.612   -67.559    -0.37    2.69
 291608.038   -67.861    -0.80    2.70
 291984.446   -67.502     0.95    2.67
 292360.837   -67.655    -0.41    3.11
 292737.211   -67.767    -0.30    2.96
 293113.568   -68.246    -1.27    2.83
 293489.908   -68.931    -1.82    2.46
 293866.230   -69.163    -0.62    2.72
 294242.536   -68.721     1.17    2.85
 294618.824   -68.577     0.38    2.77
 294995.096   -68.246     0.88    2.80
 295371.350   -67.396     2.26    2.60
 295747.587   -67.502    -0.28    2.52
 296123.807   -67.582    -0.21    2.70
 296500.010   -67.280     0.80    3.17
 296876.196   -67.579    -0.79    3.41
