# NaN NaN NaN ;Mean Elev.(m), Avg Gradient(m/km), RMS Gradient(m/km) - SRTM1     
#  172.270  -0.254   1.085 ;Mean Elev.(m), Avg Gradient(m/km), RMS Gradient(m/km) - ASTER GDEM
#  168.591  -0.214   1.216 ;Mean Elev.(m), Avg Gradient(m/km), RMS Gradient(m/km) - GMTED2010 
  7  70.965433  31.900669   173.440   173.327 10 52468.23444096 38.851
  8  70.965192  31.904209   167.769   167.825 11 52503.23442931 45.876
  9  70.968449  31.885727   170.888   170.744  5 52538.23441732 43.356
 10  70.965763  31.904317   170.384   170.363 11 52573.23445432 47.188
 11  70.965205  31.892269   170.295   170.227 10 52608.23441491 43.951
 12  70.966769  31.895059   169.419   169.642 11 52643.23440998 32.879
 13  70.966377  31.891964   170.014   170.019 10 52678.23439327 39.126
 16  70.967206  31.891294   171.461   171.424  8 52783.23439739 46.875
 17  70.966472  31.892216   171.900   171.906 10 52818.23447507 46.581
 18  70.967575  31.889598   171.879   171.891  8 52853.23452523 46.280
 20  70.964454  31.903363   171.063   171.024 11 52923.23451107 48.554
 22  70.967346  31.886520   170.591   170.548  7 52993.23450640 42.991
 23  70.966325  31.892150   170.513   170.468 10 53028.23447006 40.149
 24  70.969245  31.882308   170.430   170.536  4 53063.23448015 39.503
 28  70.965334  31.896821   171.882   171.878 12 53203.23455019 42.446
 29  70.967491  31.886732   171.387   171.296  7 53238.23452068 42.645
 30  70.969882  31.881932   170.902   170.910  5 53273.23448124 40.826
 31  70.964899  31.905211   170.603   170.614 11 53308.23453622 47.930
 34  70.967661  31.885664   170.477   170.388  6 53413.23448261 40.315
 35  70.968406  31.883831   170.251   170.277  4 53448.23447076 43.809
 36  70.963745  31.906763   171.239   171.240  9 53483.23455173 49.149
 37  70.966550  31.895267   171.781   171.764 11 53518.23455329 47.719
 38  70.962848  31.909383   172.391   172.424  7 53553.23457267 32.022
 39  70.967349  31.890538   172.115   172.003  9 53588.23452609 41.384
 40  70.965661  31.901551   171.289   171.245 10 53623.23449543 47.073
 41  70.966212  31.895440   170.822   170.759 11 53658.23452409 47.475
 42  70.965268  31.903470   170.878   170.840 12 53693.23450394 45.215
 43  70.965447  31.897908   170.163   170.154 13 53728.23442818 45.021
 45  70.966170  31.891934   170.209   170.196 10 53798.23439725 42.210
 47  70.965768  31.894597   176.524   176.318 10 53868.23445639 37.259
 48  70.965205  31.896378   171.977   172.037 11 53903.23448779 49.127
 50  70.963139  31.905525   172.044   172.037  9 53973.23448485 45.814
 52  70.969679  31.883020   169.982   169.957  4 54043.23450076 43.392
 54  70.963788  31.904401   169.568   169.571 10 54113.23442851 48.632
 56  70.964713  31.905170   171.242   171.236 11 54183.23441752 44.792
 57  70.966885  31.895337   171.010   170.908 11 54218.23444507 44.843
 58  70.965394  31.893667   171.599   171.523 11 54253.23447050 44.436
 59  70.967379  31.895492   171.343   171.229 11 54288.23447452 42.193
 60  70.966879  31.892942   171.138   171.029  9 54323.23447227 39.099
 61  70.965876  31.903846   171.101   171.111 12 54358.23442720 44.136
 62  70.966560  31.891734   170.116   170.067 10 54393.23441298 45.624
 63  70.964988  31.892131   170.225   170.096 10 54428.23437986 45.798
 64  70.967647  31.889709   169.039   169.035  9 54463.23439169 30.458
 65  70.966145  31.895560   169.733   169.653 11 54498.23438845 45.944
 66  70.967271  31.890016   169.924   169.898  9 54533.23440538 47.336
 67  70.965629  31.902651   170.733   170.722 11 54568.23439109 49.621
 68  70.965878  31.892217   171.117   171.100 10 54603.23439968 47.851
 69  70.965196  31.897031   172.037   171.981 12 54638.23440997 43.893
 70  70.965259  31.897811   171.713   171.649 12 54673.23441259 42.824
 71  70.965709  31.894643   171.246   171.144 11 54708.23437179 40.760
 72  70.966568  31.892853   171.063   170.971  9 54743.23437950 44.745
 73  70.966704  31.895761   170.392   170.399 11 54778.23435429 47.746
 75  70.965144  31.896576   169.390   169.353 12 54848.23435363 49.164
 76  70.966293  31.895250   170.385   170.337 11 54883.23437604 47.620
 77  70.963180  31.905237   170.397   170.407  9 54918.23435451 43.102
 78  70.965598  31.892536   170.883   170.807 10 54953.23437018 45.489
 79  70.965302  31.899088   171.826   171.766 11 54988.23439345 42.215
 80  70.966818  31.895787   171.357   171.296 11 55023.23438619 44.252
 81  70.965826  31.894260   171.738   171.650 11 55058.23438164 43.409
 82  70.965173  31.904739   171.180   171.185 11 55093.23433479 46.455
 83  70.966207  31.893038   170.021   169.952 10 55128.23432298 49.056
 84  70.965620  31.896625   170.017   170.040 11 55163.23429789 47.523
 85  70.967542  31.895484   168.867   168.716 11 55198.23431350 45.544
 86  70.965330  31.903949   169.808   169.785 11 55233.23430118 47.257
 87  70.966200  31.892373   170.178   170.163 10 55268.23430890 46.920
 88  70.964815  31.896392   170.325   170.325 11 55303.23428169 46.596
 89  70.965251  31.892436   171.309   171.264 10 55338.23428214 44.233
 90  70.965862  31.893247   172.115   172.044  9 55373.23427290 47.963
 91  70.968143  31.892172   172.927   172.957  9 55408.23429343 29.421
 92  70.965271  31.892073   171.191   171.102 10 55443.23429103 25.536
 93  70.965298  31.901329   170.599   170.579 11 55478.23422859 49.420
