# NaN NaN NaN ;Mean Elev.(m), Avg Gradient(m/km), RMS Gradient(m/km) - SRTM1     
#   78.296   0.252   1.418 ;Mean Elev.(m), Avg Gradient(m/km), RMS Gradient(m/km) - ASTER GDEM
#   76.517   0.125   1.245 ;Mean Elev.(m), Avg Gradient(m/km), RMS Gradient(m/km) - GMTED2010 
  7    75.821 52458.71032648 28.37  69.677299  28.364221 28.358
  7    75.546 52458.71032712 32.42  69.676429  28.367511 28.358
  7    77.383 52458.71032777 30.91  69.675559  28.370801 28.358
  7    76.661 52458.71032970 32.34  69.672949  28.380671 28.358
  7    77.546 52458.71033035 21.20  69.672083  28.383951 15.628
  7    77.441 52458.71033099 19.52  69.671213  28.387241 15.628
  7    77.457 52458.71033164 19.45  69.670343  28.390531 15.628
  7    77.332 52458.71033228 16.07  69.669473  28.393821 15.628
  7    77.482 52458.71033293 14.08  69.668603  28.397111 15.628
  7    77.634 52458.71033357 15.94  69.667733  28.400401 15.628
  8    77.635 52493.71031462 20.62  69.675106  28.395990 23.654
  8    77.494 52493.71031527 21.89  69.674236  28.399280 23.654
  8    77.493 52493.71031591 25.88  69.673366  28.402570 23.654
  8    75.802 52493.71031656 27.88  69.672496  28.405860 23.654
  9    76.072 52528.71028954 44.42  69.674034  28.361609 30.129
  9    76.067 52528.71029018 46.18  69.673164  28.364899 30.129
  9    76.044 52528.71029083 43.58  69.672294  28.368189 30.129
  9    75.992 52528.71029147 40.31  69.671434  28.371479 30.129
  9    75.903 52528.71029211 45.83  69.670564  28.374759 30.129
  9    75.909 52528.71029276 30.35  69.669684  28.378049 30.129
  9    74.762 52528.71029340 23.11  69.668824  28.381339 30.129
  9    74.191 52528.71029405 24.22  69.667954  28.384629 30.129
  9    77.560 52528.71029469 23.07  69.667084  28.387919 30.129
  9    77.568 52528.71029534 23.77  69.666214  28.391209 30.129
  9    76.595 52528.71029598 31.85  69.665344  28.394499 30.129
 10    77.350 52563.71032718 16.11  69.673498  28.388496 24.053
 10    77.566 52563.71032783 15.49  69.672628  28.391786 24.053
 10    74.979 52563.71032847 20.43  69.671758  28.395076 24.053
 10    75.110 52563.71032912 25.87  69.670888  28.398356 24.053
 10    75.173 52563.71032976 35.15  69.670018  28.401646 24.053
 11    74.162 52598.71034482 28.92  69.671654  28.359689 28.330
 11    74.124 52598.71034546 36.40  69.670784  28.362979 28.330
 11    73.898 52598.71034610 41.41  69.669914  28.366269 28.330
 11    74.067 52598.71034675 33.13  69.669044  28.369559 28.330
 11    74.554 52598.71034739 31.70  69.668174  28.372849 28.330
 11    74.751 52598.71034804 24.95  69.667314  28.376139 28.330
 11    77.457 52598.71034868 26.03  69.666444  28.379419 28.330
 11    77.578 52598.71034933 15.37  69.665574  28.382709 28.330
 12    74.101 52633.71029522 32.57  69.672881  28.362173 21.639
 12    74.138 52633.71029587 31.46  69.672011  28.365463 21.639
 12    74.009 52633.71029651 29.93  69.671141  28.368753 21.639
 12    74.194 52633.71029716 29.86  69.670271  28.372043 21.639
 12    77.081 52633.71029780 27.25  69.669411  28.375323 21.639
 12    77.458 52633.71029845 26.40  69.668541  28.378613 21.639
 12    77.798 52633.71029909 16.28  69.667671  28.381903 21.639
 12    77.017 52633.71029974 13.94  69.666801  28.385193 21.639
 12    76.789 52633.71030038 16.53  69.665931  28.388483 21.639
 12    74.651 52633.71030102 22.47  69.665061  28.391773 21.639
 12    74.715 52633.71030167 34.72  69.664191  28.395063 21.639
 13    77.635 52668.71030947 29.36  69.674756  28.362982 15.490
 13    74.384 52668.71031011 28.41  69.673886  28.366272 15.490
 13    77.463 52668.71031076 17.44  69.673016  28.369562 15.490
 13    74.130 52668.71031140 22.76  69.672146  28.372852 15.490
 13    77.208 52668.71031205 19.97  69.671276  28.376132 15.490
 13    77.226 52668.71031269 28.97  69.670416  28.379422 15.490
 13    77.454 52668.71031333 36.40  69.669546  28.382712 15.490
 13    77.540 52668.71031398 24.40  69.668676  28.386002 15.490
 13    77.348 52668.71031462 13.56  69.667806  28.389292 15.490
 13    76.539 52668.71031527 14.41  69.666936  28.392582 15.490
 13    76.398 52668.71031591 15.30  69.666066  28.395872 15.490
 14    77.262 52703.71029135 27.43  69.677823  28.367900 17.646
 14    77.141 52703.71029457 13.69  69.673473  28.384350 17.646
 14    77.202 52703.71029522 12.17  69.672603  28.387640 17.646
 14    77.399 52703.71029586 12.22  69.671733  28.390920 17.646
 14    77.289 52703.71029651 16.30  69.670863  28.394210 17.646
 14    74.583 52703.71029715 24.21  69.670003  28.397500 17.646
 14    74.705 52703.71029780 33.80  69.669133  28.400790 17.646
 16    77.222 52773.71028807 24.19  69.675653  28.394967 28.116
 16    77.329 52773.71028872 23.34  69.674783  28.398257 28.116
 16    77.380 52773.71028936 24.88  69.673913  28.401547 28.116
 16    77.668 52773.71029001 31.23  69.673043  28.404837 28.116
 16    75.741 52773.71029065 36.92  69.672183  28.408127 28.116
 17    76.180 52808.71035068 42.15  69.671904  28.359598 30.954
 17    76.382 52808.71035132 48.83  69.671034  28.362888 30.954
 17    76.400 52808.71035197 47.63  69.670164  28.366178 30.954
 17    76.259 52808.71035261 46.34  69.669304  28.369468 30.954
 17    76.266 52808.71035326 45.80  69.668434  28.372758 30.954
 17    77.609 52808.71035390 37.07  69.667564  28.376038 30.954
 17    77.303 52808.71035455 24.43  69.666694  28.379328 30.954
 17    77.392 52808.71035519 31.57  69.665824  28.382618 30.954
 17    77.449 52808.71035584 27.00  69.664954  28.385908 30.954
 18    76.304 52843.71040811 41.81  69.674091  28.360784 33.879
 18    76.416 52843.71040876 44.40  69.673221  28.364074 33.879
 18    76.377 52843.71040940 44.26  69.672351  28.367364 33.879
 18    76.310 52843.71041005 38.48  69.671491  28.370654 33.879
 18    76.263 52843.71041069 45.96  69.670621  28.373934 33.879
 18    76.282 52843.71041134 32.22  69.669751  28.377224 33.879
 18    77.573 52843.71041198 27.61  69.668881  28.380514 33.879
 18    77.608 52843.71041263 30.18  69.668011  28.383804 33.879
 18    77.533 52843.71041327 22.41  69.667141  28.387094 33.879
 18    77.341 52843.71041392 26.92  69.666271  28.390384 33.879
 18    77.434 52843.71041456 32.62  69.665401  28.393674 33.879
 18    77.398 52843.71041521 44.47  69.664531  28.396964 33.879
 19    76.349 52878.71044621 38.41  69.674079  28.361004 32.086
 19    76.431 52878.71044685 45.69  69.673209  28.364294 32.086
 19    76.359 52878.71044750 45.21  69.672339  28.367584 32.086
 19    76.050 52878.71044814 39.83  69.671479  28.370874 32.086
 19    76.128 52878.71044879 44.87  69.670609  28.374154 32.086
 19    76.028 52878.71044943 33.94  69.669739  28.377444 32.086
 19    76.223 52878.71045007 24.55  69.668869  28.380734 32.086
 19    76.369 52878.71045072 26.50  69.667999  28.384024 32.086
 19    76.356 52878.71045136 22.28  69.667129  28.387314 32.086
 19    76.447 52878.71045201 24.89  69.666259  28.390604 32.086
 19    76.673 52878.71045265 31.56  69.665389  28.393894 32.086
 19    76.768 52878.71045330 44.12  69.664519  28.397184 32.086
 20    75.778 52913.71041092 35.68  69.675579  28.396961 37.086
 20    75.562 52913.71041157 31.75  69.674709  28.400251 37.086
 20    75.936 52913.71041221 29.36  69.673839  28.403541 37.086
 20    76.168 52913.71041286 29.86  69.672969  28.406831 37.086
 21    74.536 52948.71036289 36.84  69.677159  28.363898 26.595
 21    74.537 52948.71036353 34.94  69.676289  28.367188 26.595
 21    75.180 52948.71036418 24.62  69.675419  28.370468 26.595
 21    75.075 52948.71036482 28.83  69.674549  28.373758 26.595
 21    74.903 52948.71036611 21.57  69.672819  28.380338 26.595
 21    74.758 52948.71036676 19.45  69.671949  28.383628 26.595
 21    76.918 52948.71036740 18.89  69.671079  28.386918 26.595
 21    77.104 52948.71036805 19.84  69.670209  28.390208 26.595
 21    77.686 52948.71036869 21.67  69.669339  28.393498 26.595
 21    74.934 52948.71036933 31.42  69.668469  28.396788 26.595
 21    75.039 52948.71036998 42.32  69.667599  28.400078 26.595
 23    74.364 53018.71038696 24.57  69.677705  28.368028 24.919
 23    72.783 53018.71039018 24.63  69.673365  28.384468 24.919
 23    72.686 53018.71039083 27.83  69.672495  28.387758 24.919
 23    77.046 53018.71039147 24.48  69.671625  28.391048 24.919
 23    74.257 53018.71039212 24.72  69.670755  28.394338 24.919
 23    74.871 53018.71039276 27.68  69.669885  28.397628 24.919
 23    74.820 53018.71039341 36.59  69.669015  28.400918 24.919
 24    74.295 53053.71037013 28.08  69.677035  28.367369 33.074
 24    74.363 53053.71037271 28.45  69.673555  28.380519 33.074
 24    74.519 53053.71037335 28.29  69.672695  28.383809 33.074
 24    74.671 53053.71037400 25.90  69.671825  28.387099 33.074
 24    74.708 53053.71037464 24.13  69.670955  28.390389 33.074
 24    74.756 53053.71037529 24.35  69.670085  28.393679 33.074
 24    74.825 53053.71037593 29.92  69.669215  28.396969 33.074
 24    74.966 53053.71037658 40.13  69.668345  28.400259 33.074
 25    74.092 53088.71040584 21.54  69.671539  28.360091 20.698
 25    74.079 53088.71040649 24.49  69.670669  28.363381 20.698
 25    74.167 53088.71040713 18.38  69.669799  28.366671 20.698
 25    74.050 53088.71040778 30.57  69.668929  28.369961 20.698
 25    74.074 53088.71040842 26.03  69.668059  28.373251 20.698
 25    72.285 53088.71040907 17.08  69.667199  28.376531 20.698
 25    72.711 53088.71040971 15.47  69.666329  28.379821 20.698
 25    76.954 53088.71041036 13.90  69.665459  28.383111 20.698
 26    74.045 53123.71037659 25.69  69.674797  28.362620 23.285
 26    74.009 53123.71037723 26.15  69.673927  28.365910 23.285
 26    76.665 53123.71037788 16.32  69.673057  28.369200 23.285
 26    77.066 53123.71037852 15.85  69.672187  28.372490 23.285
 26    77.319 53123.71037917 18.18  69.671327  28.375770 23.285
 26    73.207 53123.71037981 19.56  69.670457  28.379060 23.285
 26    73.311 53123.71038045 20.95  69.669587  28.382350 23.285
 26    73.462 53123.71038110 21.87  69.668717  28.385640 23.285
 26    73.744 53123.71038174 20.82  69.667847  28.388930 23.285
 26    74.330 53123.71038239 17.91  69.666977  28.392220 23.285
 26    74.561 53123.71038303 24.39  69.666107  28.395510 23.285
 27    75.053 53158.71043430 31.62  69.670187  28.357541 27.571
 27    75.350 53158.71043495 40.39  69.669317  28.360831 27.571
 27    75.406 53158.71043559 42.08  69.668447  28.364121 27.571
 27    75.375 53158.71043624 39.60  69.667577  28.367411 27.571
 27    75.344 53158.71043688 39.51  69.666707  28.370701 27.571
 27    74.594 53158.71043752 22.62  69.665847  28.373981 27.571
 27    73.830 53158.71043817 24.40  69.664977  28.377271 27.571
 28    76.313 53193.71043456 18.01  69.673559  28.388838 22.398
 28    76.956 53193.71043521 15.91  69.672689  28.392128 22.398
 28    77.299 53193.71043585 16.24  69.671819  28.395418 22.398
 28    77.794 53193.71043650 25.04  69.670949  28.398708 22.398
 28    78.237 53193.71043714 28.53  69.670079  28.401998 22.398
 29    76.888 53228.71042919 17.62  69.674106  28.391247 26.758
 29    76.814 53228.71042983 16.77  69.673236  28.394537 26.758
 29    76.420 53228.71043048 17.71  69.672366  28.397827 26.758
 29    76.904 53228.71043112 26.25  69.671496  28.401117 26.758
 29    76.492 53228.71043177 32.90  69.670626  28.404407 26.758
 30    75.548 53263.71039626 43.28  69.676981  28.364642 27.982
 30    75.576 53263.71039690 32.40  69.676111  28.367932 27.982
 30    75.553 53263.71039755 30.87  69.675241  28.371222 27.982
 30    75.440 53263.71039819 27.03  69.674371  28.374512 27.982
 30    75.491 53263.71039948 19.90  69.672641  28.381082 27.982
 30    75.005 53263.71040013 19.55  69.671771  28.384372 27.982
 30    75.286 53263.71040077 18.76  69.670901  28.387662 27.982
 30    76.771 53263.71040142 18.89  69.670031  28.390952 27.982
 30    76.014 53263.71040206 24.19  69.669161  28.394242 27.982
 30    76.119 53263.71040271 30.76  69.668291  28.397532 27.982
 30    76.159 53263.71040335 39.81  69.667421  28.400822 27.982
 31    74.825 53298.71043671 33.05  69.667412  28.354829 28.595
 31    74.487 53298.71043736 34.86  69.666542  28.358119 28.595
 31    74.600 53298.71043800 39.78  69.665672  28.361409 28.595
 31    74.412 53298.71043865 37.43  69.664802  28.364699 28.595
 31    74.709 53298.71043929 30.97  69.663932  28.367989 28.595
 31    74.647 53298.71043994 24.96  69.663062  28.371279 28.595
 31    77.105 53298.71044058 17.75  69.662192  28.374559 28.595
 32    74.561 53333.71040903 38.58  69.676494  28.363325 28.814
 32    74.642 53333.71040967 35.38  69.675624  28.366615 28.814
 32    74.609 53333.71041032 26.24  69.674754  28.369905 28.814
 32    74.731 53333.71041096 29.92  69.673884  28.373195 28.814
 32    74.874 53333.71041161 35.52  69.673014  28.376485 28.814
 32    77.152 53333.71041225 28.69  69.672144  28.379775 28.814
 32    77.403 53333.71041290 24.78  69.671284  28.383065 28.814
 32    77.243 53333.71041354 24.98  69.670414  28.386345 28.814
 32    77.285 53333.71041419 27.07  69.669544  28.389635 28.814
 32    77.524 53333.71041483 24.05  69.668674  28.392925 28.814
 32    74.905 53333.71041548 33.25  69.667804  28.396215 28.814
 32    75.016 53333.71041612 40.06  69.666934  28.399505 28.814
 33    75.556 53368.71035645 23.53  69.674811  28.391431 18.386
 33    75.460 53368.71035709 21.35  69.673941  28.394721 18.386
 33    77.386 53368.71035774 20.25  69.673071  28.398011 18.386
 33    77.682 53368.71035838 27.62  69.672201  28.401301 18.386
 33    77.897 53368.71035903 28.06  69.671331  28.404591 18.386
 34    74.046 53403.71038168 27.89  69.675824  28.362636 21.144
 34    74.568 53403.71038233 26.46  69.674954  28.365926 21.144
 34    74.910 53403.71038297 24.52  69.674084  28.369216 21.144
 34    74.225 53403.71038362 27.27  69.673224  28.372506 21.144
 34    74.741 53403.71038426 32.91  69.672354  28.375786 21.144
 34    74.520 53403.71038491 27.10  69.671484  28.379076 21.144
 34    77.290 53403.71038555 21.11  69.670614  28.382366 21.144
 34    77.486 53403.71038620 20.14  69.669744  28.385656 21.144
 34    77.137 53403.71038684 21.57  69.668874  28.388946 21.144
 34    77.195 53403.71038749 21.89  69.668004  28.392236 21.144
 34    74.791 53403.71038813 21.85  69.667134  28.395526 21.144
 34    74.596 53403.71038878 28.15  69.666264  28.398816 21.144
 35    74.862 53438.71037457 32.56  69.673710  28.387222 28.446
 35    74.761 53438.71037522 30.89  69.672840  28.390512 28.446
 35    74.614 53438.71037586 28.83  69.671970  28.393802 28.446
 35    74.841 53438.71037651 27.38  69.671100  28.397092 28.446
 35    74.957 53438.71037715 32.61  69.670230  28.400382 28.446
 35    75.024 53438.71037780 35.25  69.669360  28.403672 28.446
 36    75.062 53473.71042737 32.12  69.671934  28.358628 26.963
 36    75.137 53473.71042802 40.93  69.671064  28.361918 26.963
 36    75.208 53473.71042866 38.65  69.670194  28.365208 26.963
 36    75.266 53473.71042931 33.01  69.669324  28.368498 26.963
 36    75.034 53473.71042995 31.16  69.668454  28.371788 26.963
 36    74.682 53473.71043060 28.41  69.667584  28.375068 26.963
 36    74.474 53473.71043124 22.74  69.666724  28.378358 26.963
 36    73.994 53473.71043188 22.60  69.665854  28.381648 26.963
 36    74.602 53473.71043253 23.85  69.664984  28.384938 26.963
 37    76.077 53508.71045104 41.20  69.675081  28.362528 28.507
 37    76.076 53508.71045169 39.44  69.674211  28.365818 28.507
 37    75.632 53508.71045233 40.58  69.673341  28.369108 28.507
 37    75.279 53508.71045298 37.04  69.672471  28.372398 28.507
 37    75.035 53508.71045362 45.10  69.671601  28.375688 28.507
 37    75.346 53508.71045427 31.36  69.670741  28.378968 28.507
 37    75.820 53508.71045491 29.50  69.669871  28.382258 28.507
 37    75.845 53508.71045556 29.71  69.669001  28.385548 28.507
 37    75.898 53508.71045620 28.28  69.668131  28.388838 28.507
 37    76.029 53508.71045685 27.33  69.667261  28.392128 28.507
 37    76.355 53508.71045749 35.18  69.666391  28.395418 28.507
 38    76.256 53543.71046302 46.48  69.673246  28.361585 32.648
 38    76.324 53543.71046366 49.16  69.672376  28.364875 32.648
 38    76.134 53543.71046431 44.56  69.671506  28.368165 32.648
 38    76.021 53543.71046495 45.18  69.670636  28.371455 32.648
 38    76.015 53543.71046560 38.39  69.669776  28.374735 32.648
 38    75.850 53543.71046624 31.53  69.668906  28.378025 32.648
 38    75.693 53543.71046689 30.54  69.668036  28.381315 32.648
 38    75.840 53543.71046753 28.90  69.667166  28.384605 32.648
 38    75.858 53543.71046817 27.80  69.666296  28.387895 32.648
 38    76.249 53543.71046882 28.66  69.665426  28.391185 32.648
 38    76.610 53543.71046946 37.56  69.664556  28.394475 32.648
 39    77.993 53578.71044484 51.71  69.676740  28.363723 32.224
 39    78.045 53578.71044549 53.61  69.675870  28.367013 32.224
 39    78.204 53578.71044613 48.09  69.675000  28.370303 32.224
 39    78.175 53578.71044678 39.67  69.674130  28.373593 32.224
 39    78.172 53578.71044742 32.85  69.673270  28.376873 32.224
 39    78.090 53578.71044807 30.64  69.672400  28.380163 32.224
 39    78.212 53578.71044871 30.15  69.671530  28.383453 32.224
 39    78.300 53578.71044935 30.92  69.670660  28.386743 32.224
 39    78.455 53578.71045000 33.53  69.669790  28.390033 32.224
 39    78.616 53578.71045064 44.64  69.668920  28.393323 32.224
 39    78.526 53578.71045129 47.98  69.668050  28.396613 32.224
 39    78.572 53578.71045193 50.44  69.667180  28.399903 32.224
 40    76.556 53613.71039825 33.68  69.676521  28.363767 27.814
 40    76.719 53613.71039890 32.55  69.675651  28.367057 27.814
 40    76.798 53613.71039954 35.20  69.674781  28.370347 27.814
 40    76.956 53613.71040019 36.65  69.673911  28.373637 27.814
 40    76.878 53613.71040083 37.87  69.673051  28.376927 27.814
 40    77.014 53613.71040148 39.09  69.672181  28.380207 27.814
 40    77.065 53613.71040212 38.17  69.671311  28.383497 27.814
 40    77.222 53613.71040277 35.48  69.670441  28.386787 27.814
 40    77.109 53613.71040341 34.86  69.669571  28.390077 27.814
 40    77.281 53613.71040405 35.02  69.668701  28.393367 27.814
 40    76.878 53613.71040470 36.70  69.667831  28.396657 27.814
 40    76.708 53613.71040534 40.81  69.666961  28.399947 27.814
 41    75.562 53648.71040401 34.39  69.676749  28.362963 35.386
 41    75.498 53648.71040466 36.02  69.675879  28.366253 35.386
 41    75.610 53648.71040530 38.43  69.675009  28.369543 35.386
 41    75.748 53648.71040595 45.10  69.674139  28.372833 35.386
 41    75.834 53648.71040659 46.26  69.673269  28.376113 35.386
 41    75.627 53648.71040724 41.01  69.672409  28.379403 35.386
 41    75.682 53648.71040788 42.66  69.671539  28.382693 35.386
 41    75.758 53648.71040852 46.08  69.670669  28.385983 35.386
 41    75.792 53648.71040917 51.84  69.669799  28.389273 35.386
 41    75.822 53648.71040981 48.37  69.668929  28.392563 35.386
 41    75.772 53648.71041046 37.03  69.668059  28.395853 35.386
 41    75.550 53648.71041110 43.25  69.667189  28.399143 35.386
 42    74.688 53683.71041792 24.93  69.672757  28.359538 25.547
 42    74.937 53683.71041856 31.26  69.671887  28.362828 25.547
 42    74.993 53683.71041921 37.07  69.671017  28.366118 25.547
 42    75.033 53683.71041985 37.70  69.670147  28.369408 25.547
 42    75.094 53683.71042050 38.72  69.669277  28.372698 25.547
 42    75.194 53683.71042114 38.77  69.668417  28.375978 25.547
 42    75.259 53683.71042179 34.23  69.667547  28.379268 25.547
 42    75.239 53683.71042243 31.46  69.666677  28.382558 25.547
 42    75.223 53683.71042307 29.54  69.665807  28.385848 25.547
 42    75.241 53683.71042372 30.97  69.664937  28.389138 25.547
 42    75.226 53683.71042436 34.31  69.664067  28.392428 25.547
 43    75.453 53718.71035075 53.74  69.675030  28.391037 38.854
 43    75.502 53718.71035140 51.97  69.674160  28.394327 38.854
 43    75.355 53718.71035204 51.38  69.673290  28.397617 38.854
 43    75.368 53718.71035268 49.80  69.672420  28.400907 38.854
 43    78.046 53718.71035333 37.37  69.671550  28.404197 38.854
 43    75.063 53718.71035397 35.64  69.670680  28.407477 38.854
 44    74.290 53753.71027247 27.28  69.673636  28.390579 28.674
 44    74.387 53753.71027311 27.47  69.672766  28.393869 28.674
 44    74.415 53753.71027376 32.32  69.671896  28.397159 28.674
 44    74.481 53753.71027440 32.22  69.671026  28.400449 28.674
 44    74.996 53753.71027504 28.80  69.670156  28.403739 28.674
 45    74.946 53788.71030262 21.74  69.674106  28.391265 18.789
 45    75.158 53788.71030326 21.85  69.673236  28.394555 18.789
 45    75.018 53788.71030391 20.28  69.672366  28.397845 18.789
 45    75.041 53788.71030455 21.40  69.671496  28.401135 18.789
 45    75.027 53788.71030520 27.62  69.670626  28.404425 18.789
 46    73.998 53823.71025264 28.78  69.676394  28.363220 34.845
 46    74.428 53823.71025329 33.89  69.675524  28.366510 34.845
 46    74.552 53823.71025393 39.97  69.674654  28.369800 34.845
 46    74.680 53823.71025458 47.69  69.673784  28.373090 34.845
 46    74.656 53823.71025522 45.84  69.672914  28.376380 34.845
 46    74.500 53823.71025587 45.84  69.672044  28.379670 34.845
 46    74.661 53823.71025651 45.79  69.671174  28.382960 34.845
 46    74.555 53823.71025715 46.48  69.670304  28.386240 34.845
 46    74.613 53823.71025780 48.93  69.669436  28.389538 35.236
 46    74.468 53823.71025844 52.85  69.668566  28.392828 35.236
 46    74.568 53823.71025909 45.31  69.667696  28.396108 35.236
 46    74.603 53823.71025973 37.12  69.666826  28.399398 35.236
 47    73.642 53858.71034473 23.31  69.672350  28.359265 29.139
 47    74.269 53858.71034537 24.15  69.671480  28.362555 29.139
 47    74.341 53858.71034601 35.05  69.670610  28.365845 29.139
 47    74.589 53858.71034666 30.56  69.669740  28.369135 29.139
 47    74.816 53858.71034730 31.71  69.668870  28.372425 29.139
 47    74.848 53858.71034795 33.63  69.668000  28.375715 29.139
 47    74.852 53858.71034859 30.14  69.667140  28.378995 29.139
 47    74.893 53858.71034924 28.52  69.666270  28.382285 29.139
 47    74.920 53858.71034988 29.54  69.665400  28.385575 29.139
 47    74.853 53858.71035053 28.95  69.664530  28.388865 29.139
 48    76.849 53893.71036217 46.04  69.677194  28.369207 32.121
 48    76.994 53893.71036539 47.77  69.672854  28.385647 32.121
 48    76.984 53893.71036604 45.56  69.671984  28.388937 32.121
 48    77.065 53893.71036668 45.84  69.671114  28.392227 32.121
 48    77.170 53893.71036733 47.02  69.670244  28.395517 32.121
 48    77.236 53893.71036797 41.93  69.669374  28.398807 32.121
 48    76.847 53893.71036862 41.76  69.668504  28.402097 32.121
 49    75.586 53928.71041710 30.21  69.667829  28.356310 28.004
 49    75.718 53928.71041775 38.68  69.666959  28.359600 28.004
 49    75.729 53928.71041839 38.47  69.666089  28.362890 28.004
 49    75.756 53928.71041903 45.38  69.665219  28.366180 28.004
 49    75.756 53928.71041968 36.83  69.664349  28.369470 28.004
 49    77.200 53928.71042032 25.89  69.663479  28.372760 28.004
 49    76.085 53928.71042097 24.74  69.662609  28.376040 28.004
 50    78.078 53963.71039893 36.24  69.671816  28.361501 23.631
 50    78.011 53963.71039957 29.23  69.670946  28.364791 23.631
 50    77.919 53963.71040022 26.28  69.670076  28.368081 23.631
 50    77.830 53963.71040086 23.21  69.669206  28.371371 23.631
 50    77.724 53963.71040151 24.28  69.668336  28.374661 23.631
 50    77.880 53963.71040215 25.83  69.667466  28.377941 23.631
 50    78.278 53963.71040280 25.98  69.666606  28.381231 23.631
 50    78.406 53963.71040344 29.71  69.665736  28.384521 23.631
 50    78.537 53963.71040409 26.39  69.664866  28.387811 23.631
 51    76.356 53998.71034985 27.92  69.673963  28.364002 16.363
 51    76.342 53998.71035050 29.84  69.673093  28.367292 16.363
 51    76.443 53998.71035114 31.19  69.672223  28.370582 16.363
 51    76.540 53998.71035178 29.97  69.671353  28.373872 16.363
 51    76.621 53998.71035243 28.69  69.670483  28.377152 16.363
 51    76.730 53998.71035307 32.27  69.669613  28.380442 16.363
 51    76.863 53998.71035372 32.78  69.668743  28.383732 16.363
 51    77.163 53998.71035436 27.80  69.667873  28.387022 16.363
 51    76.868 53998.71035501 24.97  69.667003  28.390312 16.363
 51    76.910 53998.71035565 23.62  69.666143  28.393602 16.363
 51    77.091 53998.71035630 26.90  69.665263  28.396892 16.363
 52    75.832 54033.71039750 51.67  69.677058  28.365718 37.319
 52    75.954 54033.71039814 50.32  69.676188  28.369008 37.319
 52    76.063 54033.71039878 45.99  69.675318  28.372298 37.319
 52    75.929 54033.71040072 41.10  69.672718  28.382158 37.319
 52    76.058 54033.71040136 39.25  69.671848  28.385448 37.319
 52    76.318 54033.71040201 52.61  69.670978  28.388738 37.319
 52    76.326 54033.71040265 53.68  69.670108  28.392028 37.319
 52    76.269 54033.71040330 52.01  69.669238  28.395318 37.319
 52    76.313 54033.71040394 50.98  69.668368  28.398608 37.319
 54    74.999 54103.71034887 51.35  69.678136  28.367204 41.073
 54    75.191 54103.71035274 31.29  69.672926  28.386934 41.073
 54    75.282 54103.71035338 44.97  69.672056  28.390224 41.073
 54    75.278 54103.71035403 46.99  69.671186  28.393514 41.073
 54    75.356 54103.71035467 48.37  69.670316  28.396804 41.073
 54    75.438 54103.71035532 47.76  69.669446  28.400094 41.073
 55    75.250 54138.71032066 44.92  69.674991  28.360928 36.899
 55    75.331 54138.71032130 48.22  69.674121  28.364218 36.899
 55    75.445 54138.71032195 49.75  69.673251  28.367508 36.899
 55    75.480 54138.71032259 44.43  69.672381  28.370798 36.899
 55    75.392 54138.71032324 39.73  69.671511  28.374088 36.899
 55    75.495 54138.71032388 44.27  69.670651  28.377368 36.899
 55    75.540 54138.71032453 41.88  69.669781  28.380658 36.899
 55    75.627 54138.71032517 46.96  69.668911  28.383948 36.899
 55    75.569 54138.71032582 46.71  69.668041  28.387238 36.899
 55    75.452 54138.71032646 49.37  69.667171  28.390528 36.899
 55    75.493 54138.71032711 52.09  69.666301  28.393818 36.899
 55    75.545 54138.71032775 47.32  69.665431  28.397108 36.899
 56    75.375 54173.71032736 42.92  69.676768  28.367058 38.682
 56    75.431 54173.71032800 38.01  69.675898  28.370348 38.682
 56    75.405 54173.71032993 35.01  69.673298  28.380208 38.682
 56    75.374 54173.71033058 30.55  69.672428  28.383498 38.682
 56    75.448 54173.71033122 30.83  69.671558  28.386788 38.682
 56    75.490 54173.71033187 44.57  69.670688  28.390078 38.682
 56    75.593 54173.71033251 40.01  69.669818  28.393368 38.682
 56    75.565 54173.71033316 35.79  69.668948  28.396658 38.682
 56    75.597 54173.71033380 35.46  69.668078  28.399948 38.682
 57    76.119 54208.71032662 35.56  69.673670  28.361728 27.742
 57    76.070 54208.71032727 31.22  69.672800  28.365018 27.742
 57    75.899 54208.71032791 26.72  69.671930  28.368308 27.742
 57    75.903 54208.71032856 26.26  69.671060  28.371598 27.742
 57    76.023 54208.71032920 33.20  69.670190  28.374878 27.742
 57    76.129 54208.71032984 39.10  69.669330  28.378168 27.742
 57    76.282 54208.71033049 39.20  69.668460  28.381458 27.742
 57    76.437 54208.71033113 31.71  69.667590  28.384748 27.742
 57    76.238 54208.71033178 38.86  69.666720  28.388038 27.742
 57    76.332 54208.71033242 28.41  69.665850  28.391328 27.742
 57    76.386 54208.71033307 35.47  69.664980  28.394618 27.742
 58    76.837 54243.71035914 52.24  69.675787  28.365403 32.379
 58    76.942 54243.71035979 47.07  69.674917  28.368693 32.379
 58    76.763 54243.71036043 41.73  69.674057  28.371983 32.379
 58    76.843 54243.71036108 41.41  69.673187  28.375263 32.379
 58    76.927 54243.71036172 42.19  69.672317  28.378553 32.379
 58    77.028 54243.71036237 43.52  69.671447  28.381843 32.379
 58    77.036 54243.71036301 44.45  69.670577  28.385133 32.379
 58    76.933 54243.71036366 34.22  69.669707  28.388423 32.379
 58    76.821 54243.71036430 28.90  69.668837  28.391713 32.379
 58    77.017 54243.71036495 28.92  69.667967  28.395003 32.379
 58    77.104 54243.71036559 44.56  69.667097  28.398293 32.379
 59    77.032 54278.71037119 35.26  69.676549  28.362199 26.782
 59    76.910 54278.71037183 27.63  69.675679  28.365489 26.782
 59    76.763 54278.71037248 25.75  69.674809  28.368779 26.782
 59    76.886 54278.71037312 25.92  69.673939  28.372069 26.782
 59    77.078 54278.71037377 26.76  69.673079  28.375349 26.782
 59    77.152 54278.71037441 35.45  69.672209  28.378639 26.782
 59    77.262 54278.71037506 33.19  69.671339  28.381929 26.782
 59    77.192 54278.71037570 29.30  69.670469  28.385219 26.782
 59    77.254 54278.71037635 26.17  69.669599  28.388509 26.782
 59    77.093 54278.71037699 24.71  69.668729  28.391799 26.782
 59    77.258 54278.71037764 22.10  69.667859  28.395089 26.782
 59    77.468 54278.71037828 26.95  69.666989  28.398379 26.782
 60    76.634 54313.71037176 28.05  69.677636  28.366495 32.896
 60    76.837 54313.71037240 27.22  69.676766  28.369785 32.896
 60    77.201 54313.71037498 47.16  69.673296  28.382935 32.896
 60    77.358 54313.71037563 35.57  69.672426  28.386225 32.896
 60    77.338 54313.71037627 28.85  69.671556  28.389515 32.896
 60    77.040 54313.71037692 25.19  69.670686  28.392805 32.896
 60    77.050 54313.71037756 24.06  69.669816  28.396095 32.896
 60    77.518 54313.71037821 25.62  69.668946  28.399385 32.896
 61    76.654 54348.71034636 34.50  69.673163  28.387312 29.583
 61    76.697 54348.71034700 34.74  69.672293  28.390602 29.583
 61    76.735 54348.71034765 33.14  69.671423  28.393892 29.583
 61    76.733 54348.71034829 31.62  69.670553  28.397182 29.583
 61    76.831 54348.71034894 33.48  69.669683  28.400472 29.583
 61    76.845 54348.71034958 38.68  69.668813  28.403762 29.583
 62    75.285 54383.71030877 44.26  69.676336  28.362106 35.614
 62    75.440 54383.71030942 47.55  69.675466  28.365396 35.614
 62    75.463 54383.71031006 47.31  69.674596  28.368686 35.614
 62    75.383 54383.71031071 46.96  69.673726  28.371976 35.614
 62    75.467 54383.71031135 45.39  69.672856  28.375266 35.614
 62    75.557 54383.71031200 46.22  69.671986  28.378546 35.614
 62    75.684 54383.71031264 48.78  69.671126  28.381836 35.614
 62    75.752 54383.71031328 52.56  69.670256  28.385126 35.614
 62    75.751 54383.71031393 51.05  69.669386  28.388416 35.614
 62    75.731 54383.71031457 52.63  69.668516  28.391706 35.614
 62    75.747 54383.71031522 52.50  69.667646  28.394996 35.614
 62    75.798 54383.71031586 48.36  69.666776  28.398286 35.614
 63    74.963 54418.71029162 48.77  69.677216  28.366454 34.614
 63    75.012 54418.71029226 51.72  69.676346  28.369744 34.614
 63    74.988 54418.71029484 42.98  69.672876  28.382894 34.614
 63    75.064 54418.71029549 43.77  69.672006  28.386184 34.614
 63    75.164 54418.71029613 46.22  69.671136  28.389474 34.614
 63    75.195 54418.71029678 48.77  69.670266  28.392764 34.614
 63    75.227 54418.71029742 52.82  69.669396  28.396054 34.614
 63    75.141 54418.71029807 51.83  69.668526  28.399344 34.614
 64    74.647 54453.71027914 40.04  69.674684  28.361057 37.558
 64    74.705 54453.71027979 46.75  69.673814  28.364347 37.558
 64    74.660 54453.71028043 51.36  69.672944  28.367637 37.558
 64    74.731 54453.71028108 47.01  69.672074  28.370927 37.558
 64    74.830 54453.71028172 49.11  69.671204  28.374217 37.558
 64    74.858 54453.71028237 43.46  69.670334  28.377507 37.558
 64    74.931 54453.71028301 47.08  69.669464  28.380797 37.558
 64    74.959 54453.71028366 48.30  69.668594  28.384087 37.558
 64    74.906 54453.71028430 42.82  69.667721  28.387366 30.676
 64    74.937 54453.71028495 40.89  69.666851  28.390656 30.676
 64    75.029 54453.71028559 43.43  69.665981  28.393946 30.676
 64    75.094 54453.71028624 41.44  69.665111  28.397236 30.676
 65    74.381 54488.71029041 41.99  69.677795  28.366611 32.577
 65    74.424 54488.71029363 36.61  69.673455  28.383051 32.577
 65    74.477 54488.71029428 37.29  69.672585  28.386341 32.577
 65    74.517 54488.71029492 41.25  69.671715  28.389631 32.577
 65    74.608 54488.71029557 41.44  69.670845  28.392921 32.577
 65    74.707 54488.71029621 28.82  69.669975  28.396211 32.577
 65    75.266 54488.71029686 30.19  69.669105  28.399501 32.577
 66    74.153 54523.71029293 51.53  69.676298  28.365662 38.477
 66    74.273 54523.71029358 46.30  69.675438  28.368942 38.477
 66    74.351 54523.71029422 50.14  69.674568  28.372232 38.477
 66    74.194 54523.71029487 51.57  69.673698  28.375522 38.477
 66    74.220 54523.71029551 49.96  69.672828  28.378812 38.477
 66    74.298 54523.71029616 51.27  69.671958  28.382102 38.477
 66    74.371 54523.71029680 47.65  69.671088  28.385392 38.477
 66    74.450 54523.71029745 46.63  69.670218  28.388682 38.477
 66    74.504 54523.71029809 52.04  69.669348  28.391972 38.477
 66    74.496 54523.71029873 53.84  69.668478  28.395262 38.477
 66    74.389 54523.71029938 48.35  69.667608  28.398542 38.477
 67    74.078 54558.71030008 30.04  69.677338  28.366735 28.386
 67    74.187 54558.71030073 32.81  69.676478  28.370015 28.386
 67    74.046 54558.71030331 25.29  69.672998  28.383175 28.386
 67    74.348 54558.71030395 26.65  69.672128  28.386465 28.386
 67    74.394 54558.71030460 34.73  69.671258  28.389755 28.386
 67    74.317 54558.71030524 34.44  69.670388  28.393045 28.386
 67    74.346 54558.71030589 27.52  69.669518  28.396335 28.386
 67    74.894 54558.71030653 21.50  69.668648  28.399625 28.386
 68    74.764 54593.71028879 21.28  69.675973  28.362176 14.418
 68    74.834 54593.71028944 21.44  69.675103  28.365466 14.418
 68    74.827 54593.71029008 21.26  69.674243  28.368746 14.418
 68    74.870 54593.71029073 21.21  69.673373  28.372036 14.418
 68    74.693 54593.71029137 20.51  69.672503  28.375326 14.418
 68    74.670 54593.71029201 20.35  69.671633  28.378616 14.418
 68    74.576 54593.71029266 20.13  69.670763  28.381906 14.418
 68    74.697 54593.71029330 19.28  69.669893  28.385196 14.418
 68    74.963 54593.71029395 18.42  69.669023  28.388486 14.418
 68    74.810 54593.71029459 22.72  69.668153  28.391776 14.418
 68    74.825 54593.71029524 22.39  69.667283  28.395066 14.418
 68    74.817 54593.71029588 16.59  69.666413  28.398356 14.418
 69    75.614 54628.71030333 28.96  69.676529  28.362306 23.490
 69    75.665 54628.71030397 25.48  69.675659  28.365596 23.490
 69    75.555 54628.71030462 23.88  69.674799  28.368876 23.490
 69    75.600 54628.71030526 26.97  69.673929  28.372166 23.490
 69    75.739 54628.71030591 27.23  69.673059  28.375456 23.490
 69    75.843 54628.71030655 27.20  69.672189  28.378746 23.490
 69    75.718 54628.71030720 25.02  69.671319  28.382036 23.490
 69    75.885 54628.71030784 25.88  69.670449  28.385326 23.490
 69    75.976 54628.71030848 24.84  69.669579  28.388616 23.490
 69    75.998 54628.71030913 26.89  69.668709  28.391906 23.490
 69    76.066 54628.71030977 26.43  69.667839  28.395196 23.490
 69    76.214 54628.71031042 35.96  69.666969  28.398486 23.490
 70    76.273 54663.71031042 33.05  69.674418  28.362060 24.610
 70    76.196 54663.71031106 24.81  69.673548  28.365350 24.610
 70    76.235 54663.71031171 26.73  69.672688  28.368630 24.610
 70    76.350 54663.71031235 29.02  69.671818  28.371920 24.610
 70    76.288 54663.71031300 25.58  69.670948  28.375210 24.610
 70    76.337 54663.71031364 23.58  69.670078  28.378500 24.610
 70    76.216 54663.71031429 20.03  69.669208  28.381790 24.610
 70    76.320 54663.71031493 20.73  69.668338  28.385080 24.610
 70    76.317 54663.71031558 24.57  69.667468  28.388370 24.610
 70    76.465 54663.71031622 25.06  69.666598  28.391660 24.610
 70    76.656 54663.71031687 29.86  69.665728  28.394950 24.610
 71    76.813 54698.71028820 40.88  69.674057  28.387175 37.292
 71    76.826 54698.71028885 39.22  69.673187  28.390465 37.292
 71    76.895 54698.71028949 39.49  69.672317  28.393755 37.292
 71    76.938 54698.71029014 38.98  69.671447  28.397045 37.292
 71    76.960 54698.71029078 36.26  69.670577  28.400335 37.292
 71    77.036 54698.71029143 35.70  69.669713  28.403616 37.028
 72    75.348 54733.71026817 48.11  69.674621  28.361624 34.929
 72    75.403 54733.71026881 40.82  69.673751  28.364914 34.929
 72    75.223 54733.71026946 41.39  69.672891  28.368194 34.929
 72    75.323 54733.71027010 39.74  69.672021  28.371484 34.929
 72    75.369 54733.71027075 41.08  69.671151  28.374774 34.929
 72    75.494 54733.71027139 43.85  69.670281  28.378064 34.929
 72    75.621 54733.71027204 48.92  69.669411  28.381354 34.929
 72    75.704 54733.71027268 53.39  69.668541  28.384644 34.929
 72    75.638 54733.71027332 49.60  69.667671  28.387934 34.929
 72    75.572 54733.71027397 51.62  69.666801  28.391224 34.929
 72    75.628 54733.71027461 51.16  69.665931  28.394514 34.929
 72    75.691 54733.71027526 50.77  69.665061  28.397804 34.929
 73    74.597 54768.71026368 50.23  69.677063  28.367183 35.465
 73    74.606 54768.71026432 50.57  69.676203  28.370463 35.465
 73    74.736 54768.71026690 39.05  69.672723  28.383623 35.465
 73    74.859 54768.71026754 49.32  69.671853  28.386913 35.465
 73    74.905 54768.71026819 53.51  69.670983  28.390203 35.465
 73    74.905 54768.71026883 47.87  69.670113  28.393493 35.465
 73    75.009 54768.71026948 43.35  69.669243  28.396783 35.465
 73    75.035 54768.71027012 50.67  69.668373  28.400063 35.465
 74    74.359 54803.71026175 47.88  69.673664  28.361864 37.928
 74    74.377 54803.71026239 39.90  69.672794  28.365154 37.928
 74    74.386 54803.71026304 38.45  69.671934  28.368434 37.928
 74    74.355 54803.71026368 35.83  69.671064  28.371724 37.928
 74    74.505 54803.71026433 36.88  69.670194  28.375014 37.928
 74    74.711 54803.71026497 48.14  69.669324  28.378304 37.928
 74    74.650 54803.71026562 50.98  69.668454  28.381594 37.928
 74    74.593 54803.71026626 52.13  69.667584  28.384884 37.928
 74    74.603 54803.71026691 44.74  69.666714  28.388174 37.928
 74    74.663 54803.71026755 49.36  69.665844  28.391464 37.928
 74    74.762 54803.71026819 51.86  69.664974  28.394754 37.928
 75    73.779 54838.71025692 41.04  69.677144  28.363138 33.108
 75    74.010 54838.71025757 42.65  69.676274  28.366428 33.108
 75    74.216 54838.71025821 41.92  69.675414  28.369708 33.108
 75    74.176 54838.71025885 45.74  69.674544  28.372998 33.108
 75    74.181 54838.71025950 32.87  69.673674  28.376288 33.108
 75    73.625 54838.71026014 36.30  69.672804  28.379578 33.108
 75    73.636 54838.71026079 41.60  69.671934  28.382868 33.108
 75    73.772 54838.71026143 47.46  69.671064  28.386158 33.108
 75    73.785 54838.71026208 51.20  69.670194  28.389448 33.108
 75    73.722 54838.71026272 37.52  69.669324  28.392738 33.108
 75    73.723 54838.71026337 35.29  69.668454  28.396028 33.108
 75    73.919 54838.71026401 49.39  69.667584  28.399318 33.108
 76    74.014 54873.71026136 45.50  69.675129  28.361199 36.213
 76    74.033 54873.71026200 38.54  69.674259  28.364489 36.213
 76    74.059 54873.71026265 33.64  69.673399  28.367769 36.213
 76    74.194 54873.71026329 34.62  69.672529  28.371059 36.213
 76    74.107 54873.71026394 34.78  69.671659  28.374349 36.213
 76    74.160 54873.71026458 43.96  69.670789  28.377639 36.213
 76    74.299 54873.71026523 48.00  69.669919  28.380929 36.213
 76    74.312 54873.71026587 50.63  69.669049  28.384219 36.213
 76    74.209 54873.71026652 49.76  69.668179  28.387509 36.213
 76    74.253 54873.71026716 42.55  69.667309  28.390799 36.213
 76    74.369 54873.71026781 41.63  69.666439  28.394089 36.213
 76    74.406 54873.71026845 49.60  69.665569  28.397379 36.213
 77    74.283 54908.71026347 45.79  69.677311  28.364256 35.809
 77    74.436 54908.71026411 50.60  69.676441  28.367546 35.809
 77    74.495 54908.71026475 45.55  69.675581  28.370826 35.809
 77    74.402 54908.71026669 36.64  69.672971  28.380696 35.809
 77    74.706 54908.71026733 46.45  69.672101  28.383986 35.809
 77    74.717 54908.71026798 51.58  69.671231  28.387276 35.809
 77    74.695 54908.71026862 53.65  69.670361  28.390566 35.809
 77    74.621 54908.71026927 42.54  69.669491  28.393856 35.809
 77    74.716 54908.71026991 47.62  69.668621  28.397146 35.809
 77    74.820 54908.71027056 49.74  69.667751  28.400426 35.809
 78    74.738 54943.71025434 47.11  69.673988  28.360760 38.400
 78    74.642 54943.71025499 46.37  69.673128  28.364050 38.400
 78    74.699 54943.71025563 37.63  69.672258  28.367330 38.400
 78    74.718 54943.71025628 38.43  69.671388  28.370620 38.400
 78    74.683 54943.71025692 36.66  69.670518  28.373910 38.400
 78    74.973 54943.71025757 47.21  69.669648  28.377200 38.400
 78    74.975 54943.71025821 51.62  69.668778  28.380490 38.400
 78    74.867 54943.71025886 53.29  69.667908  28.383780 38.400
 78    74.916 54943.71025950 47.81  69.667038  28.387070 38.400
 78    75.004 54943.71026015 51.22  69.666168  28.390360 38.400
 78    75.094 54943.71026079 48.25  69.665298  28.393650 38.400
 78    75.134 54943.71026144 51.69  69.664428  28.396940 38.400
 79    75.302 54978.71028174 45.49  69.675815  28.361688 31.233
 79    75.275 54978.71028238 40.93  69.674945  28.364978 31.233
 79    75.142 54978.71028303 38.64  69.674085  28.368258 31.233
 79    75.234 54978.71028367 39.02  69.673215  28.371548 31.233
 79    75.195 54978.71028432 38.51  69.672345  28.374838 31.233
 79    75.319 54978.71028496 38.76  69.671475  28.378128 31.233
 79    75.466 54978.71028561 44.13  69.670605  28.381418 31.233
 79    75.571 54978.71028625 46.77  69.669735  28.384708 31.233
 79    75.394 54978.71028690 46.36  69.668865  28.387998 31.233
 79    75.489 54978.71028754 52.35  69.667995  28.391288 31.233
 79    75.574 54978.71028819 48.26  69.667125  28.394578 31.233
 79    75.687 54978.71028883 38.96  69.666255  28.397868 31.233
 80    75.617 55013.71028700 37.70  69.676510  28.362939 27.466
 80    75.541 55013.71028764 42.56  69.675650  28.366229 27.466
 80    75.453 55013.71028829 43.40  69.674780  28.369509 27.466
 80    75.514 55013.71028893 38.00  69.673910  28.372799 27.466
 80    75.667 55013.71028958 34.03  69.673040  28.376089 27.466
 80    75.755 55013.71029022 29.60  69.672170  28.379379 27.466
 80    75.667 55013.71029087 25.10  69.671300  28.382669 27.466
 80    75.840 55013.71029151 28.59  69.670430  28.385959 27.466
 80    75.981 55013.71029215 28.57  69.669560  28.389249 27.466
 80    76.085 55013.71029280 28.28  69.668690  28.392539 27.466
 80    76.054 55013.71029344 27.10  69.667820  28.395829 27.466
 80    76.145 55013.71029409 27.23  69.666950  28.399119 27.466
 81    76.247 55048.71028030 39.43  69.677041  28.363137 21.189
 81    76.133 55048.71028094 29.24  69.676171  28.366427 21.189
 81    76.104 55048.71028158 28.60  69.675301  28.369707 21.189
 81    76.160 55048.71028223 26.84  69.674441  28.372997 21.189
 81    76.205 55048.71028287 25.53  69.673571  28.376287 21.189
 81    75.909 55048.71028352 18.97  69.672701  28.379577 21.189
 81    76.003 55048.71028416 15.93  69.671831  28.382867 21.189
 81    76.183 55048.71028481 16.58  69.670961  28.386157 21.189
 81    76.210 55048.71028545 18.98  69.670091  28.389447 21.189
 81    75.810 55048.71028610 19.19  69.669221  28.392737 21.189
 81    76.502 55048.71028674 19.26  69.668351  28.396027 21.189
 81    77.001 55048.71028739 19.63  69.667481  28.399317 21.189
 82    76.075 55083.71025421 27.64  69.673458  28.386779 23.927
 82    75.716 55083.71025486 24.47  69.672588  28.390069 23.927
 82    75.592 55083.71025550 22.62  69.671718  28.393359 23.927
 82    75.799 55083.71025615 21.91  69.670858  28.396649 23.927
 82    76.046 55083.71025679 21.18  69.669988  28.399939 23.927
 82    76.209 55083.71025744 33.92  69.669116  28.403221 33.573
 83    74.979 55118.71021167 46.31  69.676258  28.362480 36.889
 83    74.997 55118.71021231 48.27  69.675388  28.365770 36.889
 83    75.093 55118.71021296 47.91  69.674518  28.369050 36.889
 83    74.947 55118.71021360 47.37  69.673658  28.372340 36.889
 83    75.047 55118.71021425 47.74  69.672788  28.375630 36.889
 83    75.163 55118.71021489 50.91  69.671918  28.378920 36.889
 83    75.253 55118.71021554 51.14  69.671048  28.382210 36.889
 83    75.285 55118.71021618 53.56  69.670178  28.385500 36.889
 83    75.244 55118.71021683 54.48  69.669308  28.388790 36.889
 83    75.268 55118.71021747 49.13  69.668438  28.392080 36.889
 83    75.399 55118.71021811 50.01  69.667568  28.395370 36.889
 83    75.344 55118.71021876 45.59  69.666698  28.398650 36.889
 84    74.518 55153.71020814 44.19  69.676654  28.363572 33.720
 84    74.653 55153.71020879 45.86  69.675784  28.366862 33.720
 84    74.533 55153.71020943 46.98  69.674924  28.370142 33.720
 84    74.609 55153.71021008 45.50  69.674054  28.373432 33.720
 84    74.648 55153.71021072 44.62  69.673184  28.376722 33.720
 84    74.710 55153.71021137 47.54  69.672314  28.380012 33.720
 84    74.788 55153.71021201 48.35  69.671444  28.383302 33.720
 84    74.856 55153.71021265 47.71  69.670574  28.386592 33.720
 84    74.807 55153.71021330 51.52  69.669704  28.389882 33.720
 84    74.835 55153.71021394 45.81  69.668834  28.393172 33.720
 84    74.927 55153.71021459 42.77  69.667964  28.396462 33.720
 84    74.986 55153.71021523 43.59  69.667094  28.399742 33.720
 85    74.217 55188.71020055 43.49  69.674085  28.361554 40.058
 85    74.283 55188.71020120 44.64  69.673225  28.364844 40.058
 85    74.324 55188.71020184 50.47  69.672355  28.368124 40.058
 85    74.361 55188.71020249 52.46  69.671485  28.371414 40.058
 85    74.448 55188.71020313 45.61  69.670615  28.374704 40.058
 85    74.529 55188.71020378 54.32  69.669745  28.377994 40.058
 85    74.614 55188.71020442 52.37  69.668875  28.381284 40.058
 85    74.641 55188.71020507 49.64  69.668005  28.384574 40.058
 85    74.690 55188.71020571 51.08  69.667135  28.387864 40.058
 85    74.646 55188.71020636 55.16  69.666265  28.391154 40.058
 85    74.685 55188.71020700 51.05  69.665395  28.394444 40.058
 86    73.721 55223.71020748 33.48  69.676941  28.363133 35.911
 86    73.895 55223.71020813 41.40  69.676071  28.366423 35.911
 86    73.968 55223.71020877 48.24  69.675211  28.369703 35.911
 86    74.098 55223.71020942 49.45  69.674341  28.372993 35.911
 86    74.123 55223.71021006 45.14  69.673471  28.376283 35.911
 86    74.012 55223.71021071 46.75  69.672601  28.379573 35.911
 86    74.063 55223.71021135 43.04  69.671731  28.382863 35.911
 86    74.101 55223.71021200 51.31  69.670861  28.386153 35.911
 86    74.192 55223.71021264 46.31  69.669991  28.389443 35.911
 86    74.242 55223.71021328 40.88  69.669121  28.392733 35.911
 86    74.261 55223.71021393 39.67  69.668251  28.396023 35.911
 86    74.354 55223.71021457 51.35  69.667381  28.399313 35.911
 87    74.351 55258.71019619 25.80  69.676985  28.362464 21.691
 87    74.423 55258.71019683 25.53  69.676115  28.365754 21.691
 87    74.630 55258.71019748 24.93  69.675245  28.369034 21.691
 87    74.487 55258.71019812 24.35  69.674385  28.372324 21.691
 87    74.397 55258.71019876 27.97  69.673515  28.375614 21.691
 87    74.488 55258.71019941 24.03  69.672645  28.378904 21.691
 87    74.634 55258.71020005 27.53  69.671775  28.382194 21.691
 87    74.690 55258.71020070 21.71  69.670905  28.385484 21.691
 87    74.562 55258.71020134 24.60  69.670035  28.388774 21.691
 87    74.635 55258.71020199 23.34  69.669165  28.392064 21.691
 87    74.680 55258.71020263 23.39  69.668295  28.395354 21.691
 87    74.657 55258.71020328 20.86  69.667425  28.398644 21.691
 88    74.712 55293.71019552 40.17  69.677479  28.367787 31.436
 88    74.778 55293.71019875 49.80  69.673139  28.384227 31.436
 88    74.709 55293.71019939 49.31  69.672269  28.387517 31.436
 88    74.770 55293.71020004 50.63  69.671399  28.390807 31.436
 88    74.861 55293.71020068 47.73  69.670529  28.394097 31.436
 88    74.977 55293.71020132 48.83  69.669659  28.397387 31.436
 88    75.005 55293.71020197 45.64  69.668789  28.400677 31.436
 89    74.969 55328.71017959 42.10  69.674611  28.361570 33.782
 89    75.020 55328.71018023 37.00  69.673741  28.364860 33.782
 89    75.043 55328.71018088 39.23  69.672881  28.368140 33.782
 89    74.987 55328.71018152 41.01  69.672011  28.371430 33.782
 89    75.003 55328.71018217 39.83  69.671141  28.374720 33.782
 89    75.083 55328.71018281 33.53  69.670271  28.378010 33.782
 89    75.058 55328.71018346 31.18  69.669401  28.381300 33.782
 89    75.065 55328.71018410 29.96  69.668531  28.384590 33.782
 89    75.163 55328.71018474 31.43  69.667661  28.387880 33.782
 89    75.258 55328.71018539 34.97  69.666791  28.391170 33.782
 89    75.316 55328.71018603 39.90  69.665921  28.394460 33.782
 89    75.375 55328.71018668 37.47  69.665051  28.397750 33.782
 90    75.713 55363.71017498 30.82  69.677243  28.366259 19.781
 90    75.775 55363.71017562 37.41  69.676383  28.369539 19.781
 90    75.568 55363.71017820 25.94  69.672903  28.382699 19.781
 90    75.448 55363.71017885 22.72  69.672033  28.385989 19.781
 90    75.671 55363.71017949 21.71  69.671163  28.389279 19.781
 90    75.722 55363.71018014 22.25  69.670293  28.392569 19.781
 90    75.720 55363.71018078 19.98  69.669423  28.395859 19.781
 90    75.760 55363.71018143 18.48  69.668553  28.399149 19.781
 91    76.380 55398.71018377 33.62  69.674484  28.362060 30.974
 91    76.309 55398.71018441 31.84  69.673624  28.365350 30.974
 91    76.354 55398.71018506 30.95  69.672754  28.368630 30.974
 91    76.247 55398.71018570 31.82  69.671884  28.371920 30.974
 91    76.313 55398.71018635 34.07  69.671014  28.375210 30.974
 91    76.518 55398.71018699 37.24  69.670144  28.378500 30.974
 91    76.652 55398.71018764 39.27  69.669274  28.381790 30.974
 91    76.575 55398.71018828 38.23  69.668404  28.385080 30.974
 91    76.647 55398.71018892 37.85  69.667534  28.388370 30.974
 91    76.730 55398.71018957 37.87  69.666664  28.391660 30.974
 91    76.833 55398.71019021 38.22  69.665794  28.394950 30.974
 92    77.303 55433.71019125 25.31  69.677694  28.366725 25.914
 92    78.019 55433.71019447 45.58  69.673354  28.383165 25.914
 92    77.943 55433.71019512 42.26  69.672484  28.386455 25.914
 92    78.093 55433.71019576 27.88  69.671614  28.389745 25.914
 92    77.971 55433.71019640 25.00  69.670744  28.393035 25.914
 92    77.745 55433.71019705 21.36  69.669874  28.396325 25.914
 92    78.063 55433.71019769 20.66  69.669004  28.399615 25.914
 93    75.598 55468.71015208 48.03  69.673937  28.390534 28.937
 93    75.638 55468.71015273 48.76  69.673067  28.393824 28.937
 93    75.651 55468.71015337 48.55  69.672207  28.397114 28.937
 93    75.681 55468.71015402 46.05  69.671337  28.400404 28.937
 93    75.537 55468.71015466 38.95  69.670466  28.403686 28.212
