-290253.593   -63.924     0.00    1.33
-289879.993   -63.745     0.48    1.74
-289506.374   -63.833    -0.24    1.90
-289132.738   -64.221    -1.04    1.70
-288759.085   -64.765    -1.46    1.24
-288385.414   -64.844    -0.21    1.20
-288011.725   -64.890    -0.12    1.25
-287638.019   -64.845     0.12    1.42
-287264.295   -65.216    -0.99    1.41
-286890.553   -65.424    -0.56    1.36
-286516.794   -65.379     0.12    1.38
-286143.017   -65.288     0.24    1.20
-285769.222   -64.844     1.19    1.53
-285395.410   -64.310     1.43    1.59
-285021.580   -63.890     1.13    1.53
-284647.732   -63.495     1.06    1.52
-284273.867   -63.492     0.01    1.50
-283899.984   -63.458     0.09    1.57
-283526.083   -63.697    -0.64    1.75
-283152.165   -64.402    -1.89    1.90
-282778.229   -64.515    -0.30    2.00
-282404.275   -64.845    -0.88    2.01
-282030.303   -64.844     0.00    2.03
-281656.314   -64.629     0.58    1.79
-281282.307   -64.694    -0.18    1.73
-280908.283   -65.197    -1.34    1.35
-280534.240   -65.402    -0.55    1.37
-280160.180   -65.765    -0.97    1.32
-279786.102   -65.779    -0.04    1.21
-279412.007   -65.774     0.01    1.33
-279037.894   -65.788    -0.04    1.39
-278663.763   -65.479     0.83    1.71
-278289.614   -65.947    -1.25    1.92
-277915.448   -65.914     0.09    2.10
-277541.263   -65.583     0.88    2.43
-277167.061   -65.515     0.18    2.40
-276792.842   -64.452     2.84    1.71
-276418.604   -64.197     0.68    2.21
-276044.349   -63.729     1.25    2.36
-275670.076   -63.515     0.57    2.64
-275295.785   -63.030     1.30    2.69
-274921.476   -63.015     0.04    2.07
-274547.150   -62.333     1.82    1.63
-274172.805   -62.232     0.27    1.35
-273798.443   -62.265    -0.09    1.33
-273424.064   -62.129     0.36    1.19
-273049.666   -62.060     0.18    1.22
-272675.251   -62.076    -0.04    1.19
-272300.817   -62.197    -0.32    1.08
-271926.366   -62.106     0.24    1.19
-271551.897   -62.159    -0.14    1.13
-271177.411   -62.015     0.38    1.22
-270802.906   -61.574     1.18    1.29
-270428.384   -61.268     0.82    1.34
-270053.843   -60.970     0.80    1.47
-269679.285   -60.611     0.96    1.52
-269304.709   -60.845    -0.62    1.41
-268930.115   -60.988    -0.38    1.22
-268555.504   -60.879     0.29    0.98
-268180.874   -60.745     0.36    0.97
-267806.227   -60.583     0.43    0.98
-267431.562   -60.606    -0.06    1.01
-267056.878   -60.728    -0.32    1.11
-266682.177   -60.697     0.08    1.31
-266307.458   -60.629     0.18    1.48
-265932.722   -60.470     0.42    1.63
-265557.967   -60.404     0.18    1.64
-265183.194   -60.174     0.61    1.69
-264808.404   -60.310    -0.36    1.53
-264433.595   -60.472    -0.43    1.56
-264058.769   -60.810    -0.90    1.34
-263683.925   -61.129    -0.85    1.15
-263309.063   -61.038     0.24    1.12
-262934.182   -60.926     0.30    1.06
-262559.284   -60.712     0.57    1.15
-262184.368   -60.288     1.13    1.34
-261809.434   -59.736     1.47    1.38
-261434.483   -58.970     2.04    1.44
-261059.513   -58.304     1.78    1.29
-260684.525   -57.970     0.89    1.13
-260309.519   -57.634     0.89    1.18
-259934.496   -57.310     0.86    1.53
-259559.454   -57.401    -0.24    1.36
-259184.394   -57.450    -0.13    1.30
-258809.317   -57.333     0.31    1.51
-258434.221   -57.476    -0.38    1.20
-258059.107   -57.083     1.05    1.25
-257683.976   -56.611     1.26    1.38
-257308.826   -56.651    -0.11    1.37
-256933.659   -56.797    -0.39    1.35
-256558.473   -57.062    -0.70    1.19
-256183.270   -57.106    -0.12    1.23
-255808.048   -57.184    -0.21    1.31
-255432.808   -57.069     0.30    1.30
-255057.551   -57.151    -0.22    1.41
-254682.275   -57.060     0.24    1.44
-254306.981   -56.857     0.54    1.47
-253931.670   -56.818     0.10    1.55
-253556.340   -56.934    -0.31    1.49
-253180.992   -57.129    -0.52    1.50
-252805.626   -57.426    -0.79    1.46
-252430.242   -58.220    -2.11    1.26
-252054.840   -58.583    -0.97    1.17
-251679.420   -58.227     0.95    2.03
-251303.982   -58.164     0.17    2.01
-250928.526   -57.924     0.64    1.93
-250553.052   -58.015    -0.24    1.26
-250177.560   -58.310    -0.79    0.90
-249802.049   -58.174     0.36    0.85
-249426.521   -58.053     0.32    0.94
-249050.974   -57.879     0.46    0.98
-248675.410   -57.704     0.46    1.04
-248299.827   -57.512     0.51    1.08
-247924.226   -57.448     0.17    1.03
-247548.607   -57.270     0.48    1.32
-247172.970   -57.151     0.32    1.26
-246797.315   -57.100     0.14    1.14
-246421.641   -57.015     0.23    1.14
-246045.950   -57.495    -1.28    1.43
-245670.240   -58.151    -1.75    1.68
-245294.512   -58.992    -2.24    1.67
-244918.766   -59.912    -2.45    1.56
-244543.002   -60.742    -2.21    1.10
-244167.220   -61.045    -0.81    0.95
-243791.420   -61.015     0.08    0.87
-243415.601   -60.833     0.48    1.07
-243039.765   -60.697     0.36    1.12
-242663.910   -60.765    -0.18    1.15
-242288.037   -60.879    -0.30    1.19
-241912.145   -61.333    -1.21    1.18
-241536.236   -61.606    -0.73    1.14
-241160.308   -61.765    -0.42    1.02
-240784.363   -61.712     0.14    0.98
-240408.399   -61.728    -0.04    1.09
-240032.416   -61.810    -0.22    0.97
-239656.416   -61.879    -0.18    1.02
-239280.397   -62.060    -0.48    0.98
-238904.361   -61.810     0.66    0.87
-238528.306   -61.810     0.00    0.97
-238152.232   -61.801     0.03    1.06
-237776.141   -61.736     0.17    1.01
-237400.031   -61.629     0.28    0.92
-237023.903   -61.690    -0.16    0.79
-236647.757   -61.515     0.46    0.90
-236271.593   -61.242     0.72    1.03
-235895.410   -61.236     0.02    0.93
-235519.209   -60.890     0.92    0.94
-235142.990   -60.720     0.45    0.85
-234766.752   -60.601     0.32    0.85
-234390.496   -60.401     0.53    0.79
-234014.222   -60.379     0.06    0.80
-233637.930   -60.538    -0.42    0.86
-233261.619   -60.379     0.42    0.88
-232885.291   -60.090     0.77    0.94
-232508.943   -59.774     0.84    1.00
-232132.578   -59.629     0.39    1.14
-231756.194   -59.424     0.54    1.10
-231379.792   -59.279     0.39    1.06
-231003.372   -59.379    -0.27    1.18
-230626.933   -59.379     0.00    1.13
-230250.476   -59.356     0.06    1.25
-229874.000   -59.076     0.74    1.34
-229497.507   -58.924     0.40    1.32
-229120.995   -58.720     0.54    1.14
-228744.464   -58.686     0.09    0.92
-228367.916   -58.401     0.76    0.85
-227991.349   -58.236     0.44    1.03
-227614.763   -57.779     1.21    1.30
-227238.159   -57.445     0.88    1.39
-226861.537   -57.123     0.86    1.33
-226484.897   -56.697     1.13    1.31
-226108.238   -56.379     0.84    1.40
-225731.561   -56.174     0.54    1.32
-225354.865   -55.970     0.54    1.23
-224978.151   -55.901     0.18    1.49
-224601.419   -55.742     0.42    1.50
-224224.668   -55.647     0.25    1.38
-223847.898   -55.924    -0.74    1.25
-223471.111   -56.062    -0.36    0.99
-223094.305   -56.069    -0.02    1.32
-222717.480   -56.151    -0.22    1.18
-222340.638   -55.788     0.96    1.28
-221963.776   -56.009    -0.59    1.76
-221586.897   -56.855    -2.24    2.16
-221209.998   -57.868    -2.69    2.39
-220833.082   -59.216    -3.58    2.45
-220456.147   -59.987    -2.05    1.82
-220079.193   -60.083    -0.25    1.79
-219702.222   -59.688     1.05    1.75
-219325.231   -59.553     0.36    1.55
-218948.222   -59.286     0.71    1.06
-218571.195   -59.445    -0.42    1.07
-218194.149   -59.470    -0.06    1.07
-217817.085   -59.531    -0.16    1.41
-217440.002   -59.538    -0.02    1.43
-217062.901   -59.779    -0.64    1.21
-216687.886   -59.651     0.34    1.13
-216314.416   -59.538     0.30    1.49
-215940.929   -59.038     1.34    1.72
-215567.423   -58.015     2.74    1.86
-215193.899   -56.947     2.86    2.02
-214820.357   -56.742     0.55    1.97
-214446.796   -57.468    -1.94    2.53
-214073.218   -58.333    -2.32    2.57
-213699.621   -59.734    -3.75    1.82
-213326.007   -60.060    -0.87    1.22
-212952.374   -60.134    -0.20    1.25
-212578.723   -60.333    -0.53    1.14
-212205.054   -60.423    -0.24    1.09
-211831.367   -60.268     0.42    1.11
-211457.661   -59.856     1.10    1.21
-211083.937   -59.606     0.67    1.24
-210710.196   -59.333     0.73    1.14
-210336.436   -59.245     0.24    1.22
-209962.657   -59.288    -0.11    1.18
-209588.861   -59.090     0.53    1.46
-209215.046   -59.140    -0.13    1.45
-208841.214   -59.334    -0.52    1.36
-208467.363   -59.333     0.00    1.38
-208093.493   -59.565    -0.62    1.30
-207719.606   -59.515     0.13    1.09
-207345.700   -59.332     0.49    1.09
-206971.776   -59.060     0.73    1.03
-206597.834   -58.705     0.95    1.03
-206223.874   -58.606     0.26    1.10
-205849.895   -58.697    -0.24    1.23
-205475.899   -58.821    -0.33    1.24
-205101.883   -58.788     0.09    1.30
-204727.850   -58.634     0.41    1.29
-204353.799   -58.879    -0.65    1.15
-203979.729   -58.922    -0.12    1.03
-203605.641   -58.924    -0.01    0.98
-203231.534   -58.879     0.12    1.05
-202857.410   -58.797     0.22    1.33
-202483.267   -58.970    -0.46    1.42
-202109.105   -59.093    -0.33    1.50
-201734.926   -59.560    -1.25    1.43
-201360.728   -59.922    -0.97    1.38
-200986.512   -59.992    -0.19    1.40
-200612.278   -60.106    -0.30    1.65
-200238.025   -59.797     0.82    1.82
-199863.754   -58.979     2.19    2.31
-199489.465   -58.450     1.41    2.34
-199115.157   -57.447     2.68    1.70
-198740.831   -57.183     0.70    1.31
-198366.487   -56.970     0.57    1.30
-197992.124   -56.490     1.28    1.21
-197617.743   -56.286     0.55    1.17
-197243.344   -55.823     1.24    1.16
-196868.926   -55.569     0.68    1.19
-196494.490   -55.424     0.39    1.48
-196120.036   -55.045     1.01    1.60
-195745.563   -55.445    -1.07    1.68
-195371.072   -55.833    -1.04    1.52
-194996.563   -56.169    -0.90    1.58
-194622.035   -56.445    -0.74    1.32
-194247.489   -56.498    -0.14    1.13
-193872.924   -56.560    -0.17    1.17
-193498.341   -56.788    -0.61    1.04
-193123.740   -56.788     0.00    0.95
-192749.120   -56.856    -0.18    0.85
-192374.482   -56.855     0.00    0.99
-191999.825   -56.606     0.66    1.16
-191625.150   -56.379     0.61    1.16
-191250.457   -56.290     0.24    1.26
-190875.745   -56.151     0.37    1.22
-190501.015   -56.332    -0.48    1.15
-190126.266   -56.288     0.12    1.05
-189751.499   -56.135     0.41    1.14
-189376.713   -56.083     0.14    1.23
-189001.909   -56.093    -0.03    1.25
-188627.087   -55.912     0.48    1.25
-188252.246   -55.833     0.21    1.39
-187877.387   -55.947    -0.30    1.35
-187502.509   -55.720     0.61    1.35
-187127.612   -55.891    -0.46    1.19
-186752.698   -55.901    -0.03    1.11
-186377.764   -55.950    -0.13    1.09
-186002.813   -55.912     0.10    1.06
-185627.842   -55.868     0.12    1.18
-185252.854   -55.821     0.13    1.26
-184877.847   -55.742     0.21    1.30
-184502.821   -55.481     0.70    1.47
-184127.777   -55.220     0.70    1.40
-183752.714   -55.332    -0.30    1.54
-183377.633   -55.356    -0.06    1.50
-183002.533   -55.668    -0.83    1.49
-182627.415   -55.541     0.34    1.29
-182252.278   -55.470     0.19    1.27
-181877.123   -55.529    -0.16    1.42
-181501.949   -55.742    -0.57    1.63
-181126.756   -55.541     0.54    1.63
-180751.545   -55.823    -0.75    1.70
-180376.316   -55.934    -0.30    1.36
-180001.068   -55.950    -0.04    1.27
-179625.801   -55.901     0.13    1.13
-179250.516   -54.403     3.99    3.31
-178875.212   -52.765     4.36    4.54
-178499.890   -51.333     3.81    6.59
-178124.549   -48.515     7.51    6.71
-177749.190   -47.401     2.97    6.13
-177373.812   -45.988     3.76    3.64
-176998.415   -45.560     1.14    2.97
-176623.000   -45.549     0.03    3.02
-176247.566   -45.242     0.82    2.68
-175872.113   -44.947     0.79    2.27
-175496.642   -44.992    -0.12    2.27
-175121.153   -44.683     0.82    2.57
-174745.644   -44.688    -0.01    2.56
-174370.117   -44.201     1.30    2.32
-173994.572   -43.797     1.07    2.36
-173619.007   -43.634     0.43    2.71
-173243.425   -43.423     0.56    2.80
-172867.823   -42.934     1.30    2.46
-172492.203   -42.734     0.53    2.24
-172116.564   -43.309    -1.53    2.02
-171740.907   -42.947     0.96    1.95
-171365.231   -42.515     1.15    2.27
-170989.536   -42.470     0.12    2.31
-170613.822   -42.045     1.13    2.16
-170238.090   -42.333    -0.77    2.19
-169862.340   -42.401    -0.18    2.19
-169486.570   -42.288     0.30    1.84
-169110.782   -42.468    -0.48    1.72
-168734.975   -42.129     0.90    1.78
-168359.149   -42.356    -0.60    1.70
-167983.305   -42.424    -0.18    1.54
-167607.442   -42.651    -0.60    1.50
-167231.560   -42.538     0.30    1.79
-166855.660   -42.129     1.09    2.01
-166479.741   -41.924     0.54    2.04
-166103.803   -41.779     0.39    1.96
-165727.846   -41.697     0.22    1.78
-165351.871   -41.538     0.42    1.89
-164975.877   -41.444     0.25    1.81
-164599.864   -41.401     0.11    1.98
-164223.832   -41.220     0.48    1.92
-163847.782   -41.751    -1.41    1.90
-163471.713   -41.756    -0.02    1.83
-163095.625   -41.688     0.18    1.66
-162719.519   -41.468     0.59    2.03
-162343.393   -40.956     1.36    1.98
-161967.249   -40.690     0.71    2.01
-161591.086   -40.674     0.04    1.65
-161214.904   -40.188     1.29    2.10
-160838.704   -39.765     1.12    1.96
-160462.484   -39.569     0.52    2.07
-160086.246   -39.651    -0.22    2.00
-159709.989   -39.674    -0.06    1.95
-159333.713   -39.970    -0.79    1.98
-158957.419   -40.288    -0.85    1.99
-158581.105   -40.104     0.49    2.01
-158204.773   -39.856     0.66    2.06
-157828.422   -39.379     1.27    2.08
-157452.052   -39.001     1.00    1.81
-157075.663   -39.023    -0.06    1.80
-156699.256   -38.736     0.76    1.64
-156322.829   -38.538     0.53    1.64
-155946.384   -38.452     0.23    1.66
-155569.920   -38.220     0.62    1.98
-155193.436   -37.674     1.45    2.13
-154816.935   -37.447     0.60    1.99
-154440.414   -37.268     0.48    1.89
-154063.874   -37.254     0.04    1.84
-153687.315   -37.265    -0.03    1.81
-153310.738   -36.720     1.45    1.96
-152934.142   -36.492     0.60    2.00
-152557.526   -36.197     0.78    2.12
-152180.892   -35.901     0.78    2.01
-151804.239   -36.074    -0.46    2.11
-151427.567   -36.159    -0.23    2.26
-151050.876   -36.001     0.42    2.01
-150674.167   -36.151    -0.40    2.31
-150297.438   -35.857     0.78    2.28
-149920.690   -35.901    -0.12    2.50
-149543.924   -36.262    -0.96    2.29
-149167.138   -36.183     0.21    2.24
-148790.333   -36.100     0.22    2.21
-148413.510   -36.156    -0.15    1.95
-148036.668   -35.623     1.42    1.85
-147659.806   -35.248     0.99    1.72
-147282.926   -35.356    -0.29    1.89
-146906.027   -35.174     0.48    1.86
-146529.108   -35.023     0.40    1.84
-146152.171   -34.779     0.65    2.00
-145775.215   -34.879    -0.27    1.90
-145398.240   -34.490     1.03    1.79
-145021.245   -34.401     0.23    1.59
-144644.232   -34.556    -0.41    1.64
-144267.200   -34.813    -0.68    1.54
-143890.149   -34.947    -0.35    1.52
-143513.078   -34.901     0.12    1.66
-143135.989   -34.807     0.25    1.82
-142758.881   -34.944    -0.36    1.73
-142381.754   -35.038    -0.25    1.51
-142004.607   -35.106    -0.18    1.30
-141629.968   -34.807     0.80    1.45
-141256.562   -34.583     0.60    1.82
-140883.138   -34.556     0.07    1.86
-140509.695   -34.593    -0.10    2.04
-140136.233   -34.183     1.10    2.04
-139762.753   -33.983     0.53    2.04
-139389.254   -34.068    -0.23    1.89
-139015.737   -34.060     0.02    1.86
-138642.200   -34.023     0.10    2.13
-138268.645   -33.901     0.33    2.27
-137895.072   -34.426    -1.40    2.20
-137521.479   -34.534    -0.29    2.16
-137147.868   -34.283     0.67    2.05
-136774.238   -34.151     0.35    1.89
-136400.590   -33.833     0.85    1.95
-136026.923   -33.833     0.00    1.98
-135653.237   -33.515     0.85    1.69
-135279.532   -33.549    -0.09    1.61
-134905.809   -33.629    -0.21    1.48
-134532.067   -33.212     1.11    1.53
-134158.306   -32.712     1.34    1.52
-133784.527   -32.242     1.26    1.56
-133410.729   -31.924     0.85    1.61
-133036.912   -31.901     0.06    1.65
-132663.076   -31.476     1.14    1.56
-132289.222   -31.265     0.56    1.62
-131915.348   -31.164     0.27    1.62
-131541.457   -30.470     1.86    1.74
-131167.546   -30.424     0.12    2.07
-130793.616   -29.901     1.40    1.80
-130419.668   -29.765     0.36    1.71
-130045.701   -29.696     0.19    1.52
-129671.715   -29.788    -0.25    1.63
-129297.711   -29.769     0.05    1.79
-128923.687   -29.756     0.03    1.90
-128549.645   -29.379     1.01    1.84
-128175.584   -29.242     0.36    1.90
-127801.504   -28.379     2.31    2.26
-127427.405   -28.427    -0.13    2.19
-127053.288   -28.333     0.25    2.11
-126679.152   -28.452    -0.32    1.79
-126304.997   -28.356     0.25    1.86
-125930.823   -28.174     0.49    1.95
-125556.630   -27.879     0.79    1.75
-125182.418   -27.490     1.04    1.37
-124808.188   -27.569    -0.21    1.29
-124433.939   -27.401     0.45    1.53
-124059.670   -27.427    -0.07    1.70
-123685.383   -27.515    -0.23    1.73
-123311.077   -27.174     0.91    1.56
-122936.753   -27.151     0.06    1.40
-122562.409   -26.970     0.49    1.63
-122188.047   -26.855     0.31    1.55
-121813.665   -26.629     0.60    1.63
-121439.265   -26.062     1.51    2.13
-121064.846   -26.038     0.06    1.83
-120690.408   -26.023     0.04    1.86
-120315.951   -25.674     0.93    1.94
-119941.475   -25.574     0.27    1.89
-119566.980   -25.164     1.09    2.03
-119192.466   -25.223    -0.16    1.93
-118817.934   -25.164     0.16    1.99
-118443.382   -24.788     1.01    1.80
-118068.812   -25.068    -0.75    1.84
-117694.222   -25.268    -0.53    1.92
-117319.614   -25.068     0.53    1.84
-116944.987   -25.236    -0.45    1.72
-116570.340   -25.223     0.03    1.46
-116195.675   -24.937     0.76    1.55
-115820.991   -24.734     0.54    1.58
-115446.288   -24.645     0.24    1.68
-115071.566   -24.509     0.36    1.83
-114696.825   -24.401     0.29    1.86
-114322.065   -24.492    -0.24    1.73
-113947.286   -24.487     0.01    1.61
-113572.487   -24.448     0.10    1.62
-113197.670   -24.490    -0.11    1.60
-112822.834   -24.356     0.36    1.57
-112447.979   -24.009     0.93    1.54
-112073.105   -23.979     0.08    1.42
-111698.212   -24.242    -0.70    1.37
-111323.300   -24.468    -0.60    1.43
-110948.369   -24.470    -0.01    1.36
-110573.419   -24.312     0.42    1.45
-110198.450   -23.651     1.76    1.76
-109823.462   -23.492     0.42    1.60
-109448.455   -23.423     0.18    1.66
-109073.428   -22.970     1.21    1.87
-108698.383   -22.601     0.98    1.77
-108323.319   -22.447     0.41    1.62
-107948.235   -22.333     0.30    1.45
-107573.133   -22.668    -0.89    1.67
-107198.011   -22.565     0.27    1.76
-106822.871   -22.156     1.09    1.91
-106447.711   -22.227    -0.19    1.78
-106072.532   -22.090     0.36    1.65
-105697.334   -22.106    -0.04    1.44
-105322.117   -21.704     1.07    1.30
-104946.881   -21.623     0.22    1.52
-104571.626   -21.379     0.65    1.47
-104196.352   -21.205     0.46    1.48
-103821.058   -21.106     0.26    1.47
-103445.746   -20.845     0.69    1.73
-103070.414   -20.538     0.82    1.68
-102695.063   -20.545    -0.02    1.62
-102319.693   -20.220     0.87    1.43
-101944.304   -20.354    -0.36    1.19
-101568.896   -20.001     0.94    1.42
-101193.469   -19.470     1.42    1.67
-100818.022   -19.356     0.30    1.61
-100442.557   -19.242     0.30    1.59
-100067.072   -18.844     1.06    1.67
 -99691.568   -18.970    -0.33    1.70
 -99316.045   -19.141    -0.46    1.68
 -98940.502   -18.788     0.94    1.78
 -98564.941   -18.468     0.85    1.65
 -98189.360   -18.007     1.23    2.08
 -97813.760   -17.779     0.61    2.07
 -97438.141   -17.454     0.87    2.25
 -97062.503   -17.174     0.74    2.30
 -96686.846   -16.831     0.91    1.70
 -96311.169   -16.490     0.91    1.43
 -95935.473   -16.379     0.30    1.51
 -95559.758   -16.076     0.80    1.46
 -95184.023   -15.756     0.85    1.47
 -94808.270   -15.629     0.34    1.45
 -94432.497   -15.401     0.60    1.36
 -94056.705   -15.556    -0.41    1.27
 -93680.894   -15.742    -0.49    1.33
 -93305.063   -15.890    -0.39    1.53
 -92929.213   -16.242    -0.94    1.64
 -92553.344   -16.879    -1.69    1.77
 -92177.456   -16.974    -0.25    1.73
 -91801.548   -17.151    -0.47    1.54
 -91425.622   -17.288    -0.36    1.51
 -91049.675   -17.161     0.34    1.59
 -90673.710   -17.023     0.37    1.65
 -90297.725   -16.901     0.32    1.52
 -89921.721   -16.944    -0.11    1.52
 -89545.698   -16.697     0.66    1.27
 -89169.655   -16.645     0.14    1.34
 -88793.594   -16.583     0.17    1.42
 -88417.512   -16.601    -0.05    1.54
 -88041.412   -16.601     0.00    1.58
 -87665.292   -16.220     1.01    1.72
 -87289.153   -16.223    -0.01    1.86
 -86912.994   -15.947     0.73    1.90
 -86536.816   -15.674     0.72    1.80
 -86160.619   -15.645     0.08    1.54
 -85784.403   -15.332     0.83    1.29
 -85408.167   -15.712    -1.01    1.57
 -85031.912   -15.813    -0.27    1.50
 -84655.637   -16.090    -0.73    1.22
 -84279.343   -15.856     0.62    1.39
 -83903.030   -15.541     0.84    1.31
 -83526.697   -15.401     0.37    1.44
 -83150.345   -15.045     0.94    1.34
 -82773.973   -15.031     0.04    1.29
 -82397.582   -15.174    -0.38    1.30
 -82021.172   -14.668     1.35    1.47
 -81644.742   -14.742    -0.20    1.54
 -81268.293   -14.623     0.32    1.70
 -80891.825   -14.492     0.35    1.75
 -80515.337   -14.593    -0.27    1.68
 -80138.830   -14.445     0.39    1.48
 -79762.303   -14.356     0.24    1.34
 -79385.757   -14.379    -0.06    1.18
 -79009.191   -14.515    -0.36    1.15
 -78632.606   -14.688    -0.46    1.22
 -78256.001   -14.720    -0.08    1.38
 -77879.378   -14.629     0.24    1.40
 -77502.734   -14.174     1.21    1.41
 -77126.071   -14.023     0.40    1.35
 -76749.389   -13.974     0.13    1.36
 -76372.687   -13.924     0.13    1.39
 -75995.966   -13.688     0.63    1.26
 -75619.225   -13.333     0.94    1.43
 -75242.465   -13.223     0.29    1.52
 -74865.685   -13.068     0.41    1.41
 -74488.886   -13.009     0.16    1.27
 -74112.067   -13.426    -1.11    0.99
 -73735.229   -13.268     0.42    1.09
 -73358.371   -13.030     0.63    1.15
 -72981.494   -12.651     1.00    1.35
 -72604.597   -12.312     0.90    1.40
 -72227.681   -12.015     0.79    1.43
 -71850.745   -11.606     1.09    1.34
 -71473.790   -11.401     0.54    1.08
 -71096.815   -11.090     0.83    1.20
 -70719.820   -10.756     0.88    1.32
 -70342.806   -10.401     0.94    1.32
 -69965.773    -9.922     1.27    1.28
 -69588.720    -9.560     0.96    0.97
 -69211.647    -9.579    -0.05    0.94
 -68834.555    -9.333     0.65    1.24
 -68457.443    -9.356    -0.06    1.27
 -68080.312    -9.223     0.35    1.48
 -67703.161    -9.135     0.23    1.43
 -67325.990    -9.096     0.10    1.29
 -66948.800    -9.015     0.21    1.20
 -66574.523    -8.779     0.63    1.25
 -66201.173    -8.448     0.88    1.18
 -65827.805    -8.134     0.84    1.11
 -65454.417    -8.060     0.20    1.12
 -65081.010    -7.879     0.49    1.15
 -64707.583    -8.045    -0.45    1.31
 -64334.138    -8.197    -0.41    1.33
 -63960.673    -8.333    -0.37    1.20
 -63587.189    -8.045     0.77    1.30
 -63213.686    -8.068    -0.06    1.41
 -62840.164    -7.970     0.26    1.47
 -62466.622    -7.954     0.04    1.39
 -62093.061    -8.129    -0.47    1.40
 -61719.481    -8.212    -0.22    1.45
 -61345.882    -7.890     0.86    1.42
 -60972.263    -7.312     1.55    1.48
 -60598.626    -7.015     0.79    1.10
 -60224.969    -6.992     0.06    1.42
 -59851.292    -6.704     0.77    1.44
 -59477.597    -6.788    -0.22    1.56
 -59103.882    -6.760     0.08    1.50
 -58730.148    -6.720     0.11    1.29
 -58356.395    -6.756    -0.10    1.07
 -57982.622    -6.797    -0.11    1.16
 -57608.830    -6.734     0.17    1.21
 -57235.019    -6.940    -0.55    1.27
 -56861.188    -6.629     0.83    1.38
 -56487.338    -6.634    -0.02    1.27
 -56113.469    -6.445     0.51    1.48
 -55739.581    -6.242     0.54    1.39
 -55365.673    -5.720     1.40    1.76
 -54991.746    -5.312     1.09    1.68
 -54617.799    -5.450    -0.37    1.77
 -54243.834    -5.151     0.80    1.95
 -53869.849    -5.257    -0.28    1.95
 -53495.844    -5.106     0.40    1.83
 -53121.820    -5.140    -0.09    1.61
 -52747.777    -5.060     0.21    1.57
 -52373.715    -4.813     0.66    1.61
 -51999.633    -4.332     1.29    1.83
 -51625.532    -3.944     1.04    1.64
 -51251.411    -3.855     0.24    1.60
 -50877.271    -3.801     0.14    1.50
 -50503.112    -3.900    -0.27    1.35
 -50128.933    -4.335    -1.16    1.56
 -49754.735    -4.579    -0.65    1.82
 -49380.517    -4.668    -0.24    1.87
 -49006.280    -4.857    -0.51    1.92
 -48632.024    -4.831     0.07    1.56
 -48257.748    -4.423     1.09    1.41
 -47883.453    -4.288     0.36    1.46
 -47509.139    -4.129     0.43    1.40
 -47134.805    -4.156    -0.07    1.55
 -46760.451    -3.833     0.86    1.59
 -46386.078    -3.292     1.45    1.53
 -46011.686    -2.912     1.01    1.67
 -45637.274    -2.779     0.36    1.57
 -45262.843    -2.912    -0.36    1.65
 -44888.392    -2.856     0.15    1.65
 -44513.922    -2.756     0.27    1.71
 -44139.433    -2.379     1.01    1.95
 -43764.924    -2.223     0.42    1.93
 -43390.395    -1.922     0.80    1.92
 -43015.847    -1.890     0.09    1.78
 -42641.280    -1.579     0.83    1.56
 -42266.693    -1.356     0.59    1.62
 -41892.086    -1.118     0.64    1.39
 -41517.460    -1.470    -0.94    1.74
 -41142.815    -2.227    -2.02    2.18
 -40768.150    -3.313    -2.90    2.38
 -40393.465    -4.313    -2.67    2.16
 -40018.761    -5.268    -2.55    1.84
 -39644.038    -5.565    -0.79    1.64
 -39269.294    -5.379     0.50    1.51
 -38894.532    -5.426    -0.13    1.23
 -38519.750    -4.857     1.52    1.41
 -38144.948    -4.445     1.10    1.39
 -37770.127    -4.074     0.99    1.33
 -37395.286    -3.810     0.70    1.30
 -37020.426    -3.712     0.26    1.20
 -36645.546    -3.924    -0.57    1.37
 -36270.646    -3.623     0.80    1.55
 -35895.727    -3.201     1.12    1.66
 -35520.788    -2.765     1.16    1.53
 -35145.830    -2.538     0.61    1.35
 -34770.852    -2.290     0.66    1.52
 -34395.855    -1.879     1.10    1.69
 -34020.838    -1.174     1.88    1.85
 -33645.801    -0.891     0.76    1.76
 -33270.745    -0.979    -0.23    1.75
 -32895.669    -0.833     0.39    1.58
 -32520.574    -0.868    -0.09    1.55
 -32145.459    -0.538     0.88    1.49
 -31770.324    -0.545    -0.02    1.41
 -31395.170    -0.288     0.69    1.67
 -31019.996    -0.007     0.75    1.69
 -30644.802     0.258     0.70    2.01
 -30269.589     0.803     1.45    1.96
 -29894.356     1.076     0.73    2.01
 -29519.103     0.904    -0.46    1.92
 -29143.831     1.359     1.21    1.59
 -28768.539     1.221    -0.37    1.51
 -28393.228     1.336     0.30    1.70
 -28017.896     1.377     0.11    1.88
 -27642.545     2.110     1.95    2.57
 -27267.175     2.469     0.96    2.57
 -26891.784     2.708     0.64    2.46
 -26516.374     2.940     0.62    2.39
 -26140.945     3.013     0.19    1.99
 -25765.495     2.924    -0.24    1.82
 -25390.026     3.110     0.50    1.82
 -25014.537     2.755    -0.95    2.33
 -24639.029     2.687    -0.18    2.58
 -24263.500     2.199    -1.30    2.38
 -23887.952     2.030    -0.45    2.51
 -23512.384     2.421     1.04    2.05
 -23136.797     2.485     0.17    1.84
 -22761.190     2.688     0.54    2.11
 -22385.563     3.404     1.91    2.30
 -22009.916     3.621     0.58    2.61
 -21634.249     4.034     1.10    2.66
 -21258.563     4.143     0.29    2.54
 -20882.857     4.078    -0.17    2.31
 -20507.131     3.962    -0.31    2.45
 -20131.385     4.110     0.39    2.49
 -19755.620     3.844    -0.71    2.36
 -19379.834     3.574    -0.72    2.44
 -19004.029     4.034     1.23    2.31
 -18628.205     4.421     1.03    2.29
 -18252.360     5.230     2.15    2.43
 -17876.495     5.732     1.34    2.34
 -17500.611     6.296     1.50    2.59
 -17124.707     5.871    -1.13    3.66
 -16748.783     6.158     0.76    3.49
 -16372.839     6.044    -0.30    3.56
 -15996.876     5.644    -1.06    3.65
 -15620.892     5.735     0.24    3.71
 -15244.889     5.955     0.58    3.36
 -14868.866     6.768     2.16    1.81
 -14492.823     5.667    -2.93    3.43
 -14116.760     3.526    -5.69    5.15
 -13740.677     0.440    -8.21    5.20
 -13364.574    -2.583    -8.04    2.45
 -12988.452    -3.379    -2.11    0.00
 -12612.309    -3.379     0.00    0.00
 -12236.147    -3.379     0.00    0.00
 -11859.965    -3.379     0.00    0.00
 -11483.763    -3.379     0.00    0.00
 -11107.541    -3.379     0.00    0.00
 -10731.299    -3.379     0.00    0.00
 -10355.037    -3.379     0.00    0.00
  -9978.755    -3.379     0.00    0.00
  -9602.454    -3.379     0.00    0.00
  -9226.132    -3.379     0.00    0.00
  -8849.790    -3.265     0.30    0.54
  -8473.429    -2.833     1.15    1.21
  -8097.048    -2.161     1.79    1.53
  -7720.646    -1.629     1.41    1.48
  -7344.225    -1.205     1.13    1.39
  -6967.784    -0.934     0.72    1.24
  -6591.322    -0.868     0.18    1.06
  -6214.841    -0.890    -0.06    0.84
  -5838.340    -1.106    -0.57    0.82
  -5461.819    -1.096     0.03    0.89
  -5085.277    -0.856     0.64    1.02
  -4708.716    -0.813     0.11    1.03
  -4332.135    -0.661     0.40    1.03
  -3955.534    -0.712    -0.13    1.22
  -3578.913    -0.601     0.30    1.13
  -3202.272    -0.427     0.46    1.09
  -2825.610    -0.466    -0.10    0.96
  -2448.929    -0.310     0.41    1.07
  -2072.228    -0.174     0.36    1.36
  -1695.507    -0.023     0.40    1.33
  -1318.765    -0.053    -0.08    1.39
   -942.004    -0.151    -0.26    1.52
   -565.222    -0.204    -0.14    1.39
   -188.421    -0.290    -0.23    1.28
    188.401    -0.288     0.01    1.14
    565.242    -0.106     0.48    1.11
    942.104    -0.023     0.22    0.96
   1318.986    -0.013     0.03    0.97
   1695.887     0.030     0.11    1.19
   2072.809     0.110     0.21    1.26
   2449.751     0.417     0.81    1.47
   2826.713     0.447     0.08    1.58
   3203.696     0.377    -0.19    1.38
   3580.698     0.447     0.19    1.12
   3957.720     0.502     0.15    1.09
   4334.763     0.621     0.32    1.14
   4711.825     0.758     0.36    1.19
   5088.908     0.894     0.36    1.15
   5466.011     0.839    -0.15    1.07
   5843.134     1.053     0.57    0.87
   6220.277     1.187     0.35    0.98
   6597.441     1.199     0.03    1.01
   6974.624     1.244     0.12    1.09
   7351.828     1.110    -0.35    1.12
   7729.051     0.894    -0.57    1.26
   8106.295     0.839    -0.15    1.03
   8480.203     0.894     0.15    1.06
   8853.487     1.034     0.38    1.09
   9226.790     1.404     0.99    1.11
   9600.114     1.600     0.52    1.20
   9973.457     1.758     0.42    1.05
  10346.819     1.598    -0.43    0.92
  10720.202     1.882     0.76    1.12
  11093.604     2.002     0.32    1.10
  11467.026     1.578    -1.14    1.59
  11840.467     1.355    -0.60    1.80
  12213.929     1.295    -0.16    1.96
  12587.410     0.888    -1.09    2.04
  12960.911     0.575    -0.84    2.00
  13334.432     0.021    -1.48    1.81
  13707.973    -0.208    -0.61    1.45
  14081.533     0.177     1.03    1.67
  14455.113     0.553     1.01    1.92
  14828.713     1.021     1.25    1.99
  15202.333     1.666     1.72    2.03
  15575.973     2.235     1.52    1.73
  15949.632     2.849     1.64    1.49
  16323.311     3.074     0.60    1.15
  16697.010     3.066    -0.02    1.12
  17070.729     2.947    -0.32    1.13
  17444.468     2.844    -0.28    1.18
  17818.227     3.066     0.59    1.14
  18192.005     3.342     0.74    1.22
  18565.804     3.377     0.09    1.23
  18939.622     3.771     1.06    1.21
  19313.460     3.780     0.02    1.12
  19687.318     3.894     0.30    1.11
  20061.195     4.303     1.09    1.07
  20435.093     4.371     0.18    1.14
  20809.011     4.530     0.43    1.16
  21182.948     4.556     0.07    1.20
  21556.905     4.597     0.11    1.19
  21930.883     4.932     0.90    1.22
  22304.880     5.074     0.38    1.37
  22678.897     5.066    -0.02    1.37
  23052.934     5.143     0.21    1.39
  23426.991     5.143     0.00    1.28
  23801.068     5.100    -0.12    1.30
  24175.164     5.179     0.21    1.44
  24549.281     5.317     0.37    1.40
  24923.418     5.482     0.44    1.10
  25297.574     5.621     0.37    1.38
  25671.751     5.491    -0.35    1.47
  26045.947     5.643     0.41    1.56
  26420.164     6.021     1.01    1.51
  26794.400     6.235     0.57    1.63
  27168.657     6.068    -0.45    1.60
  27542.933     6.266     0.53    1.65
  27917.229     6.510     0.65    1.68
  28291.546     6.621     0.30    1.43
  28665.882     6.735     0.30    1.38
  29040.238     7.013     0.74    1.44
  29414.615     7.690     1.81    2.00
  29789.011     9.021     3.56    2.54
  30163.427    10.447     3.81    2.39
  30537.864    11.752     3.48    1.97
  30912.320    13.155     3.75    2.38
  31286.796    14.110     2.55    2.33
  31661.293    14.795     1.83    2.61
  32035.809    15.303     1.36    2.89
  32410.346    16.345     2.78    3.33
  32784.902    16.991     1.73    3.38
  33159.479    18.056     2.84    3.04
  33534.076    18.826     2.05    2.41
  33908.692    19.985     3.09    3.06
  34283.329    22.510     6.74    3.83
  34657.986    24.978     6.59    3.91
  35032.663    27.860     7.69    4.19
  35407.360    30.621     7.37    3.32
  35782.077    32.821     5.87    3.14
  36156.814    34.532     4.57    3.12
  36531.572    36.366     4.89    3.17
  36906.349    38.440     5.53    3.05
  37281.147    40.169     4.61    3.06
  37655.964    41.688     4.05    2.73
  38030.802    43.552     4.97    2.00
  38405.660    44.888     3.57    2.19
  38780.538    46.199     3.50    1.90
  39155.436    47.407     3.22    2.15
  39530.355    46.355    -2.81    4.49
  39905.293    45.621    -1.96    5.76
  40280.252    45.258    -0.97    5.63
  40655.230    45.534     0.74    5.04
  41030.229    46.440     2.41    4.44
  41405.248    48.817     6.34    4.22
  41780.288    50.917     5.60    4.91
  42155.347    55.230    11.50    5.29
  42530.427    59.193    10.57    5.05
  42905.527    62.177     7.96    4.27
  43280.647    66.110    10.49    4.45
  43655.787    69.252     8.37    4.73
  44030.947    72.773     9.39    5.48
  44406.128    77.508    12.62    5.13
  44781.329    82.078    12.18    5.91
  45156.550    87.530    14.53    6.91
  45531.791    94.021    17.30    7.65
  45907.052   100.955    18.48    8.04
  46282.334   107.235    16.74    8.22
  46657.636   115.426    21.83    9.18
  47032.958   123.962    22.75    9.63
  47408.301   134.755    28.75   12.27
  47783.663   146.404    31.04   14.45
  48159.046   160.013    36.25   16.40
  48534.450   177.288    46.02   19.86
  48909.873   193.296    42.64   20.71
  49285.317   216.469    61.73   26.55
  49660.781   239.553    61.48   31.57
  50036.265   284.621   120.03   58.54
  50411.770   324.600   106.47   64.86
  50787.295   372.013   126.26   66.61
  51162.840   416.355   118.08   59.69
  51538.406   458.226   111.49   67.58
  51913.992   541.326   221.26  125.94
  52289.598   650.693   291.19  164.59
  52665.224   761.904   296.08  147.54
  53040.871   840.258   208.59   80.64
  53416.538   840.371     0.30   66.36
  53792.226   760.644  -212.23  122.64
  54167.934   655.812  -279.04  142.20
  54543.662   551.258  -278.28  121.34
  54919.410   486.435  -172.52   59.89
  55295.179   489.355     7.77   58.17
  55670.968   527.508   101.53   72.10
  56046.778   591.167   169.40   86.58
  56422.608   688.187   258.16  125.09
  56798.458   806.478   314.75  145.53
  57174.329   904.444   260.65  146.89
  57550.220   971.924   179.53   87.74
  57926.132   972.955     2.74   70.07
  58302.064   921.792  -136.10   86.83
  58678.016   870.991  -135.13   77.36
  59053.989   817.371  -142.62   74.51
  59429.982   767.530  -132.57   62.16
  59805.996   737.469   -79.95   46.01
  60182.030   714.553   -60.94   26.42
  60558.084   714.712     0.42   18.52
  60934.159   730.447    41.84   32.84
  61310.254   759.485    77.21   40.78
  61686.370   777.773    48.63   33.66
  62062.506   784.317    17.40   29.95
  62438.663   770.056   -37.91   32.47
  62814.840   750.021   -53.26   27.31
  63191.038   739.389   -28.26   22.78
  63567.256   724.187   -40.41   20.20
  63943.495   715.669   -22.64   20.91
  64319.754   703.260   -32.98   18.56
  64696.033   691.066   -32.41   15.29
  65072.333   679.730   -30.13   17.16
  65448.654   667.488   -32.53   16.07
  65824.995   658.179   -24.74   15.66
  66201.357   647.144   -29.32   16.52
  66577.739   635.740   -30.30   15.23
  66954.141   623.904   -31.45   13.21
  67330.564   612.888   -29.27   12.63
  67707.008   602.530   -27.52    9.83
  68083.472   595.755   -18.00    8.60
  68459.957   588.496   -19.28    8.11
  68836.462   583.121   -14.28    9.13
  69212.988   576.735   -16.96    9.00
  69589.535   573.326    -9.05    8.35
  69966.101   567.643   -15.09    9.96
  70342.689   562.088   -14.75   11.79
  70719.297   555.252   -18.15   12.41
  71095.926   548.574   -17.73    9.89
  71472.575   547.910    -1.76    7.52
  71849.245   552.349    11.78   11.97
  72225.935   558.326    15.87   12.87
  72602.647   564.034    15.15   12.55
  72979.378   574.599    28.04   20.36
  73356.130   565.919   -23.04   36.03
  73732.903   548.469   -46.32   48.54
  74109.697   529.926   -49.22   44.28
  74486.511   523.821   -16.20   39.54
  74863.346   544.826    55.74   48.16
  75240.201   578.295    88.82   38.98
  75617.077   600.690    59.42   16.28
  75993.974   606.904    16.49   12.11
  76370.891   598.752   -21.63   21.27
  76747.829   562.238   -96.88   61.36
  77124.788   504.666  -152.74   82.64
  77501.767   456.026  -129.03   66.51
  77878.768   419.199   -97.69   27.78
  78255.788   412.854   -16.83   14.62
  78632.830   412.799    -0.15   17.28
  79009.892   413.288     1.30   17.11
  79386.975   413.621     0.88   18.21
  79764.078   419.690    16.09   22.29
  80141.202   438.883    50.90   30.64
  80518.347   433.462   -14.37   33.99
  80895.513   415.034   -48.86   40.12
  81272.699   392.235   -60.45   37.75
  81649.906   372.621   -52.00   14.17
  82027.134   370.133    -6.60    9.67
  82404.383   375.882    15.24   15.21
  82781.652   399.459    62.50   43.19
  83158.942   431.910    86.02   58.23
  83532.495   478.013   123.43   63.98
  83905.713   503.252    67.63   49.13
  84278.952   502.866    -1.03   47.00
  84652.212   474.644   -75.61   48.72
  85025.491   444.850   -79.82   23.02
  85398.791   433.132   -31.39   10.74
  85772.111   429.555    -9.58    5.23
  86145.452   431.199     4.41    5.04
  86518.813   434.190     8.01    5.46
  86892.194   435.817     4.36    7.06
  87265.595   436.462     1.73    9.77
  87639.017   441.175    12.62   27.16
  88012.459   439.795    -3.69   32.71
  88385.922   437.491    -6.17   33.30
  88759.405   429.917   -20.28   25.39
  89132.908   425.917   -10.71    7.85
  89506.432   429.143     8.64    6.68
  89879.975   433.530    11.75    6.22
  90253.540   438.165    12.41    6.46
  90627.124   443.444    14.13    7.48
  91000.730   448.860    14.50    7.61
  91374.355   453.643    12.80    6.81
  91748.001   460.047    17.14    7.85
  92121.667   484.599    65.71   48.20
  92495.354   506.669    59.06   56.34
  92869.061   535.839    78.06   56.99
  93242.788   573.841   101.69   59.55
  93616.536   588.579    39.44   61.27
  93990.304   593.826    14.04   63.95
  94364.093   598.030    11.25   63.78
  94737.902   571.310   -71.49   58.60
  95111.732   555.394   -42.58   65.76
  95485.582   513.076  -113.21   73.40
  95859.453   461.026  -139.23   38.35
  96233.343   444.132   -45.19   16.10
  96607.255   450.691    17.54   27.23
  96981.187   478.599    74.64   50.41
  97355.139   526.332   127.66   67.68
  97729.112   545.435    51.09   66.10
  98103.105   518.199   -72.83   86.29
  98477.119   467.946  -134.37   80.19
  98851.153   428.555  -105.33   39.85
  99225.208   414.217   -38.33   12.45
  99599.283   416.066     4.94   12.67
  99973.379   417.447     3.69   11.14
 100347.495   422.817    14.35   15.19
 100721.632   438.904    43.00   27.56
 101095.790   449.002    26.99   24.59
 101469.967   456.991    21.35   23.50
 101844.166   475.714    50.04   34.35
 102218.385   504.599    77.19   66.63
 102592.624   581.273   204.90  121.60
 102966.884   654.230   194.95  125.29
 103341.165   674.578    54.37  106.75
 103715.466   653.167   -57.21  114.03
 104089.788   600.643  -140.33  108.84
 104464.130   544.212  -150.76   36.57
 104838.493   537.955   -16.72   33.01
 105212.876   555.955    48.08   35.56
 105587.280   574.710    50.10   43.03
 105961.705   604.288    79.00   52.74
 106336.150   635.644    83.75   61.18
 106710.616   675.969   107.70   71.44
 107085.102   706.621    81.86   74.29
 107459.609   731.252    65.77   69.06
 107834.137   755.577    64.96   60.09
 108208.685   778.296    60.66   45.94
 108583.254   809.230    82.59   44.24
 108957.844   835.900    71.21   49.05
 109332.454   854.643    50.04   61.29
 109707.085   877.758    61.71   67.23
 110081.736   883.882    16.35   66.76
 110456.408   882.177    -4.55   61.57
 110831.101   872.854   -24.88   60.44
 111205.815   856.621   -43.32   55.07
 111580.549   835.764   -55.66   57.47
 111955.303   818.177   -46.94   48.87
 112330.079   811.985   -16.52   47.43
 112704.875   786.510   -67.98   46.33
 113079.692   751.821   -92.56   61.92
 113454.530   698.359  -142.64   64.40
 113829.388   643.932  -145.21   61.32
 114204.267   597.412  -124.11   42.58
 114579.166   577.576   -52.92   28.48
 114954.087   576.089    -3.97   34.82
 115329.028   601.644    68.16   50.65
 115703.990   627.728    69.57   53.13
 116078.972   641.555    36.88   50.40
 116453.976   641.056    -1.33   50.04
 116829.000   637.203   -10.28   49.89
 117204.045   645.969    23.38   52.99
 117579.110   656.244    27.40   51.77
 117954.196   650.488   -15.35   45.19
 118329.304   639.947   -28.10   30.23
 118704.431   633.508   -17.17   15.88
 119079.580   637.996    11.97   23.78
 119454.750   646.926    23.80   27.39
 119829.940   664.904    47.92   51.34
 120205.151   711.955   125.41   91.67
 120580.383   770.303   155.52  107.18
 120955.635   849.834   211.96  100.82
 121330.909   916.371   177.32   94.35
 121706.203   976.892   161.28   96.41
 122081.518   990.643    36.64   99.83
 122456.854   958.430   -85.83  125.90
 122832.211   863.932  -251.78  115.51
 123207.588   810.871  -141.37   76.20
 123582.987   834.599    63.21   92.70
 123958.406   857.145    60.06   95.74
 124333.846   857.034    -0.30   97.06
 124709.307   817.508  -105.29   98.18
 125084.789   783.332   -91.03   55.54
 125460.292   762.777   -54.75   31.19
 125835.815   774.924    32.35   47.05
 126211.360   786.030    29.58   61.42
 126586.925   819.598    89.39   86.18
 126962.511   833.910    38.11   69.76
 127338.118   826.044   -20.95   62.63
 127713.746   818.008   -21.40   53.94
 128089.395   831.882    36.94   67.64
 128465.065   864.667    87.28   76.28
 128840.756   892.273    73.49   65.65
 129216.468   898.645    16.96   66.56
 129592.200   883.577   -40.11   58.29
 129967.954   876.165   -19.73   46.51
 130343.728   892.034    42.24   56.06
 130719.524   924.817    87.25   72.91
 131095.340   962.758   100.97   76.28
 131471.177   997.455    92.33   80.31
 131847.036  1039.244   111.20  104.10
 132222.915  1039.644     1.06  108.72
 132598.815  1025.644   -37.25  105.25
 132974.736   999.121   -70.56   74.92
 133350.679  1006.225    18.90   79.01
 133726.642  1051.485   120.40  107.10
 134102.626  1148.426   257.86  141.99
 134478.631  1215.056   177.23  126.33
 134854.657  1262.068   125.04  109.50
 135230.705  1330.266   181.38  133.86
 135606.773  1391.621   163.17  154.60
 135982.862  1445.382   142.97  135.96
 136358.972  1495.621   133.59  102.99
 136735.104  1497.121     3.99   83.42
 137111.256  1467.221   -79.50   72.70
 137487.429  1455.599   -30.90   67.40
 137863.624  1441.244   -38.16   67.54
 138239.839  1470.169    76.90  108.77
 138616.076  1519.690   131.64  121.41
 138992.333  1560.121   107.47   91.98
 139368.612  1530.266   -79.35  110.21
 139744.912  1474.579  -148.01  106.99
 140121.233  1429.955  -118.60   82.49
 140497.575  1418.447   -30.58   74.70
 140873.938  1430.955    33.24   73.90
 141250.322  1404.044   -71.51  100.32
 141626.727  1368.888   -93.41  112.08
 142003.153  1311.244  -153.16   68.95
 142379.601  1314.556     8.80   60.30
 142756.069  1362.530   127.45   73.71
 143132.559  1418.642   149.06   77.02
 143509.070  1485.252   176.94   91.97
 143885.602  1564.792   211.27  134.93
 144262.155  1657.577   246.44  138.40
 144638.729  1720.940   168.28  105.94
 145015.324  1718.834    -5.59   99.54
 145391.941  1676.735  -111.80  126.18
 145768.579  1610.536  -175.79  122.52
 146145.238  1577.491   -87.74   87.34
 146521.918  1588.387    28.93   84.88
 146898.619  1673.013   224.68  140.44
 147275.341  1768.394   253.22  149.18
 147652.085  1835.821   179.00  117.18
 148028.850  1851.217    40.87  120.38
 148405.636  1806.444  -118.85  136.98
 148782.443  1724.066  -218.65  119.77
 149159.271  1639.303  -224.97  146.44
 149536.121  1533.266  -281.42  179.15
 149912.992  1429.145  -276.32  174.43
 150289.884  1310.110  -315.88  125.34
 150666.797  1224.983  -225.89   93.53
 151043.732  1175.888  -130.27   69.24
 151420.688  1161.447   -38.31   74.82
 151797.665  1151.665   -25.95   94.35
 152174.663  1123.217   -75.47  109.47
 152551.683  1114.421   -23.33  118.66
 152928.724  1087.926   -70.28  103.02
 153305.786  1048.266  -105.20   92.09
 153682.869  1013.894   -91.16   77.24
 154059.974   987.302   -70.53   61.88
 154437.100   956.599   -81.43   26.36
 154814.247   953.817    -7.38   23.91
 155191.416   950.600    -8.53   26.86
 155568.606   945.273   -14.12   32.19
 155945.817   929.360   -42.19   34.37
 156323.050   912.550   -44.57   31.52
 156700.303   904.187   -22.17   20.55
 157077.579   906.440     5.97   22.38
 157454.875   937.947    83.52   62.99
 157832.193  1000.710   166.36  101.48
 158209.532  1082.712   217.35  122.70
 158582.743  1165.244   221.17  114.71
 158955.895  1224.169   157.94   95.93
 159329.068  1266.235   112.74   94.05
 159702.262  1307.644   110.98  104.59
 160075.476  1349.266   111.54  118.27
 160448.712  1398.100   130.86   98.62
 160821.968  1407.735    25.82   97.32
 161195.246  1372.904   -93.33  113.22
 161568.544  1320.784  -139.64   90.96
 161941.863  1277.621  -115.64   44.73
 162315.203  1275.900    -4.61   48.71
 162688.564  1287.488    31.04   55.06
 163061.945  1273.026   -38.74   65.60
 163435.348  1252.926   -53.84   72.85
 163808.772  1224.513   -76.10   55.06
 164182.216  1207.339   -46.00   28.44
 164555.682  1205.475    -4.99   15.20
 164929.168  1215.190    26.01   15.77
 165302.675  1225.047    26.40   18.19
 165676.204  1243.431    49.22   29.96
 166049.753  1254.470    29.56   33.40
