# NaN NaN NaN ;Mean Elev.(m), Avg Gradient(m/km), RMS Gradient(m/km) - SRTM1     
#   83.420  -0.192   1.160 ;Mean Elev.(m), Avg Gradient(m/km), RMS Gradient(m/km) - ASTER GDEM
#   81.976  -0.243   0.746 ;Mean Elev.(m), Avg Gradient(m/km), RMS Gradient(m/km) - GMTED2010 
  7  70.086108  28.666768    84.460    84.460  2 52468.23507532 43.288
  8  70.085514  28.668644    79.819    79.819  2 52503.23506400 33.573
  9  70.092659  28.666706    83.484    83.484  2 52538.23504878 37.752
 10  70.085842  28.668828    82.609    82.609  2 52573.23508901 29.637
 11  70.088739  28.668248    82.104    82.104  2 52608.23504733 35.827
 12  70.089396  28.669430    81.686    81.686  2 52643.23504273 43.378
 13  70.089962  28.667912    81.689    81.689  2 52678.23502569 36.619
 15  70.076188  28.667113    81.841    81.841  2 52748.23509001 36.067
 16  70.090054  28.667312    83.471    83.471  2 52783.23502982 26.088
 17  70.089365  28.668247    84.548    84.548  2 52818.23510749 36.278
 20  70.084958  28.667789    82.708    82.708  2 52923.23514575 32.529
 22  70.091949  28.667472    82.199    82.199  2 52993.23513786 44.685
 23  70.090043  28.668094    81.989    81.989  2 53028.23510249 34.073
 28  70.087719  28.669546    84.405    84.405  2 53203.23518326 36.956
 29  70.092487  28.667572    83.744    83.744  2 53238.23515214 41.835
 31  70.084867  28.669742    82.677    82.677  2 53308.23517090 38.576
 35  70.092999  28.666470    83.073    83.073  2 53448.23510190 30.767
 36  70.082754  28.667929    83.179    83.179  2 53483.23518706 36.541
 37  70.089485  28.669541    84.236    84.236  2 53518.23518604 28.217
 38  70.081233  28.667319    84.645    84.645  2 53553.23520864 41.025
 39  70.091389  28.668117    84.960    84.960  2 53588.23515819 31.123
 40  70.085749  28.667742    84.032    84.032  2 53623.23512979 44.663
 41  70.088839  28.669844    83.357    83.357  2 53658.23515684 51.166
 42  70.086051  28.669586    83.831    83.831  2 53693.23513830 24.704
 43  70.087911  28.668898    82.452    82.452  2 53728.23506157 43.881
 45  70.089854  28.667863    82.683    82.683  2 53798.23502968 28.619
 47  70.088002  28.667278    87.657    87.657  2 53868.23508946 15.205
 48  70.087143  28.667375    84.052    84.052  2 53903.23512119 34.463
 49  70.078912  28.669143    84.534    84.534  2 53938.23515719 45.628
 50  70.082668  28.666686    84.310    84.310  2 53973.23512018 32.963
 54  70.084005  28.667094    82.470    82.470  2 54113.23506352 43.138
 56  70.085317  28.669606    82.950    82.950  2 54183.23505221 25.030
 57  70.089520  28.669616    83.655    83.655  2 54218.23507782 26.778
 58  70.088238  28.667966    83.715    83.715  2 54253.23510325 26.362
 59  70.090338  28.669869    84.587    84.587  2 54288.23510727 28.990
 60  70.089813  28.667261    84.312    84.312  2 54323.23510502 33.527
 61  70.086923  28.669867    83.803    83.803  2 54358.23506156 31.650
 62  70.089867  28.667729    83.175    83.175  2 54393.23504541 40.741
 63  70.088555  28.668065    82.660    82.660  2 54428.23501230 40.799
 64  70.091259  28.667357    82.227    82.227  2 54463.23502380 35.738
 65  70.089206  28.669903    82.678    82.678  2 54498.23502120 37.334
 66  70.091010  28.667639    82.313    82.313  2 54533.23503748 38.492
 67  70.086199  28.667000    82.307    82.307  2 54568.23502577 37.669
 68  70.089147  28.668202    83.112    83.112  2 54603.23503210 36.340
 69  70.087685  28.669748    84.466    84.466  2 54638.23504304 42.062
 70  70.086867  28.667161    84.580    84.580  2 54673.23504631 33.444
 71  70.088891  28.668904    84.204    84.204  2 54708.23500453 32.574
 72  70.089387  28.667283    83.547    83.547  2 54743.23501225 39.511
 73  70.088862  28.666820    82.705    82.705  2 54778.23498768 49.409
 75  70.087802  28.669271    83.629    83.629  2 54848.23498670 22.751
 76  70.089061  28.669690    83.076    83.076  2 54883.23500879 18.312
 77  70.083741  28.669580    82.956    82.956  2 54918.23498919 26.287
 78  70.088814  28.668450    83.043    83.043  2 54953.23500261 47.222
 79  70.086325  28.666897    83.997    83.997  2 54988.23502749 33.408
 80  70.088945  28.666813    84.078    84.078  2 55023.23501958 34.477
 81  70.088800  28.668524    84.816    84.816  2 55058.23501439 36.002
 82  70.085734  28.669194    83.924    83.924  2 55093.23496947 24.943
 83  70.089507  28.669084    82.854    82.854  2 55128.23495541 34.763
 84  70.087761  28.667623    82.745    82.745  2 55163.23493128 50.685
 85  70.090230  28.669876    81.895    81.895  2 55198.23494625 38.049
 86  70.085816  28.668462    82.027    82.027  2 55233.23493586 26.584
 87  70.089496  28.668321    82.805    82.805  2 55268.23494133 50.710
 88  70.087213  28.667278    82.334    82.334  2 55303.23491508 48.082
 89  70.088654  28.668431    83.415    83.415  2 55338.23491457 28.800
 90  70.088878  28.667585    84.176    84.176  2 55373.23490564 44.419
 92  70.088737  28.668025    85.084    85.084  2 55443.23492345 33.208
 93  70.086867  28.669069    83.658    83.658  2 55478.23486263 26.509
