# NaN NaN NaN ;Mean Elev.(m), Avg Gradient(m/km), RMS Gradient(m/km) - SRTM1     
#  154.205  -0.403   1.141 ;Mean Elev.(m), Avg Gradient(m/km), RMS Gradient(m/km) - ASTER GDEM
#  152.958  -0.361   1.411 ;Mean Elev.(m), Avg Gradient(m/km), RMS Gradient(m/km) - GMTED2010 
  7  70.781834  31.238840   153.354   153.406  3 52468.23457086 42.481
  8  70.780701  31.239091   149.603   149.610  4 52503.23455986 47.477
 10  70.781221  31.239215   152.671   152.654  4 52573.23458487 35.875
 11  70.783469  31.237013   152.646   152.644  3 52608.23454352 40.496
 12  70.784028  31.236525   150.635   150.635  2 52643.23453923 39.549
 13  70.784196  31.235059   152.339   152.339  2 52678.23452220 40.803
 15  70.774454  31.249058   152.023   152.066  3 52748.23458362 28.196
 16  70.785779  31.237689   153.486   153.486  2 52783.23452568 41.631
 17  70.784150  31.235328   153.478   153.478  2 52818.23460400 47.041
 18  70.786212  31.235988   153.687   153.687  2 52853.23465352 38.511
 20  70.780454  31.239885   152.735   152.668  3 52923.23464129 39.184
 23  70.784174  31.235244   152.201   152.201  2 53028.23459900 45.211
 25  70.776672  31.243504   151.571   151.571  2 53098.23462306 28.776
 28  70.782632  31.238287   153.716   153.744  3 53203.23467945 49.822
 30  70.789822  31.233262   153.086   153.086  2 53273.23460857 48.813
 31  70.780334  31.240113   152.468   152.455  4 53308.23466677 36.764
 34  70.787265  31.235339   152.820   152.820  2 53413.23461026 49.879
 36  70.779161  31.241650   152.807   152.807  2 53483.23468228 40.141
 37  70.783872  31.236714   153.540   153.540  2 53518.23468254 38.877
 38  70.778315  31.244281   154.157   154.157  2 53553.23470322 48.141
 39  70.785627  31.235273   154.043   154.043  2 53588.23465470 29.288
 40  70.781933  31.239743   153.602   153.637  3 53623.23462533 40.508
 41  70.783473  31.236913   152.889   152.889  2 53658.23465335 49.422
 42  70.780783  31.238360   152.858   152.864  3 53693.23463449 42.143
 43  70.782400  31.237713   152.387   152.410  3 53728.23455776 46.623
 45  70.784466  31.236668   152.755   152.746  3 53798.23452587 43.353
 47  70.783489  31.237697   158.350   158.350  2 53868.23458532 33.553
 48  70.782954  31.239470   153.611   153.627  3 53903.23461673 40.422
 49  70.776107  31.246140   153.514   153.514  2 53938.23465176 28.017
 50  70.779574  31.243696   154.251   154.251  2 53973.23461475 49.087
 54  70.779366  31.239264   151.681   151.669  3 54113.23455905 38.790
 56  70.780281  31.240051   153.486   153.484  4 54183.23454807 39.968
 57  70.784141  31.236785   152.986   152.986  2 54218.23457433 45.652
 58  70.783152  31.236759   153.104   153.152  3 54253.23459943 36.209
 59  70.784705  31.236959   153.225   153.225  2 54288.23460378 43.104
 60  70.785108  31.237682   153.437   153.437  2 54323.23460089 35.015
 61  70.781449  31.238713   153.488   153.513  3 54358.23455775 47.701
 62  70.784775  31.236481   152.504   152.506  3 54393.23454159 48.468
 63  70.783258  31.236866   152.455   152.436  3 54428.23450848 47.501
 65  70.783494  31.237021   151.775   151.775  2 54498.23451771 41.594
 67  70.781644  31.239158   152.716   152.781  3 54568.23452131 45.810
 68  70.784086  31.236963   153.303   153.306  3 54603.23452829 54.147
 69  70.782515  31.238496   153.714   153.685  3 54638.23453923 38.442
 70  70.782577  31.239260   153.743   153.619  3 54673.23454185 30.697
 71  70.783538  31.237729   153.278   153.284  3 54708.23450072 46.683
 72  70.784774  31.237617   153.114   153.114  2 54743.23450811 48.527
 73  70.784046  31.237224   152.247   152.247  2 54778.23448354 47.042
 75  70.782502  31.238036   151.572   151.531  3 54848.23448289 46.226
 76  70.783579  31.236731   152.444   152.444  2 54883.23450530 43.442
 77  70.779645  31.243386   152.342   152.342  2 54918.23448441 36.467
 78  70.783796  31.237268   152.991   152.985  3 54953.23449880 51.189
 79  70.782136  31.238916   153.458   153.455  3 54988.23452303 35.519
 80  70.784154  31.237242   153.416   153.416  2 55023.23451545 42.325
 81  70.783608  31.237347   153.967   153.968  3 55058.23451058 44.601
 82  70.780731  31.239625   153.388   153.395  4 55093.23446534 45.632
 83  70.783966  31.236154   152.580   152.580  2 55128.23445192 46.167
 84  70.782956  31.238076   152.549   152.549  2 55163.23442714 49.772
 85  70.784815  31.236955   151.968   151.968  2 55198.23444275 47.646
 86  70.780876  31.238848   152.703   152.718  4 55233.23443173 43.154
 87  70.783958  31.235469   152.821   152.821  2 55268.23443784 48.327
 88  70.782661  31.239462   152.989   152.951  3 55303.23441063 42.936
 89  70.783486  31.237182   153.762   153.729  3 55338.23441075 48.683
 90  70.784109  31.237992   154.014   154.014  2 55373.23440151 39.849
 91  70.786345  31.236908   154.271   154.271  2 55408.23442204 30.674
 92  70.783519  31.236811   153.876   153.869  3 55443.23441964 40.202
 93  70.781342  31.237856   153.080   153.134  3 55478.23435882 45.105
