-131135.705   509.979     0.00   91.72
-130759.116   485.076   -66.14   89.99
-130382.547   440.588  -118.16   65.86
-130005.999   428.378   -32.43   64.23
-129629.471   407.410   -55.69   62.60
-129252.963   379.984   -72.85   63.03
-128876.476   351.528   -75.59   68.74
-128500.009   301.376  -133.23   62.69
-128123.562   264.228   -98.69   47.00
-127747.136   236.441   -73.83   39.24
-127370.731   215.521   -55.58   24.45
-126994.346   201.264   -37.88   17.61
-126617.981   189.419   -31.48   17.13
-126241.636   177.128   -32.66   14.84
-125865.312   166.566   -28.07   13.79
-125489.008   158.115   -22.46   11.32
-125112.725   150.941   -19.07   10.26
-124736.462   144.343   -17.54    8.97
-124360.219   139.423   -13.08    8.13
-123983.997   134.006   -14.40    7.42
-123607.795   128.514   -14.60    6.86
-123231.613   123.506   -13.31    6.71
-122855.451   118.571   -13.12    5.65
-122479.310   114.789   -10.06    5.09
-122103.190   110.632   -11.05    4.79
-121727.089   108.228    -6.39    4.57
-121351.009   105.832    -6.37    4.04
-120974.949   104.856    -2.60    3.91
-120598.910   106.677     4.84    4.08
-120222.890   108.343     4.43    3.79
-119846.891   109.787     3.84    3.13
-119470.913   110.010     0.59    2.90
-119094.954   109.189    -2.18    3.33
-118719.016   108.582    -1.62    3.24
-118343.098   107.321    -3.36    3.22
-117967.200   106.521    -2.13    3.34
-117591.323   105.477    -2.78    3.25
-117215.466   104.082    -3.71    3.07
-116839.629   101.615    -6.57    3.18
-116463.812    99.686    -5.13    3.40
-116088.016    97.743    -5.17    3.73
-115712.240    95.499    -5.97    3.78
-115336.484    94.299    -3.19    3.49
-114960.748    93.963    -0.89    3.07
-114585.032    94.071     0.29    2.62
-114209.337    93.593    -1.27    2.64
-113833.662    92.696    -2.39    2.86
-113458.007    90.766    -5.14    2.86
-113082.372    88.788    -5.27    3.01
-112706.757    86.605    -5.81    2.91
-112331.163    84.202    -6.40    3.74
-111955.589    81.309    -7.70    3.88
-111580.035    78.988    -6.18    3.88
-111204.501    76.897    -5.57    3.43
-110828.987    75.299    -4.26    3.73
-110453.493    75.454     0.41    3.27
-110078.020    76.514     2.82    4.56
-109702.567    79.680     8.43    5.35
-109327.134    82.332     7.07    5.07
-108951.720    84.577     5.98    5.14
-108576.328    85.593     2.71    4.71
-108200.955    86.513     2.45    4.16
-107825.602    86.650     0.37    3.74
-107450.270    86.427    -0.59    3.37
-107074.957    85.166    -3.36    3.52
-106699.665    83.808    -3.62    3.24
-106324.393    84.109     0.80    4.05
-105949.140    84.491     1.02    4.31
-105573.908    85.332     2.24    4.29
-105198.696    84.766    -1.51    4.20
-104823.504    84.088    -1.81    3.71
-104448.333    84.650     1.50    3.41
-104073.181    86.046     3.72    3.45
-103698.049    88.588     6.77    3.72
-103322.937    91.188     6.93    4.74
-102947.846    94.566     9.01    5.21
-102572.774    97.743     8.47    4.81
-102197.723   100.356     6.97    4.98
-101822.691   101.514     3.09    4.94
-101447.680   102.739     3.27    5.54
-101072.688   103.210     1.26    5.27
-100697.717   102.506    -1.88    5.34
-100322.766   102.537     0.08    5.41
 -99947.834   102.528    -0.02    5.34
 -99572.923   103.308     2.08    6.09
 -99198.031   103.137    -0.46    6.32
 -98823.160   102.927    -0.56    5.97
 -98448.309   101.196    -4.62    6.37
 -98073.477    99.484    -4.57    6.22
 -97698.666    99.354    -0.35    6.23
 -97323.874   100.550     3.19    6.82
 -96949.103   104.082     9.43    7.23
 -96574.351   104.984     2.41    6.06
 -96199.620   105.423     1.17    4.43
 -95824.908   104.410    -2.70    4.26
 -95450.217   101.605    -7.49    4.35
 -95075.545    98.897    -7.23    4.35
 -94700.893    96.984    -5.11    4.88
 -94326.261    95.309    -4.47    5.00
 -93951.649    93.593    -4.58    4.73
 -93577.057    92.632    -2.57    4.60
 -93202.485    91.632    -2.67    4.17
 -92827.933    90.921    -1.90    4.77
 -92453.401    89.673    -3.33    5.02
 -92078.888    88.810    -2.30    5.51
 -91704.396    86.559    -6.01    5.64
 -91329.923    85.245    -3.51    6.72
 -90955.471    84.615    -1.68    9.12
 -90581.038    85.376     2.03   13.03
 -90206.625    87.121     4.66   16.61
 -89832.232    89.716     6.93   19.44
 -89457.859    93.615    10.42   21.18
 -89083.506    92.546    -2.85   20.14
 -88709.172    86.790   -15.38   19.88
 -88334.858    77.264   -25.45   19.34
 -87960.565    69.745   -20.09   18.12
 -87586.291    62.566   -19.18   14.11
 -87212.037    59.948    -6.99   11.39
 -86837.802    58.514    -3.83    9.49
 -86463.588    57.808    -1.89    7.25
 -86089.393    63.321    14.73   12.62
 -85715.219    74.264    29.25   20.52
 -85341.064    88.810    38.88   21.87
 -84966.929   104.743    42.59   17.92
 -84592.813   114.925    27.22   14.68
 -84218.718   122.105    19.19   13.79
 -83844.642   127.427    14.23   13.71
 -83470.586   132.699    14.09   15.73
 -83096.550   135.925     8.63   15.53
 -82722.533   135.010    -2.45   15.54
 -82348.537   136.343     3.57   14.16
 -81974.560   137.414     2.86   12.53
 -81600.603   144.899    20.02   17.75
 -81226.665   153.982    24.29   18.77
 -80852.748   163.878    26.47   18.67
 -80478.850   176.378    33.43   20.28
 -80104.972   185.854    25.35   20.42
 -79731.113   198.521    33.88   21.26
 -79357.275   210.741    32.69   19.19
 -78983.456   227.571    45.03   24.18
 -78609.657   244.594    45.54   24.66
 -78235.877   260.921    43.68   29.29
 -77862.117   266.832    15.82   32.53
 -77488.377   271.559    12.65   38.34
 -77114.657   277.876    16.90   44.48
 -76740.956   278.789     2.44   45.72
 -76367.275   297.747    50.74   53.68
 -75993.614   314.166    43.94   53.80
 -75619.972   330.115    42.69   53.20
 -75246.350   342.437    32.98   48.32
 -74872.748   369.743    73.09   55.93
 -74499.165   406.202    97.60   54.53
 -74125.602   423.658    46.73   52.97
 -73752.059   420.588    -8.22   58.23
 -73378.536   415.764   -12.92   60.13
 -73005.032   415.419    -0.92   49.66
 -72631.547   433.150    47.48   51.64
 -72258.083   461.454    75.79   50.93
 -71884.637   467.287    15.62   45.96
 -71511.212   457.400   -26.48   56.50
 -71137.806   447.637   -26.15   56.53
 -70764.420   448.059     1.13   50.46
 -70391.053   462.615    38.99   46.97
 -70017.706   476.876    38.20   39.65
 -69644.379   492.789    42.63   43.26
 -69269.387   506.988    37.87   47.70
 -68892.133   525.423    48.87   50.32
 -68514.899   545.223    52.49   60.73
 -68137.686   545.719     1.31   69.60
 -67760.492   530.767   -39.64   64.73
 -67383.319   534.919    11.01   57.17
 -67006.165   542.897    21.16   60.91
 -66629.032   561.232    48.62   64.20
 -66251.918   573.904    33.60   69.45
 -65874.824   539.202   -92.03   93.69
 -65497.751   494.762  -117.86  102.43
 -65120.697   455.245  -104.81   84.94
 -64743.664   422.899   -85.80   55.22
 -64366.650   417.632   -13.97   52.09
 -63989.656   403.128   -38.48   44.49
 -63612.683   383.132   -53.05   32.27
 -63235.729   369.032   -37.41   27.57
 -62858.795   353.646   -40.82   17.18
 -62481.881   347.899   -15.25    9.45
 -62104.988   346.388    -4.01    8.01
 -61728.114   348.332     5.16    8.28
 -61351.260   348.923     1.57    8.06
 -60974.426   350.594     4.43    7.48
 -60597.611   352.741     5.70    6.60
 -60220.817   356.376     9.65    6.27
 -59844.043   360.355    10.56    6.58
 -59467.289   365.267    13.04    6.29
 -59090.554   368.475     8.52    5.11
 -58713.839   369.410     2.48    5.61
 -58337.145   367.762    -4.37    6.27
 -57960.470   366.150    -4.28    7.73
 -57583.815   364.521    -4.33    8.53
 -57207.180   362.006    -6.68    9.89
 -56830.565   359.410    -6.89    9.77
 -56453.970   355.991    -9.08   10.15
 -56077.394   353.143    -7.56   10.09
 -55700.839   348.477   -12.39    9.94
 -55324.303   345.173    -8.77    9.71
 -54947.787   340.897   -11.36    8.07
 -54571.291   339.173    -4.58    6.66
 -54194.815   337.388    -4.74    5.08
 -53818.358   336.637    -2.00    5.50
 -53441.922   335.410    -3.26    6.65
 -53065.505   332.610    -7.44    7.10
 -52689.108   330.523    -5.55    6.31
 -52312.731   328.506    -5.36    5.45
 -51936.374   329.355     2.26    6.29
 -51560.037   329.654     0.80    7.11
 -51183.719   330.400     1.98    7.91
 -50807.421   330.513     0.30    8.93
 -50431.143   331.059     1.45    8.34
 -50054.885   332.607     4.11    8.83
 -49678.646   333.943     3.55    9.33
 -49302.427   334.158     0.57   10.84
 -48926.228   336.121     5.22   13.37
 -48550.049   340.766    12.35   18.33
 -48173.890   348.451    20.43   19.17
 -47797.750   360.059    30.86   15.65
 -47421.630   366.808    17.94   15.58
 -47045.530   372.366    14.78   16.85
 -46669.450   382.787    27.71   21.97
 -46293.389   395.537    33.91   26.36
 -45917.348   423.988    75.66   42.99
 -45541.327   457.261    88.49   51.18
 -45165.325   511.105   143.21   70.19
 -44789.343   558.308   125.55   54.93
 -44413.381   564.423    16.26   51.70
 -44037.439   517.310  -125.32   93.53
 -43661.516   460.121  -152.14  109.11
 -43285.613   384.550  -201.05  103.92
 -42909.729   315.189  -184.53   81.00
 -42533.866   277.121  -101.29   70.80
 -42158.022   263.321   -36.72   67.45
 -41782.198   245.032   -48.66   75.64
 -41406.393   224.963   -53.41   80.36
 -41030.608   190.810   -90.89   69.56
 -40654.843   148.615  -112.30   58.62
 -40279.097   107.332  -109.87   42.13
 -39903.371    74.245   -88.06   38.69
 -39527.664    44.219   -79.92   27.20
 -39151.978    27.264   -45.13   17.08
 -38776.311    17.789   -25.22    8.62
 -38400.663    12.764   -13.38    2.29
 -38025.035    11.702    -2.83    1.67
 -37649.427    11.071    -1.68    1.14
 -37273.838    10.721    -0.93    1.21
 -36898.269    10.521    -0.53    1.26
 -36522.720    10.158    -0.97    1.23
 -36147.190    10.137    -0.06    1.17
 -35771.680    10.070    -0.18    1.34
 -35396.189    10.151     0.22    1.34
 -35020.718    10.484     0.89    1.37
 -34645.267    10.810     0.87    1.34
 -34269.835    10.809    -0.00    1.42
 -33894.423    10.594    -0.57    1.57
 -33519.030    10.388    -0.55    1.66
 -33143.657    10.003    -1.03    1.60
 -32768.303     9.484    -1.38    1.43
 -32392.969     9.150    -0.89    1.44
 -32017.654     8.923    -0.61    1.38
 -31642.359     8.832    -0.24    1.29
 -31267.084     8.669    -0.43    1.25
 -30891.828     8.696     0.07    1.34
 -30516.591     8.404    -0.78    1.29
 -30141.374     8.355    -0.13    1.17
 -29766.177     8.254    -0.27    1.32
 -29390.999     8.196    -0.16    1.54
 -29015.841     8.077    -0.32    1.57
 -28640.702     8.027    -0.13    1.49
 -28265.582     7.923    -0.28    1.41
 -27890.482     8.023     0.27    1.44
 -27515.402     8.241     0.58    1.72
 -27140.341     8.855     1.64    1.64
 -26765.300     9.241     1.03    1.57
 -26390.278     9.121    -0.32    1.18
 -26015.275     8.982    -0.37    1.29
 -25640.292     8.650    -0.88    1.30
 -25265.328     8.204    -1.19    1.20
 -24890.384     7.582    -1.66    1.35
 -24515.459     7.654     0.19    1.30
 -24140.554     7.855     0.53    1.34
 -23765.668     7.832    -0.06    1.40
 -23390.802     7.880     0.13    1.29
 -23015.955     7.721    -0.42    1.39
 -22641.127     7.041    -1.81    1.34
 -22266.319     6.832    -0.56    1.40
 -21891.530     6.699    -0.36    1.20
 -21516.761     6.680    -0.05    1.37
 -21142.011     7.245     1.51    1.61
 -20767.280     7.367     0.33    1.59
 -20392.569     7.832     1.24    1.64
 -20017.878     8.437     1.61    1.59
 -19643.205     8.099    -0.90    1.64
 -19268.552     8.077    -0.06    1.65
 -18893.918     7.789    -0.77    1.49
 -18519.304     7.677    -0.30    1.38
 -18144.709     7.423    -0.68    1.56
 -17770.134     7.388    -0.09    1.69
 -17395.577     7.514     0.34    1.75
 -17021.041     7.032    -1.29    1.91
 -16646.523     6.876    -0.42    1.79
 -16272.025     6.582    -0.78    1.75
 -15897.546     6.632     0.13    1.78
 -15523.086     6.809     0.47    1.65
 -15148.646     6.832     0.06    1.46
 -14774.225     6.605    -0.61    1.33
 -14399.824     6.559    -0.12    1.30
 -14025.442     7.032     1.26    1.50
 -13651.079     7.309     0.74    1.69
 -13276.735     7.615     0.82    1.75
 -12902.411     7.966     0.94    1.62
 -12528.105     7.566    -1.07    1.71
 -12153.820     6.946    -1.66    1.59
 -11779.553     6.719    -0.61    1.66
 -11405.306     6.143    -1.54    1.89
 -11031.078     5.523    -1.66    2.08
 -10656.869     4.637    -2.37    2.39
 -10282.680     3.582    -2.82    1.97
  -9908.509     3.432    -0.40    1.57
  -9534.358     3.105    -0.87    1.86
  -9160.227     2.877    -0.61    1.88
  -8786.114     2.491    -1.03    2.61
  -8412.021     2.094    -1.06    3.25
  -8037.947     0.723    -3.66    3.23
  -7663.892    -0.477    -3.21    2.85
  -7289.857    -1.123    -1.73    2.03
  -6915.840    -1.350    -0.60    1.42
  -6541.843    -1.168     0.49    1.61
  -6167.865    -0.554     1.64    1.87
  -5793.906    -0.436     0.32    1.82
  -5419.967    -0.009     1.14    1.85
  -5046.047    -0.096    -0.23    1.64
  -4672.145    -0.301    -0.55    1.59
  -4298.263    -0.418    -0.31    1.45
  -3924.401    -0.827    -1.09    1.55
  -3550.557    -0.879    -0.14    1.67
  -3176.732    -0.858     0.06    1.87
  -2802.927    -0.691     0.45    1.99
  -2429.141    -0.241     1.20    1.66
  -2055.374    -0.012     0.61    1.55
  -1681.626    -0.191    -0.48    1.13
  -1307.897    -0.122     0.18    1.26
   -934.188    -0.234    -0.30    1.18
   -560.497    -0.192     0.11    1.01
   -186.826     0.082     0.73    1.06
    186.826     0.046    -0.10    1.07
    560.459    -0.101    -0.40    1.10
    934.073    -0.191    -0.24    1.15
   1307.668    -0.804    -1.64    1.35
   1681.244    -1.123    -0.85    1.55
   2054.800    -0.954     0.45    3.43
   2428.338    -1.236    -0.76    3.41
   2801.856    -1.241    -0.01    3.69
   3175.356    -1.486    -0.66    3.87
   3548.836    -2.350    -2.31    2.76
   3922.297    -2.281     0.18    3.43
   4295.739    -2.523    -0.65    3.26
   4669.162    -2.549    -0.07    2.59
   5042.566    -2.612    -0.17    2.01
   5415.951    -2.168     1.19    2.53
   5791.426    -2.554    -1.03    2.43
   6168.631    -2.879    -0.86    2.14
   6545.816    -3.031    -0.40    1.56
   6922.981    -2.790     0.64    1.75
   7300.127    -2.354     1.16    2.31
   7677.253    -2.450    -0.26    2.57
   8054.360    -2.749    -0.79    2.92
   8431.448    -3.079    -0.87    2.65
   8808.516    -3.612    -1.41    2.45
   9185.565    -3.646    -0.09    2.79
   9562.594    -3.190     1.21    3.12
   9939.604    -2.509     1.81    3.51
  10316.594    -1.646     2.29    3.14
  10693.565    -0.812     2.21    2.10
  11070.517    -0.963    -0.40    1.13
  11447.449    -1.168    -0.54    1.19
  11824.362    -1.486    -0.84    1.18
  12201.256    -1.746    -0.69    1.36
  12578.130    -1.777    -0.08    1.24
  12954.984    -2.257    -1.27    1.38
  13331.820    -2.546    -0.77    1.45
  13708.636    -2.668    -0.32    1.27
  14085.432    -2.646     0.06    1.03
  14462.210    -2.713    -0.18    1.09
  14838.968    -2.901    -0.50    1.10
  15215.706    -3.168    -0.71    1.18
  15592.425    -3.412    -0.65    1.17
  15969.125    -3.872    -1.22    1.19
  16345.806    -4.168    -0.78    1.30
  16722.467    -4.212    -0.12    1.31
  17099.109    -4.441    -0.61    1.35
  17475.731    -4.986    -1.45    1.43
  17852.334    -5.213    -0.60    1.49
  18228.918    -5.631    -1.11    1.58
  18605.483    -6.213    -1.55    1.96
  18982.028    -6.900    -1.82    2.01
  19358.554    -7.701    -2.13    2.08
  19735.061    -8.827    -2.99    2.51
  20111.548    -9.424    -1.58    2.27
  20488.017   -10.434    -2.69    2.09
  20864.465   -11.293    -2.28    1.62
  21240.895   -11.191     0.27    1.65
  21617.305   -11.314    -0.33    1.67
  21993.697   -11.281     0.09    1.60
  22370.068   -11.031     0.66    1.94
  22746.421   -10.622     1.09    1.95
  23122.754   -10.081     1.44    1.40
  23499.068    -9.241     2.23    1.82
  23875.363    -8.434     2.14    2.03
  24251.639    -7.622     2.16    2.05
  24627.895    -6.603     2.71    1.59
  25004.132    -6.281     0.85    2.19
  25380.350    -6.284    -0.01    2.51
  25756.549    -5.907     1.00    2.77
  26132.729    -5.772     0.36    2.87
  26508.889    -6.390    -1.64    2.73
  26885.030    -6.804    -1.10    3.07
  27261.152    -7.124    -0.85    3.39
  27637.255    -7.190    -0.17    3.29
  28013.338    -5.963     3.26    3.24
  28389.403    -6.146    -0.48    2.87
  28765.448    -6.259    -0.30    2.48
  29141.474    -6.168     0.24    2.35
  29517.481    -6.323    -0.41    2.65
  29893.468    -6.372    -0.13    2.62
  30269.437    -6.395    -0.06    2.69
  30645.386    -7.450    -2.81    3.11
  31021.317    -8.395    -2.51    3.15
  31397.228    -8.463    -0.18    3.22
  31773.120    -9.191    -1.94    3.32
  32148.993    -9.634    -1.18    3.64
  32524.846   -10.168    -1.42    3.33
  32900.681   -10.346    -0.47    2.86
  33276.496   -10.059     0.76    2.81
  33652.293   -10.012     0.12    2.85
  34028.070    -9.486     1.40    2.96
  34403.828    -9.525    -0.10    2.69
  34779.567   -10.057    -1.42    3.06
  35155.287   -10.558    -1.33    3.13
  35530.988   -10.777    -0.58    3.21
  35906.670   -10.759     0.05    3.33
  36282.333   -10.691     0.18    3.23
  36657.976    -9.986     1.88    3.06
  37033.601    -9.436     1.46    2.66
  37409.207    -8.941     1.32    2.39
  37784.793    -9.096    -0.41    2.21
  38160.360    -9.212    -0.31    2.41
  38535.909    -9.212     0.00    2.27
  38911.438    -9.610    -1.06    2.17
  39286.948    -9.645    -0.09    2.44
  39662.440   -10.049    -1.08    2.97
  40037.912   -10.372    -0.86    2.97
  40413.365   -10.284     0.24    2.46
  40788.799   -10.146     0.37    2.09
  41164.214   -10.390    -0.65    1.91
  41539.611   -10.075     0.84    2.26
  41914.988   -10.713    -1.70    2.36
  42290.346   -11.068    -0.94    2.60
  42665.685   -11.509    -1.17    2.60
  43041.005   -11.577    -0.18    2.44
  43416.306   -11.759    -0.48    2.41
  43791.589   -12.101    -0.91    2.15
  44166.852   -11.834     0.71    2.13
  44542.096   -11.986    -0.40    2.00
  44917.321   -11.509     1.27    2.19
  45292.528   -11.122     1.03    2.17
  45667.715   -10.812     0.83    1.69
  46042.883   -10.554     0.69    1.47
  46418.033   -10.501     0.14    1.58
  46793.163   -10.858    -0.95    1.73
  47168.275   -10.885    -0.07    1.63
  47543.368   -11.025    -0.37    1.62
  47918.441   -10.872     0.41    1.41
  48293.496   -10.968    -0.25    1.39
  48668.532   -10.907     0.16    1.24
  49043.549   -11.054    -0.39    1.17
  49418.547   -11.261    -0.55    1.25
  49793.526   -11.385    -0.33    1.26
  50168.486   -11.470    -0.23    1.28
  50543.428   -11.501    -0.08    1.31
  50918.350   -11.323     0.47    1.55
  51293.254   -11.516    -0.51    1.65
  51668.138   -11.857    -0.91    1.73
  52043.004   -11.781     0.20    2.00
  52417.851   -11.390     1.04    1.92
  52792.679   -10.895     1.32    1.90
  53167.488   -10.679     0.58    1.69
  53542.279   -10.804    -0.33    1.48
  53917.050   -11.081    -0.74    1.41
  54291.803   -11.368    -0.77    1.32
  54666.537   -12.031    -1.77    1.59
  55041.252   -12.657    -1.67    2.71
  55415.948   -12.850    -0.51    2.83
  55790.625   -12.941    -0.24    2.86
  56165.284   -12.879     0.16    3.10
  56539.923   -13.122    -0.65    2.77
  56914.544   -13.463    -0.91    3.00
  57289.146   -13.622    -0.42    3.28
  57663.729   -13.509     0.30    3.09
  58038.294   -13.281     0.61    2.39
  58412.840   -13.054     0.61    1.60
  58787.366   -13.501    -1.19    1.54
  59161.874   -13.703    -0.54    1.55
  59536.364   -14.079    -1.00    1.69
  59910.834   -14.472    -1.05    1.91
  60285.286   -14.990    -1.38    1.98
  60659.719   -15.054    -0.17    2.04
  61034.133   -15.009     0.12    1.45
  61408.528   -15.879    -2.32    2.49
  61782.905   -16.192    -0.84    2.43
  62157.263   -16.363    -0.46    2.54
  62531.602   -16.612    -0.66    3.01
  62905.923   -16.418     0.52    3.41
  63280.224   -16.377     0.11    3.52
  63654.507   -16.554    -0.47    3.43
  64028.772   -16.323     0.62    3.62
  64403.017   -16.095     0.61    3.52
  64777.244   -15.842     0.68    3.53
  65151.452   -15.691     0.40    3.18
  65525.642   -16.501    -2.17    3.28
  65899.812   -18.121    -4.33    3.32
  66273.964   -19.304    -3.16    3.02
  66648.098   -19.531    -0.61    2.73
  67022.212   -18.568     2.58    3.08
  67396.308   -16.723     4.93    3.29
  67770.385   -15.610     2.98    2.61
  68144.444   -15.531     0.21    2.66
  68518.484   -15.895    -0.97    2.84
  68892.505   -15.633     0.70    2.52
  69266.508   -16.100    -1.25    2.25
  69640.492   -16.368    -0.72    1.76
  70014.457   -16.434    -0.18    1.23
  70388.404   -16.284     0.40    1.22
  70762.332   -16.327    -0.11    1.52
  71136.241   -16.501    -0.47    1.89
  71510.132   -16.052     1.20    2.11
  71884.004   -16.304    -0.68    2.16
  72257.857   -16.593    -0.77    2.01
  72631.692   -16.759    -0.44    1.97
  73005.508   -17.168    -1.09    1.93
  73379.306   -16.990     0.48    1.84
  73753.085   -16.834     0.42    1.55
  74126.845   -16.982    -0.39    1.71
  74500.587   -17.509    -1.41    2.35
  74874.311   -18.018    -1.36    2.36
  75248.015   -17.736     0.75    2.25
  75621.701   -17.834    -0.26    2.24
  75995.369   -17.834     0.00    2.12
  76369.018   -17.946    -0.30    2.12
  76742.648   -17.866     0.21    1.24
  77116.260   -17.872    -0.02    1.02
  77489.853   -17.718     0.41    1.01
  77863.428   -17.622     0.26    1.02
  78236.984   -17.834    -0.57    1.16
  78610.522   -17.923    -0.24    1.32
  78984.041   -18.101    -0.48    1.32
  79357.541   -18.307    -0.55    1.34
  79731.023   -18.390    -0.22    1.20
  80104.487   -18.343     0.13    1.28
  80477.932   -18.100     0.65    1.34
  80853.888   -17.973     0.34    1.40
  81231.045   -17.668     0.81    1.13
  81608.183   -17.441     0.60    1.30
  81985.302   -17.610    -0.45    1.48
  82362.402   -17.679    -0.18    1.56
  82739.483   -17.743    -0.17    1.38
  83116.545   -17.918    -0.46    1.48
  83493.589   -17.610     0.82    1.31
  83870.613   -17.736    -0.34    1.30
  84247.619   -17.901    -0.44    1.32
  84624.605   -18.287    -1.02    1.19
  85001.573   -18.123     0.43    1.61
  85378.522   -17.772     0.93    1.77
  85755.453   -18.054    -0.75    1.67
  86132.364   -18.079    -0.07    1.64
  86509.256   -18.298    -0.58    1.44
  86886.130   -18.577    -0.74    1.42
  87262.985   -18.261     0.84    1.39
  87639.821   -18.301    -0.11    1.32
  88016.638   -18.122     0.47    1.31
  88393.436   -18.213    -0.24    1.08
  88770.216   -18.327    -0.30    1.20
  89146.977   -18.531    -0.54    1.26
  89523.719   -18.691    -0.42    1.56
  89900.442   -18.259     1.15    1.60
  90277.146   -18.577    -0.84    1.67
  90653.832   -18.012     1.50    1.85
  91030.498   -18.009     0.01    1.72
  91407.146   -17.986     0.06    1.60
  91783.776   -18.031    -0.12    1.58
  92160.386   -18.077    -0.12    1.24
  92536.978   -18.145    -0.18    1.13
  92913.551   -18.447    -0.80    1.10
  93290.105   -18.834    -1.03    1.35
  93666.640   -19.215    -1.01    1.19
  94043.157   -19.501    -0.76    1.02
  94419.655   -19.568    -0.18    1.03
  94796.134   -19.568     0.00    0.96
  95172.594   -19.713    -0.39    1.09
  95549.036   -19.882    -0.45    1.09
  95925.459   -19.857     0.07    1.02
  96301.863   -20.025    -0.45    1.03
  96678.249   -20.327    -0.80    1.10
  97054.616   -20.668    -0.91    1.07
  97430.964   -20.679    -0.03    1.10
  97807.293   -20.781    -0.27    1.20
  98183.604   -20.568     0.57    1.32
  98559.896   -21.034    -1.24    1.25
  98936.169   -21.377    -0.91    1.12
  99312.424   -21.441    -0.17    1.17
  99688.660   -21.622    -0.48    1.19
 100064.877   -21.729    -0.28    1.21
 100441.076   -21.850    -0.32    1.29
 100817.256   -21.948    -0.26    1.24
 101193.417   -21.946     0.01    1.29
 101569.560   -22.031    -0.23    1.25
 101945.684   -22.145    -0.30    1.20
 102321.790   -22.346    -0.53    1.15
 102697.876   -22.368    -0.06    1.14
 103073.944   -22.350     0.05    1.11
 103449.994   -21.893     1.21    1.04
 103826.025   -21.372     1.38    1.41
 104202.037   -20.509     2.30    1.87
 104578.031   -19.307     3.19    2.49
 104954.006   -18.590     1.91    2.31
 105329.962   -17.543     2.79    2.36
 105705.900   -17.577    -0.09    2.23
 106081.819   -17.935    -0.95    2.16
 106457.720   -18.100    -0.44    2.31
 106833.602   -18.301    -0.54    2.02
 107209.465   -17.954     0.92    2.04
 107585.310   -17.016     2.50    2.19
 107961.136   -15.954     2.83    2.33
 108336.944   -15.146     2.15    2.18
 108712.733   -14.554     1.57    1.85
 109088.504   -15.234    -1.81    2.11
 109464.256   -15.827    -1.58    2.06
 109839.989   -16.882    -2.81    1.93
 110215.704   -18.123    -3.30    2.04
 110591.401   -18.703    -1.54    1.93
 110967.078   -18.790    -0.23    2.57
 111342.738   -18.577     0.57    3.11
 111718.379   -18.581    -0.01    3.45
 112094.001   -18.772    -0.51    3.35
 112469.605   -19.238    -1.24    2.85
 112845.190   -20.101    -2.30    3.00
 113220.757   -20.935    -2.22    3.35
 113596.305   -21.691    -2.01    3.28
 113971.835   -21.600     0.24    2.67
 114347.346   -22.145    -1.45    2.50
 114722.839   -22.372    -0.61    2.17
 115098.313   -22.590    -0.58    1.82
 115473.769   -22.963    -0.99    1.36
 115849.206   -23.123    -0.43    1.15
 116224.625   -23.100     0.06    1.04
 116600.025   -22.781     0.85    1.26
 116975.407   -22.259     1.39    1.43
 117350.770   -21.057     3.20    1.70
 117726.115   -20.079     2.60    1.70
 118101.442   -19.100     2.61    1.89
 118476.750   -17.590     4.02    1.73
 118852.040   -16.400     3.17    2.00
 119227.311   -15.079     3.52    2.11
 119602.564   -13.691     3.70    2.15
 119977.798   -11.679     5.36    2.36
 120353.014   -10.213     3.91    2.10
 120728.212    -9.168     2.79    1.83
 121103.391    -7.759     3.76    1.54
 121478.551    -6.739     2.72    1.99
 121853.694    -5.472     3.38    2.12
 122228.818    -4.327     3.05    1.74
 122603.923    -3.509     2.18    1.80
 122979.010    -3.304     0.55    1.97
 123354.079    -2.963     0.91    2.18
 123729.129    -2.546     1.11    2.24
 124104.161    -2.558    -0.03    2.07
 124479.175    -1.994     1.50    2.10
 124854.170    -2.301    -0.82    2.17
 125229.147    -2.213     0.23    2.34
 125604.106    -1.977     0.63    2.18
 125979.046    -1.842     0.36    2.01
 126353.968    -1.372     1.25    1.68
 126728.871    -1.318     0.15    1.73
 127103.756    -0.950     0.98    1.76
 127478.623     0.014     2.57    2.24
 127853.472     1.158     3.05    2.52
 128228.302     2.553     3.72    2.21
 128603.114     3.296     1.98    2.10
 128977.907     3.741     1.19    2.24
 129352.682     3.532    -0.56    2.39
 129727.439     3.410    -0.33    2.31
 130102.178     3.446     0.10    2.08
 130476.898     3.855     1.09    1.85
 130851.600     4.082     0.61    2.16
 131226.284     2.832    -3.34    3.64
 131600.949     0.537    -6.13    4.62
 131975.596    -2.049    -6.90    3.42
 132350.225    -2.236    -0.50    2.72
 132724.836    -0.304     5.16    3.29
 133099.428     1.628     5.16    2.88
 133474.002     2.923     3.46    1.99
 133848.558     3.107     0.49    1.71
 134223.096     2.673    -1.16    1.68
 134597.615     2.213    -1.23    1.55
 134972.116     3.037     2.20    2.09
 135346.599     4.128     2.91    2.26
 135721.064     5.014     2.37    2.05
 136095.510     4.900    -0.30    2.11
 136469.938     4.012    -2.37    2.29
 136844.348     3.173    -2.24    2.37
 137218.740     3.118    -0.15    2.45
 137593.114     3.832     1.91    2.40
 137967.469     4.610     2.08    2.09
 138341.806     5.390     2.08    1.39
 138716.125     4.900    -1.31    1.48
 139090.426     4.294    -1.62    1.57
 139464.708     3.423    -2.33    1.80
 139838.973     2.856    -1.52    1.93
 140213.219     2.921     0.17    2.20
 140587.447     2.673    -0.66    2.13
 140961.657     2.739     0.18    1.90
 141335.848     2.969     0.61    1.81
 141710.022     3.732     2.04    1.89
 142084.177     4.650     2.45    2.13
 142458.314     5.475     2.20    2.57
 142832.433     6.766     3.45    2.71
 143206.534     7.491     1.94    2.34
 143580.617     8.018     1.41    2.06
 143954.682     8.559     1.45    2.05
 144328.728     9.382     2.20    2.02
 144702.757    10.650     3.39    2.11
 145076.767    11.927     3.41    1.75
 145450.759    13.388     3.90    2.06
 145824.733    14.878     3.98    2.13
 146198.689    16.414     4.11    2.13
 146572.627    18.355     5.19    2.62
 146946.546    20.532     5.82    2.82
 147320.448    22.241     4.57    3.00
 147694.332    23.613     3.67    2.64
 148068.197    24.969     3.63    2.63
 148442.045    25.469     1.34    2.62
 148815.874    25.762     0.79    2.81
 149189.685    24.696    -2.85    2.94
 149563.478    23.032    -4.45    3.14
 149937.253    21.264    -4.73    3.39
 150311.010    19.332    -5.17    2.77
 150684.749    17.650    -4.50    2.62
 151058.470    16.559    -2.92    2.75
 151432.173    16.390    -0.45    3.35
 151805.858    15.899    -1.32    3.60
 152179.525    16.332     1.16    3.50
 152553.174    16.355     0.06    3.11
 152926.805    16.857     1.34    3.42
 153300.417    17.650     2.12    4.46
 153674.012    18.309     1.76    4.69
 154047.589    19.530     3.27    4.95
 154421.147    19.388    -0.38    4.42
 154794.688    19.707     0.86    3.82
 155168.211    19.719     0.03    3.77
 155541.716    20.282     1.51    3.86
 155918.153    21.878     4.24    4.30
 156295.265    24.378     6.63    5.00
 156672.360    28.483    10.89    6.82
 157049.435    31.423     7.80    6.51
 157426.493    35.271    10.20    6.88
 157803.532    36.764     3.96    6.41
 158180.553    38.014     3.31    6.42
 158557.555    38.946     2.47    7.79
 158934.539    40.121     3.12    8.26
 159311.505    40.951     2.20    8.66
 159688.453    40.943    -0.02    7.20
 160065.382    44.809    10.25    9.16
 160442.293    46.228     3.76    9.67
 160819.185    46.309     0.22    9.98
 161196.060    47.966     4.39   13.22
 161572.916    46.128    -4.88   12.92
 161949.753    42.666    -9.19   10.95
 162326.573    43.410     1.98   10.67
 162703.374    43.855     1.18    9.94
 163080.157    46.309     6.51   10.86
 163456.921    50.991    12.42   11.32
 163833.667    53.105     5.61   12.84
 164210.395    55.605     6.64   12.21
 164587.105    57.181     4.18   14.87
 164963.797    57.877     1.85   16.00
 165340.470    57.582    -0.78   16.92
 165717.125    56.037    -4.10   17.63
 166093.762    53.786    -5.98   16.10
 166470.380    51.121    -7.07   15.86
 166846.980    51.037    -0.22   17.83
 167223.563    50.143    -2.37   18.58
 167600.126    48.274    -4.96   17.03
 167976.672    46.196    -5.52   14.07
 168353.199    43.969    -5.91   13.01
 168729.709    43.241    -1.93   13.43
 169106.200    41.855    -3.68   14.26
 169482.672    42.446     1.57   15.34
 169859.127    43.719     3.38   16.43
 170235.563    44.808     2.89   17.65
 170611.982    43.477    -3.54   16.23
 170988.382    41.232    -5.96   16.07
 171364.763    39.173    -5.47   14.33
 171741.127    37.332    -4.89   10.87
 172117.473    36.390    -2.50   10.69
 172493.800    37.566     3.12   11.47
 172870.109    38.475     2.42   12.19
 173246.400    37.241    -3.28   11.29
 173622.673    36.309    -2.48   11.04
 173998.928    34.297    -5.35   10.65
 174375.164    37.355     8.13   15.69
 174751.383    39.539     5.81   18.53
 175127.583    44.014    11.89   19.40
 175503.765    42.808    -3.20   18.42
 175879.929    40.991    -4.83   16.23
 176256.075    37.537    -9.18   12.21
 176632.203    36.451    -2.89   10.29
 177008.313    36.082    -0.98    9.22
 177384.405    34.182    -5.05    7.91
 177760.478    34.010    -0.46    8.37
 178136.533    32.111    -5.05    9.09
 178512.571    32.059    -0.14    9.58
 178888.590    32.969     2.42   10.16
 179264.591    34.832     4.96   10.53
 179640.574    37.900     8.16   12.65
 180016.539    40.466     6.82   14.38
 180392.486    41.650     3.15   16.01
 180768.415    36.923   -12.57   13.79
 181144.326    34.902    -5.38   11.45
 181520.219    32.037    -7.62   11.00
 181896.093    32.371     0.89   11.39
 182271.950    31.287    -2.88   10.93
 182647.789    28.739    -6.78   11.66
 183023.609    27.588    -3.06   13.01
 183399.412    25.741    -4.91   14.13
 183775.196    24.902    -2.23   14.12
 184150.963    21.991    -7.74   12.21
 184526.711    24.217     5.92   11.67
 184902.442    24.673     1.21    9.25
 185278.154    24.491    -0.48    7.20
 185653.849    25.105     1.63    6.89
 186029.525    23.454    -4.39    7.31
 186405.183    22.689    -2.04    8.78
 186780.824    21.741    -2.52   10.24
 187156.446    23.207     3.90   11.17
 187532.051    24.378     3.12   11.32
 187907.637    23.878    -1.33   10.30
 188283.206    25.673     4.78   10.33
 188658.756    25.654    -0.05    7.63
 189034.289    26.732     2.87    5.67
 189409.804    26.605    -0.34    4.95
 189785.300    25.052    -4.14    5.67
 190160.779    22.118    -7.81    6.12
 190536.240    18.972    -8.38    5.42
 190911.683    17.507    -3.90    5.10
 191287.107    16.254    -3.33    5.32
 191662.514    16.857     1.60    4.65
 192037.903    16.014    -2.24    4.02
 192413.275    14.832    -3.15    3.62
 192788.628    13.741    -2.91    3.99
 193163.963    13.878     0.36    3.92
 193539.280    14.158     0.75    4.01
 193914.580    14.188     0.08    3.55
 194289.861    15.523     3.56    3.24
 194665.125    16.355     2.22    3.46
 195040.371    18.400     5.45    3.79
 195415.598    19.788     3.70    3.50
 195790.808    20.741     2.54    3.44
 196166.000    20.761     0.05    4.35
 196541.175    19.832    -2.47    4.52
 196916.331    18.414    -3.78    5.37
 197291.469    16.764    -4.40    4.90
 197666.590    14.809    -5.21    4.29
 198041.693    13.299    -4.03    2.98
 198416.778    12.332    -2.58    2.44
 198791.845    11.356    -2.60    2.43
 199166.894     9.264    -5.58    3.02
 199541.925     7.623    -4.38    2.71
 199916.939     6.469    -3.08    2.91
 200291.934     5.582    -2.36    2.86
 200666.912     5.637     0.14    2.84
 201041.872     5.196    -1.18    2.49
 201416.814     4.356    -2.24    2.07
 201791.739     4.059    -0.79    1.96
 202166.645     4.855     2.12    2.27
 202541.534     5.878     2.73    2.42
 202916.405     7.173     3.46    2.26
 203291.258     8.423     3.33    2.02
 203666.094     9.241     2.18    2.28
 204040.911    10.228     2.63    2.58
 204415.711    11.032     2.15    2.71
 204790.493    11.650     1.65    2.70
 205165.257    12.128     1.27    3.20
 205540.004    12.764     1.70    3.64
 205914.733    12.878     0.30    4.33
 206289.444    13.576     1.86    3.77
 206664.137    13.576     0.00    3.67
 207038.812    12.854    -1.93    3.45
 207413.470    12.741    -0.30    3.12
 207788.110    12.232    -1.36    3.08
 208162.732    11.739    -1.32    2.93
 208537.336    11.423    -0.84    3.54
 208911.923    10.855    -1.52    3.62
 209286.492    10.088    -2.05    3.63
 209661.044     9.143    -2.52    3.73
 210035.577     8.446    -1.86    3.54
 210410.093     6.988    -3.89    3.16
 210784.591     5.693    -3.46    3.33
 211159.072     4.739    -2.55    3.27
 211533.534     4.128    -1.63    3.06
 211907.979     4.437     0.83    3.17
 212282.407     4.537     0.27    2.99
 212656.816     4.809     0.73    2.56
 213031.208     5.299     1.31    3.20
 213405.583     5.669     0.99    3.48
 213779.939     6.696     2.74    4.08
 214154.278     7.309     1.64    3.68
 214528.600     8.855     4.13    3.62
 214902.903     9.787     2.49    3.42
 215277.189    10.514     1.94    3.00
 215651.458    11.378     2.31    3.39
 216025.708    11.693     0.84    3.13
 216399.941    12.499     2.15    3.35
 216774.157    12.332    -0.45    3.18
 217148.355    11.923    -1.09    3.28
 217522.535    12.059     0.36    3.54
 217896.697    11.559    -1.34    3.53
 218270.842    10.650    -2.43    4.02
 218644.969    10.181    -1.25    3.94
 219019.079     9.743    -1.17    3.97
 219393.171     9.628    -0.31    3.83
 219767.246     9.264    -0.97    3.68
 220141.302     8.150    -2.98    3.99
 220515.342     6.878    -3.40    4.05
 220889.363     5.219    -4.43    4.34
 221263.367     3.600    -4.33    3.83
 221637.354     2.173    -3.81    3.42
 222011.323     0.809    -3.65    3.44
 222385.274    -0.781    -4.25    3.04
 222759.208    -1.963    -3.16    3.34
 223133.124    -3.418    -3.89    3.36
 223507.023    -4.963    -4.13    3.43
 223880.904    -6.796    -4.90    3.12
 224254.768    -8.350    -4.16    3.09
 224628.614    -9.691    -3.59    3.12
 225002.442   -11.281    -4.25    3.13
 225376.253   -12.736    -3.89    2.86
 225750.046   -14.304    -4.19    3.20
 226123.822   -15.759    -3.89    3.38
 226497.581   -17.331    -4.20    3.14
 226871.321   -19.028    -4.54    2.74
 227245.045   -20.236    -3.23    2.69
 227618.750   -21.668    -3.83    2.56
 227992.439   -22.486    -2.19    2.63
 228366.109   -23.259    -2.07    2.36
 228739.763   -24.122    -2.31    2.01
 229113.398   -24.866    -1.99    1.85
 229487.017   -25.424    -1.49    2.56
 229860.618   -25.372     0.14    3.05
 230234.201   -25.122     0.67    2.90
 230607.767   -24.713     1.09    2.61
 230984.681   -24.009     1.87    2.29
 231361.744   -23.963     0.12    2.75
 231738.789   -23.100     2.29    2.76
 232115.816   -22.679     1.11    2.75
 232492.826   -22.236     1.18    2.49
 232869.818   -21.872     0.96    2.32
 233246.792   -21.540     0.88    2.52
 233623.748   -20.284     3.33    2.47
 234000.687   -19.234     2.78    2.28
 234377.608   -18.577     1.74    2.23
 234754.511   -17.679     2.38    2.03
 235131.396   -16.959     1.91    2.14
 235508.263   -16.236     1.92    2.42
 235885.113   -15.726     1.35    2.70
 236261.944   -15.610     0.31    2.54
 236638.759   -16.009    -1.06    2.17
 237015.555   -16.781    -2.05    2.27
 237392.333   -17.213    -1.15    2.44
 237769.094   -18.311    -2.91    2.44
 238145.837   -19.121    -2.15    2.26
 238522.563   -19.768    -1.72    2.03
 238899.270   -20.441    -1.79    1.99
 239275.960   -21.028    -1.56    2.29
 239652.632   -21.477    -1.19    2.25
 240029.287   -21.723    -0.65    2.25
 240405.923   -22.692    -2.57    2.20
 240782.542   -23.122    -1.14    2.27
 241159.144   -23.834    -1.89    2.29
 241535.727   -24.586    -2.00    2.27
 241912.293   -25.031    -1.18    2.13
 242288.841   -25.743    -1.89    1.88
 242665.372   -26.346    -1.60    1.92
 243041.885   -26.850    -1.34    2.19
 243418.380   -26.866    -0.04    2.30
 243794.857   -27.804    -2.49    2.38
 244171.317   -28.618    -2.16    2.52
 244547.759   -29.577    -2.55    2.74
 244924.184   -30.549    -2.58    2.31
 245300.590   -30.713    -0.44    2.43
 245676.980   -31.350    -1.69    2.49
 246053.351   -31.842    -1.31    1.96
 246429.705   -33.463    -4.31    2.25
 246806.041   -34.893    -3.80    2.46
 247182.360   -36.509    -4.29    2.72
 247558.661   -38.331    -4.84    2.26
 247934.944   -39.304    -2.59    2.48
 248311.210   -40.447    -3.04    2.90
 248687.458   -41.911    -3.89    3.13
 249063.688   -42.668    -2.01    3.05
 249439.901   -43.924    -3.34    2.68
 249816.096   -44.350    -1.13    2.46
 250192.274   -44.963    -1.63    2.25
 250568.434   -45.726    -2.03    2.07
 250944.576   -46.941    -3.23    1.93
 251320.701   -47.852    -2.42    1.79
 251696.808   -48.486    -1.69    1.80
 252072.898   -49.656    -3.11    1.52
 252448.970   -50.259    -1.60    1.79
 252825.025   -50.901    -1.71    1.86
 253201.062   -51.265    -0.97    1.58
 253577.081   -51.827    -1.49    1.75
 253953.083   -52.168    -0.91    1.93
 254329.067   -52.395    -0.60    1.82
 254705.034   -52.531    -0.36    1.69
 255080.983   -52.586    -0.15    1.76
 255456.915   -52.523     0.17    1.61
 255832.829   -52.118     1.08    1.68
 256208.725   -52.009     0.29    1.54
 256584.604   -51.758     0.67    1.35
 256960.466   -51.418     0.90    1.37
 257336.310   -51.009     1.09    1.45
 257712.136   -50.470     1.43    1.35
 258087.945   -50.100     0.99    1.28
 258463.737   -49.718     1.02    1.45
 258839.511   -49.304     1.10    1.52
 259215.267   -48.400     2.40    1.57
 259591.006   -47.759     1.71    1.63
 259966.728   -47.191     1.51    2.20
 260342.432   -46.406     2.09    2.52
 260718.118   -45.463     2.51    2.21
 261093.787   -44.373     2.90    1.85
 261469.439   -44.031     0.91    1.52
 261845.073   -43.656     1.00    1.44
 262220.690   -43.052     1.61    1.48
 262596.289   -43.012     0.10    1.46
 262971.871   -42.393     1.65    1.44
 263347.435   -42.168     0.60    1.71
 263722.982   -41.875     0.78    1.69
 264098.511   -41.334     1.44    2.06
 264474.023   -41.819    -1.29    2.13
 264849.518   -42.005    -0.50    2.32
 265224.995   -41.986     0.05    2.19
 265600.454   -42.436    -1.20    2.05
 265975.897   -42.600    -0.44    1.95
 266351.321   -42.753    -0.41    1.75
 266726.729   -42.418     0.89    1.75
 267102.119   -42.259     0.42    1.81
 267477.491   -41.826     1.15    1.62
 267852.847   -42.191    -0.97    1.81
 268228.184   -42.558    -0.98    1.61
 268603.505   -43.052    -1.31    1.58
 268978.808   -43.307    -0.68    1.92
 269354.094   -43.691    -1.02    1.97
 269729.362   -44.077    -1.03    1.97
 270104.613   -44.093    -0.04    1.85
 270479.846   -44.327    -0.62    1.71
 270855.063   -44.715    -1.04    1.70
 271230.261   -45.239    -1.40    1.93
 271605.443   -45.577    -0.90    1.97
 271980.607   -45.191     1.03    2.04
 272355.754   -45.034     0.42    2.05
 272730.883   -44.882     0.41    1.85
 273105.995   -44.850     0.09    1.81
 273481.090   -44.906    -0.15    1.98
 273856.167   -45.263    -0.95    1.96
 274231.228   -45.372    -0.29    2.11
 274606.270   -45.607    -0.63    2.00
 274981.296   -45.554     0.14    2.24
 275356.304   -45.477     0.20    2.27
 275731.295   -45.307     0.45    2.21
 276106.268   -45.424    -0.31    2.34
 276481.225   -45.554    -0.35    2.93
 276856.164   -45.610    -0.15    3.07
 277231.085   -46.406    -2.12    3.35
 277605.990   -47.191    -2.09    3.02
 277980.877   -46.866     0.87    3.08
 278355.746   -46.858     0.02    3.09
 278730.599   -47.121    -0.70    3.05
 279105.434   -47.122    -0.00    2.30
 279480.252   -48.009    -2.36    2.35
 279855.053   -48.851    -2.25    2.61
 280229.836   -49.304    -1.21    2.26
 280604.603   -49.656    -0.94    2.09
 280979.352   -49.906    -0.67    2.15
 281354.083   -50.054    -0.40    1.69
 281728.798   -50.406    -0.94    1.66
 282103.495   -50.298     0.29    1.72
 282478.175   -50.430    -0.35    1.75
 282852.838   -50.645    -0.57    1.75
 283227.484   -51.028    -1.02    1.85
 283602.112   -51.644    -1.64    1.73
 283976.723   -51.827    -0.49    1.55
 284351.317   -52.263    -1.16    1.57
 284725.894   -52.372    -0.29    1.55
 285100.453   -52.287     0.23    1.48
 285474.996   -52.400    -0.30    1.38
 285849.521   -52.025     1.00    2.05
 286224.029   -52.213    -0.50    2.43
 286598.519   -52.304    -0.24    2.42
 286972.993   -52.729    -1.13    2.19
 287347.449   -52.941    -0.57    1.98
 287721.889   -53.215    -0.73    1.72
 288096.311   -53.261    -0.12    1.90
 288470.716   -52.912     0.93    1.81
 288845.103   -52.941    -0.08    1.92
 289219.474   -53.239    -0.80    1.66
 289593.827   -53.218     0.06    1.63
 289968.164   -53.895    -1.81    1.95
 290342.483   -54.582    -1.84    1.92
 290716.785   -55.668    -2.90    1.97
 291091.070   -56.703    -2.76    1.80
 291465.337   -57.586    -2.36    1.72
 291839.588   -58.463    -2.34    1.36
 292213.822   -58.843    -1.01    1.56
 292588.038   -59.486    -1.72    1.62
 292962.237   -60.218    -1.96    1.62
 293336.419   -60.739    -1.39    1.58
 293710.584   -61.028    -0.77    1.47
 294084.732   -61.586    -1.49    1.43
 294458.863   -62.327    -1.98    1.58
 294832.977   -62.468    -0.38    1.73
 295207.074   -62.804    -0.90    1.62
 295581.153   -62.973    -0.45    1.72
 295955.216   -63.477    -1.35    1.77
 296329.261   -63.772    -0.79    1.66
 296703.290   -64.430    -1.76    1.48
 297077.301   -65.054    -1.67    1.74
 297451.295   -65.192    -0.37    2.36
 297825.272   -65.600    -1.09    2.62
 298199.233   -65.753    -0.41    3.18
 298573.176   -66.509    -2.02    3.26
 298947.102   -66.759    -0.67    3.37
 299321.011   -66.811    -0.14    3.42
 299694.903   -66.804     0.02    3.56
 300068.778   -66.543     0.70    2.78
 300442.635   -66.463     0.21    2.79
 300816.476   -67.424    -2.57    3.04
 301190.300   -67.986    -1.50    2.97
 301564.107   -68.781    -2.13    2.31
 301937.897   -69.477    -1.86    1.80
 302311.670   -69.668    -0.51    1.77
 302685.426   -69.681    -0.03    1.79
 303059.164   -70.145    -1.24    1.62
 303432.886   -70.400    -0.68    1.84
 303806.591   -70.679    -0.75    1.70
 304180.279   -71.213    -1.43    1.51
 304553.950   -71.582    -0.99    1.45
 304927.604   -71.804    -0.59    1.56
 305301.240   -72.168    -0.97    1.64
 305675.205   -72.168     0.00    1.66
 306052.241   -72.509    -0.90    1.80
 306429.260   -72.331     0.47    1.81
 306806.261   -72.509    -0.47    1.66
 307183.246   -72.568    -0.16    1.55
 307560.213   -72.531     0.10    1.51
 307937.162   -71.968     1.49    1.47
 308314.095   -72.054    -0.23    1.82
 308691.010   -71.963     0.24    1.80
 309067.908   -72.263    -0.80    1.68
 309444.789   -72.781    -1.38    1.73
 309821.652   -72.860    -0.21    1.56
 310198.498   -73.009    -0.39    1.64
 310575.327   -72.889     0.32    1.71
 310952.139   -72.447     1.17    1.68
 311328.933   -72.368     0.21    1.90
 311705.711   -71.943     1.13    2.13
 312082.471   -71.918     0.07    1.92
 312459.213   -71.997    -0.21    1.91
 312835.939   -71.622     0.99    1.85
 313212.647   -71.563     0.16    1.50
 313589.338   -71.997    -1.15    1.76
 313966.012   -71.759     0.63    2.35
 314342.669   -71.485     0.73    2.34
 314719.308   -71.501    -0.04    2.60
 315095.931   -72.168    -1.77    2.59
 315472.536   -72.304    -0.36    2.69
 315849.124   -72.214     0.24    2.73
 316225.694   -72.668    -1.20    2.78
 316602.248   -73.259    -1.57    2.34
 316978.784   -74.052    -2.10    1.89
 317355.303   -74.287    -0.62    2.41
 317731.805   -74.077     0.56    2.56
 318108.290   -74.025     0.14    3.03
 318484.758   -74.190    -0.44    3.00
 318861.209   -73.796     1.05    3.09
 319237.642   -73.935    -0.37    2.69
 319614.058   -74.238    -0.80    2.70
 319990.457   -73.879     0.95    2.67
 320366.839   -74.031    -0.41    3.11
 320743.204   -74.144    -0.30    2.96
 321119.552   -74.622    -1.27    2.83
 321495.882   -75.307    -1.82    2.46
 321872.196   -75.540    -0.62    2.72
 322248.492   -75.098     1.17    2.85
 322624.771   -74.954     0.38    2.77
 323001.034   -74.622     0.88    2.80
 323377.279   -73.772     2.26    2.60
 323753.507   -73.879    -0.28    2.52
 324129.717   -73.959    -0.21    2.70
 324505.911   -73.657     0.80    3.17
 324882.088   -73.956    -0.79    3.41
