# NaN NaN NaN ;Mean Elev.(m), Avg Gradient(m/km), RMS Gradient(m/km) - SRTM1     
#  168.418  -0.203   1.313 ;Mean Elev.(m), Avg Gradient(m/km), RMS Gradient(m/km) - ASTER GDEM
#  169.168  -0.534   1.159 ;Mean Elev.(m), Avg Gradient(m/km), RMS Gradient(m/km) - GMTED2010 
  7   170.503 52468.23445031 47.66  70.952155  31.853052 34.205
  7   170.453 52468.23445095 43.75  70.951245  31.849772 34.205
  8   166.505 52503.23443963 50.05  70.950546  31.851668 36.752
  8   166.421 52503.23444027 50.68  70.949626  31.848378 36.752
  9   169.784 52538.23442312 39.43  70.960198  31.856178 34.698
  9   169.690 52538.23442376 36.15  70.959288  31.852888 34.698
 10   169.086 52573.23446464 33.44  70.951116  31.851776 31.192
 10   169.079 52573.23446528 30.89  70.950196  31.848486 31.192
 11   168.709 52608.23442232 43.70  70.954674  31.854500 33.453
 11   168.683 52608.23442296 34.51  70.953764  31.851220 33.453
 12   168.537 52643.23441771 31.35  70.955781  31.855652 35.802
 12   168.499 52643.23441836 35.61  70.954861  31.852372 35.802
 12   168.332 52643.23441900 35.42  70.953951  31.849082 35.802
 13   168.531 52678.23440003 31.87  70.956760  31.857480 29.824
 13   168.574 52678.23440068 42.54  70.955847  31.854199 40.791
 13   168.545 52678.23440132 41.87  70.954937  31.850909 40.791
 15   169.926 52748.23446371 46.00  70.943843  31.859983 35.620
 15   169.877 52748.23446435 47.43  70.942933  31.856703 35.620
 15   169.831 52748.23446500 42.71  70.942013  31.853423 35.620
 15   169.737 52748.23446564 40.43  70.941103  31.850133 35.620
 15   169.681 52748.23446629 38.60  70.940183  31.846853 35.620
 16   170.567 52783.23440416 45.84  70.957587  31.856811 33.949
 16   170.449 52783.23440481 43.51  70.956667  31.853531 33.949
 16   170.324 52783.23440545 45.04  70.955747  31.850241 33.949
 17   171.008 52818.23448184 44.20  70.956851  31.857739 31.900
 17   170.926 52818.23448248 45.21  70.955941  31.854449 31.900
 17   170.757 52818.23448313 47.47  70.955021  31.851169 31.900
 18   170.968 52853.23453136 43.01  70.958878  31.858401 31.960
 18   170.866 52853.23453200 43.40  70.957958  31.855121 31.960
 18   170.779 52853.23453265 42.76  70.957048  31.851831 31.960
 20   169.580 52923.23452138 38.36  70.949806  31.850816 33.440
 20   169.458 52923.23452203 40.45  70.948896  31.847536 33.440
 22   169.374 52993.23451220 34.50  70.959105  31.856966 38.180
 22   169.110 52993.23451284 39.85  70.958185  31.853686 38.180
 22   168.948 52993.23451349 41.38  70.957275  31.850396 38.180
 23   168.970 53028.23447683 34.90  70.956717  31.857669 40.236
 23   168.768 53028.23447748 43.08  70.955797  31.854379 40.236
 23   168.627 53028.23447812 37.46  70.954887  31.851099 40.236
 24   169.535 53063.23448499 29.36  70.962377  31.857682 30.254
 24   169.288 53063.23448563 30.15  70.961457  31.854392 30.254
 25   168.981 53098.23450154 40.57  70.948324  31.862651 43.225
 25   168.588 53098.23450347 28.69  70.945582  31.852799 28.915
 25   168.567 53098.23450412 31.35  70.944672  31.849519 28.915
 25   168.463 53098.23450476 38.86  70.943752  31.846229 28.915
 28   170.452 53203.23455825 43.01  70.953883  31.855770 33.787
 28   170.344 53203.23455889 44.00  70.952973  31.852490 33.787
 28   170.272 53203.23455954 44.67  70.952053  31.849200 33.787
 29   170.318 53238.23452648 41.23  70.959256  31.857178 31.640
 29   170.173 53238.23452713 40.79  70.958336  31.853888 31.640
 29   170.025 53238.23452777 43.74  70.957426  31.850608 31.640
 31   168.322 53308.23454653 33.29  70.950240  31.852664 31.054
 31   168.449 53308.23454718 28.98  70.949330  31.849384 31.054
 34   169.189 53413.23448809 26.67  70.959871  31.857747 26.945
 34   169.013 53413.23448873 29.14  70.958961  31.854467 26.945
 34   168.917 53413.23448938 31.81  70.958041  31.851177 26.945
 35   168.975 53448.23447624 26.61  70.960613  31.855914 24.815
 35   168.953 53448.23447688 31.76  70.959703  31.852634 24.815
 36   169.076 53483.23456269 35.48  70.948175  31.850934 33.154
 36   169.099 53483.23456334 34.89  70.947255  31.847654 33.154
 37   170.337 53518.23456102 47.12  70.955562  31.855860 37.721
 37   170.253 53518.23456167 44.92  70.954642  31.852570 37.721
 37   170.133 53518.23456231 44.32  70.953732  31.849290 37.721
 38   170.814 53553.23458427 46.93  70.946368  31.850271 30.742
 38   170.693 53553.23458492 50.00  70.945448  31.846991 30.742
 39   170.594 53588.23453254 41.52  70.958192  31.857695 33.415
 39   170.463 53588.23453318 41.92  70.957282  31.854415 33.415
 39   170.326 53588.23453382 45.38  70.956362  31.851125 33.415
 40   169.025 53623.23450477 39.11  70.952378  31.853931 29.616
 40   169.123 53623.23450542 34.84  70.951458  31.850651 29.616
 40   169.430 53623.23450606 32.94  70.950538  31.847371 29.616
 41   168.787 53658.23453183 42.63  70.955221  31.856035 32.003
 41   168.624 53658.23453247 37.34  70.954311  31.852745 32.003
 41   168.600 53658.23453312 36.52  70.953391  31.849465 32.003
 42   169.037 53693.23451393 32.76  70.951075  31.852564 26.604
 42   168.840 53693.23451458 32.64  70.950165  31.849284 26.604
 43   168.557 53728.23443656 41.07  70.953554  31.855216 27.002
 43   168.494 53728.23443721 32.18  70.952634  31.851936 27.002
 43   168.385 53728.23443785 29.72  70.951724  31.848646 27.002
 45   168.605 53798.23440402 30.79  70.956556  31.857449 28.834
 45   168.588 53798.23440467 41.41  70.955646  31.854169 28.834
 45   168.598 53798.23440531 34.83  70.954726  31.850879 28.834
 47   174.587 53868.23446380 30.38  70.955241  31.856829 33.701
 47   174.546 53868.23446445 29.99  70.954321  31.853549 33.701
 47   173.241 53868.23446509 27.70  70.953401  31.850259 33.701
 48   170.188 53903.23449617 38.94  70.953297  31.853681 29.499
 48   170.027 53903.23449682 41.15  70.952387  31.850401 29.499
 49   170.821 53938.23453088 44.94  70.946927  31.861994 26.526
 49   170.362 53938.23453281 40.09  70.944177  31.852134 26.526
 49   170.148 53938.23453346 39.95  70.943267  31.848854 26.526
 49   170.030 53938.23453410 40.84  70.942347  31.845574 26.526
 50   170.154 53973.23449516 34.96  70.948495  31.852983 22.082
 50   170.029 53973.23449581 35.00  70.947575  31.849693 22.082
 50   169.805 53973.23449645 38.36  70.946665  31.846413 22.082
 52   169.307 54043.23450559 26.84  70.962811  31.858397 18.062
 52   169.324 54043.23450624 29.74  70.961891  31.855107 18.062
 54   168.074 54113.23443914 30.20  70.948686  31.850209 24.743
 54   167.907 54113.23443979 30.73  70.947776  31.846929 24.743
 56   169.422 54183.23442784 35.90  70.950067  31.852624 25.864
 56   169.279 54183.23442848 36.65  70.949157  31.849344 25.864
 57   169.423 54218.23445281 42.89  70.955893  31.855929 25.136
 57   169.310 54218.23445346 37.25  70.954983  31.852649 25.136
 57   169.159 54218.23445410 37.65  70.954063  31.849359 25.136
 58   170.164 54253.23447823 36.85  70.954405  31.854259 23.486
 58   169.940 54253.23447888 37.84  70.953495  31.850979 23.486
 59   170.180 54288.23448226 39.27  70.956389  31.856084 29.636
 59   170.083 54288.23448290 40.10  70.955479  31.852804 29.636
 59   169.992 54288.23448354 44.29  70.954559  31.849514 29.636
 60   170.086 54323.23447937 36.29  70.956805  31.856818 25.061
 60   169.906 54323.23448001 43.48  70.955895  31.853538 25.061
 60   169.724 54323.23448065 37.52  70.954975  31.850248 25.061
 61   169.448 54358.23443719 34.75  70.951692  31.852946 19.873
 61   169.541 54358.23443784 33.50  70.950772  31.849656 19.873
 62   169.269 54393.23441975 33.46  70.956946  31.857250 32.297
 62   169.099 54393.23442039 40.24  70.956026  31.853970 32.297
 62   169.023 54393.23442104 34.64  70.955116  31.850680 32.297
 63   168.976 54428.23438728 37.97  70.954465  31.854367 30.105
 63   168.864 54428.23438792 32.35  70.953545  31.851077 30.105
 64   169.009 54463.23439814 24.40  70.958490  31.856867 20.264
 64   168.998 54463.23439878 26.61  70.957570  31.853587 20.264
 64   170.254 54463.23439943 24.39  70.956660  31.850297 20.264
 65   167.864 54498.23439619 31.40  70.955154  31.856152 34.725
 65   168.407 54498.23439684 30.31  70.954244  31.852872 34.725
 65   167.772 54498.23439748 28.95  70.953324  31.849582 34.725
 66   168.508 54533.23441182 28.95  70.958116  31.857179 22.113
 66   168.696 54533.23441247 32.28  70.957196  31.853899 22.113
 66   168.076 54533.23441311 28.33  70.956286  31.850609 22.113
 67   168.868 54568.23440076 33.74  70.951899  31.853386 28.386
 67   168.793 54568.23440140 33.49  70.950989  31.850106 28.386
 68   170.017 54603.23440645 38.38  70.956258  31.857733 31.877
 68   169.886 54603.23440709 40.27  70.955348  31.854453 31.877
 68   169.760 54603.23440774 40.34  70.954428  31.851173 31.877
 69   170.737 54638.23441803 45.95  70.953751  31.855984 34.302
 69   170.560 54638.23441867 45.32  70.952831  31.852694 34.302
 69   170.461 54638.23441932 46.80  70.951921  31.849414 34.302
 70   170.240 54673.23442129 40.03  70.952901  31.853475 33.919
 70   170.252 54673.23442194 41.64  70.951981  31.850195 33.919
 71   169.818 54708.23437952 41.17  70.954728  31.855237 33.584
 71   169.620 54708.23438017 38.72  70.953808  31.851947 33.584
 71   169.514 54708.23438081 36.60  70.952898  31.848667 33.584
 72   169.619 54743.23438659 40.73  70.956495  31.856733 35.043
 72   169.524 54743.23438723 40.68  70.955575  31.853443 35.043
 72   169.403 54743.23438788 39.58  70.954665  31.850163 35.043
 73   169.064 54778.23436202 30.56  70.955718  31.856356 25.836
 73   169.104 54778.23436267 33.63  70.954798  31.853066 25.836
 73   168.975 54778.23436331 31.10  70.953888  31.849786 25.836
 75   167.870 54848.23436169 31.19  70.953698  31.855524 21.293
 75   167.778 54848.23436233 29.67  70.952788  31.852244 21.293
 75   168.332 54848.23436298 28.46  70.951868  31.848964 21.293
 76   168.792 54883.23438377 31.30  70.955300  31.855840 24.204
 76   168.581 54883.23438442 31.68  70.954390  31.852560 24.204
 76   168.471 54883.23438506 31.25  70.953470  31.849280 24.204
 77   168.829 54918.23436482 31.17  70.948537  31.852692 23.482
 77   168.751 54918.23436547 30.01  70.947617  31.849412 23.482
 77   168.690 54918.23436611 30.26  70.946707  31.846122 23.482
 78   169.455 54953.23437760 38.85  70.955068  31.854771 30.681
 78   169.188 54953.23437824 35.89  70.954148  31.851491 30.681
 79   170.224 54988.23440248 39.31  70.952478  31.853109 32.179
 79   170.097 54988.23440312 39.81  70.951568  31.849829 32.179
 80   170.050 55023.23439392 44.70  70.955832  31.856381 35.518
 80   169.998 55023.23439457 39.98  70.954912  31.853091 35.518
 80   169.889 55023.23439521 39.29  70.954002  31.849811 35.518
 81   170.578 55058.23438938 43.93  70.954835  31.854850 36.089
 81   170.413 55058.23439002 39.21  70.953925  31.851570 36.089
 82   169.469 55093.23434511 33.11  70.950526  31.852193 26.361
 82   169.440 55093.23434575 32.07  70.949616  31.848913 26.361
 83   169.226 55128.23433040 35.31  70.955673  31.855270 28.434
 83   169.123 55128.23433104 33.74  70.954763  31.851990 28.434
 83   169.049 55128.23433169 32.64  70.953843  31.848710 28.434
 84   169.086 55163.23430627 37.29  70.953714  31.853932 23.808
 84   168.968 55163.23430691 31.24  70.952804  31.850652 23.808
 85   169.045 55198.23432123 32.13  70.956552  31.856079 31.516
 85   169.058 55198.23432188 31.39  70.955632  31.852789 31.516
 85   168.822 55198.23432252 29.54  70.954722  31.849509 31.516
 86   168.380 55233.23431149 29.31  70.950683  31.851402 23.467
 86   168.056 55233.23431214 31.49  70.949773  31.848122 23.467
 87   168.803 55268.23431567 28.64  70.956586  31.857893 25.425
 87   168.852 55268.23431632 33.10  70.955666  31.854603 25.425
 87   168.778 55268.23431696 27.96  70.954756  31.851323 25.425
 88   168.822 55303.23429007 32.55  70.952913  31.853701 24.929
 88   168.770 55303.23429072 28.27  70.952003  31.850411 24.929
 89   170.124 55338.23428955 45.61  70.954718  31.854668 28.172
 89   170.017 55338.23429020 38.10  70.953808  31.851388 28.172
 90   170.945 55373.23427999 50.18  70.955793  31.857125 42.226
 90   170.877 55373.23428063 51.06  70.954873  31.853835 42.226
 90   170.768 55373.23428128 49.96  70.953963  31.850555 42.226
 91   172.533 55408.23430052 32.16  70.958071  31.856049 19.910
 91   172.464 55408.23430117 35.71  70.957151  31.852769 19.910
 92   169.927 55443.23429844 25.36  70.954739  31.854305 18.842
 92   170.195 55443.23429908 24.80  70.953829  31.851025 18.842
 93   168.798 55478.23423826 45.84  70.951570  31.852065 24.496
 93   168.646 55478.23423891 38.48  70.950660  31.848785 24.496
