-304387.715   -43.814     0.00    3.95
-304012.236   -45.107    -3.44    3.40
-303636.740   -45.996    -2.37    2.85
-303261.226   -46.957    -2.56    1.81
-302885.696   -47.184    -0.60    1.22
-302510.149   -47.139     0.12    1.04
-302134.584   -47.002     0.36    1.36
-301759.003   -45.982     2.72    1.95
-301383.404   -45.957     0.07    1.94
-301007.789   -45.976    -0.05    1.93
-300632.156   -45.998    -0.06    1.57
-300256.507   -46.048    -0.13    1.24
-299880.840   -45.695     0.94    1.12
-299505.156   -45.662     0.09    1.19
-299129.455   -46.023    -0.96    1.11
-298753.737   -46.002     0.05    1.15
-298378.002   -46.136    -0.35    1.13
-298002.250   -46.252    -0.31    0.89
-297626.481   -46.298    -0.12    0.91
-297250.695   -46.231     0.18    0.96
-296874.892   -46.252    -0.06    0.96
-296499.071   -46.027     0.60    1.05
-296123.234   -45.957     0.19    1.04
-295747.379   -45.548     1.09    0.99
-295371.508   -45.393     0.41    1.01
-294995.619   -45.071     0.86    1.05
-294619.713   -44.957     0.30    1.06
-294243.790   -44.889     0.18    1.09
-293867.850   -44.643     0.65    1.12
-293491.892   -44.457     0.49    1.14
-293115.918   -43.821     1.69    1.67
-292739.926   -43.695     0.33    1.59
-292363.918   -43.593     0.27    1.48
-291987.892   -43.549     0.12    1.76
-291611.849   -43.821    -0.72    1.99
-291235.788   -43.556     0.70    2.44
-290859.711   -43.184     0.99    2.73
-290483.617   -43.298    -0.30    2.80
-290107.505   -43.882    -1.55    2.65
-289731.376   -44.707    -2.19    2.10
-289355.230   -45.335    -1.67    1.76
-288979.067   -44.765     1.52    3.21
-288602.887   -44.730     0.09    3.20
-288226.689   -44.695     0.09    3.16
-287850.474   -44.730    -0.09    3.20
-287474.242   -45.782    -2.80    1.52
-287097.993   -45.502     0.74    1.82
-286721.727   -45.755    -0.67    1.37
-286345.443   -46.230    -1.26    1.39
-285969.143   -46.162     0.18    1.28
-285592.825   -45.939     0.59    1.52
-285216.489   -45.207     1.94    1.88
-284840.137   -44.463     1.98    1.74
-284463.767   -44.255     0.55    1.71
-284087.380   -44.672    -1.11    1.65
-283710.976   -45.370    -1.85    1.54
-283334.555   -45.496    -0.33    1.31
-282958.116   -45.532    -0.10    1.31
-282581.660   -45.321     0.56    1.15
-282205.187   -44.792     1.40    1.09
-281828.697   -44.639     0.41    1.17
-281452.189   -45.300    -1.76    1.77
-281075.664   -45.987    -1.83    1.98
-280699.122   -46.821    -2.21    1.74
-280322.562   -47.184    -0.96    1.39
-279945.986   -47.183     0.00    1.07
-279569.392   -47.184    -0.00    1.06
-279192.780   -47.048     0.36    1.03
-278816.152   -47.025     0.06    1.15
-278439.506   -46.874     0.40    1.36
-278062.842   -46.502     0.99    1.37
-277686.162   -46.253     0.66    1.46
-277309.464   -45.993     0.69    1.39
-276932.749   -46.025    -0.09    1.50
-276556.016   -45.921     0.28    1.40
-276179.267   -45.707     0.57    1.41
-275802.499   -45.695     0.03    1.42
-275425.715   -45.480     0.57    1.53
-275048.913   -45.509    -0.08    1.54
-274672.094   -45.140     0.98    1.40
-274295.257   -44.389     1.99    1.81
-273918.403   -43.255     3.01    2.53
-273541.532   -42.707     1.45    2.46
-273164.644   -43.071    -0.96    2.60
-272787.738   -43.639    -1.51    2.65
-272410.814   -44.463    -2.19    1.84
-272033.874   -44.277     0.49    2.26
-271656.916   -43.277     2.65    2.97
-271279.940   -42.905     0.99    3.11
-270902.947   -42.602     0.80    3.40
-270525.937   -43.323    -1.91    3.48
-270148.910   -43.616    -0.78    3.60
-269771.865   -41.951     4.41    4.61
-269396.504   -41.730     0.59    4.60
-269022.879   -41.662     0.18    4.85
-268649.236   -42.389    -1.95    4.83
-268275.576   -43.593    -3.22    4.15
-267901.899   -44.934    -3.59    3.59
-267528.206   -45.889    -2.55    2.78
-267154.495   -46.788    -2.41    1.64
-266780.767   -47.207    -1.12    1.66
-266407.021   -47.480    -0.73    1.70
-266033.259   -47.798    -0.85    1.59
-265659.480   -48.048    -0.67    1.60
-265285.683   -48.160    -0.30    1.59
-264911.870   -47.502     1.76    1.39
-264538.039   -47.347     0.42    1.41
-264164.191   -47.416    -0.19    1.54
-263790.326   -47.798    -1.02    1.63
-263416.444   -48.412    -1.64    1.59
-263042.545   -48.616    -0.55    1.69
-262668.628   -48.812    -0.52    1.51
-262294.695   -48.649     0.44    1.71
-261920.744   -48.480     0.45    1.70
-261546.776   -48.672    -0.51    1.65
-261172.791   -48.651     0.06    1.56
-260798.789   -48.440     0.57    1.48
-260424.770   -48.629    -0.51    1.75
-260050.733   -48.912    -0.75    2.01
-259676.680   -49.088    -0.47    2.17
-259302.609   -49.162    -0.20    2.07
-258928.521   -48.788     1.00    2.13
-258554.416   -48.407     1.02    1.79
-258180.293   -48.021     1.03    1.30
-257806.154   -47.934     0.23    1.19
-257431.997   -47.412     1.40    1.55
-257057.823   -47.112     0.80    1.45
-256683.632   -46.934     0.47    1.40
-256309.423   -46.974    -0.11    1.34
-255935.197   -47.163    -0.50    1.28
-255560.955   -46.980     0.49    1.38
-255186.695   -46.763     0.58    1.55
-254812.417   -46.579     0.49    1.51
-254438.123   -46.517     0.17    1.30
-254063.811   -46.343     0.46    1.25
-253689.482   -46.393    -0.13    1.05
-253315.136   -46.323     0.19    1.03
-252940.772   -46.277     0.12    1.01
-252566.391   -46.274     0.01    1.01
-252191.993   -46.571    -0.79    0.99
-251817.578   -46.897    -0.87    1.18
-251443.145   -46.866     0.08    1.45
-251068.695   -46.571     0.79    1.66
-250694.228   -46.695    -0.33    1.64
-250319.744   -46.626     0.19    1.48
-249945.242   -47.071    -1.19    1.30
-249570.723   -47.298    -0.61    1.27
-249196.187   -47.588    -0.77    1.43
-248821.633   -47.821    -0.62    1.51
-248447.062   -48.067    -0.66    1.49
-248072.474   -48.347    -0.74    1.67
-247697.869   -48.616    -0.72    1.67
-247323.246   -48.659    -0.12    1.71
-246948.606   -48.480     0.48    1.66
-246573.948   -48.672    -0.51    1.58
-246199.273   -48.662     0.03    1.53
-245824.581   -48.858    -0.52    1.34
-245449.872   -48.866    -0.02    1.16
-245075.145   -48.730     0.36    1.21
-244700.401   -48.302     1.14    1.16
-244325.639   -48.340    -0.10    1.41
-243950.861   -48.184     0.42    1.35
-243576.064   -47.980     0.54    1.44
-243201.251   -47.765     0.57    1.28
-242826.420   -47.540     0.60    1.09
-242451.572   -47.347     0.52    0.91
-242076.706   -47.421    -0.20    0.90
-241701.823   -47.651    -0.61    0.97
-241326.922   -47.858    -0.55    1.04
-240952.005   -47.912    -0.14    1.25
-240577.069   -48.021    -0.29    1.47
-240202.117   -48.051    -0.08    1.74
-239827.147   -47.957     0.25    1.67
-239452.159   -48.064    -0.29    1.76
-239077.154   -47.866     0.53    1.72
-238702.132   -48.389    -1.39    1.50
-238327.092   -48.389     0.00    1.45
-237952.035   -48.556    -0.45    1.40
-237576.961   -48.445     0.30    1.56
-237201.869   -48.366     0.21    1.36
-236826.760   -48.393    -0.07    1.37
-236451.633   -48.480    -0.23    1.37
-236076.488   -48.230     0.66    1.30
-235701.327   -48.163     0.18    1.41
-235326.148   -48.093     0.18    1.42
-234950.951   -48.397    -0.81    1.29
-234575.737   -48.184     0.57    1.61
-234200.505   -48.253    -0.19    1.45
-233825.256   -48.140     0.30    1.47
-233449.990   -47.889     0.67    1.60
-233074.706   -47.859     0.08    1.55
-232699.404   -47.707     0.41    1.53
-232324.085   -47.416     0.77    1.46
-231948.749   -47.021     1.05    1.45
-231573.395   -46.934     0.23    1.44
-231198.024   -46.412     1.39    1.42
-230822.635   -46.025     1.03    1.60
-230447.228   -45.821     0.54    1.50
-230071.804   -45.821     0.00    1.28
-229696.363   -45.998    -0.47    1.32
-229320.904   -45.843     0.41    1.20
-228945.427   -45.548     0.79    1.31
-228569.933   -45.207     0.91    1.35
-228194.421   -45.184     0.06    1.30
-227818.892   -44.775     1.09    1.30
-227443.346   -44.571     0.54    1.28
-227067.781   -44.928    -0.95    1.35
-226692.200   -44.775     0.41    1.50
-226316.600   -44.662     0.30    1.72
-225940.983   -44.696    -0.09    1.69
-225565.349   -44.768    -0.19    1.55
-225189.697   -45.071    -0.81    1.53
-224814.027   -45.184    -0.30    1.27
-224438.340   -45.525    -0.91    1.16
-224062.635   -45.579    -0.14    1.02
-223686.913   -45.321     0.69    1.33
-223311.173   -45.025     0.79    1.39
-222935.415   -44.730     0.79    1.39
-222559.640   -44.730     0.00    1.41
-222183.848   -45.116    -1.03    1.27
-221808.037   -45.412    -0.79    1.17
-221432.209   -45.626    -0.57    1.24
-221056.364   -45.440     0.49    1.36
-220680.500   -45.002     1.16    1.49
-220304.620   -44.548     1.21    1.52
-219928.721   -44.662    -0.30    1.69
-219552.805   -44.616     0.12    1.83
-219176.871   -45.253    -1.70    1.90
-218800.920   -46.136    -2.35    1.94
-218424.951   -46.160    -0.07    1.70
-218048.964   -45.816     0.92    2.02
-217672.960   -45.730     0.23    1.75
-217296.938   -45.385     0.92    2.66
-216920.898   -45.440    -0.15    2.71
-216544.841   -45.843    -1.07    2.63
-216168.766   -45.826     0.05    2.69
-215792.673   -46.389    -1.50    1.32
-215416.562   -46.323     0.17    1.28
-215040.434   -46.370    -0.12    1.45
-214664.289   -46.525    -0.41    1.49
-214288.125   -46.255     0.72    1.75
-213911.944   -45.940     0.84    1.96
-213535.745   -45.718     0.59    1.66
-213159.528   -45.775    -0.15    1.73
-212783.294   -45.731     0.12    1.53
-212407.042   -45.835    -0.28    1.20
-212030.772   -45.707     0.34    1.23
-211654.485   -45.426     0.75    1.35
-211278.180   -45.184     0.64    1.30
-210901.857   -45.093     0.24    1.22
-210525.516   -45.326    -0.62    1.13
-210149.158   -45.207     0.32    1.14
-209772.782   -45.109     0.26    1.18
-209396.388   -45.025     0.22    1.33
-209019.976   -44.993     0.09    1.41
-208643.546   -45.093    -0.27    1.24
-208267.099   -45.137    -0.12    1.39
-207890.634   -45.156    -0.05    1.21
-207514.151   -45.025     0.35    1.04
-207137.651   -44.832     0.51    1.13
-206761.133   -44.874    -0.11    1.28
-206384.596   -44.533     0.91    1.34
-206008.042   -44.389     0.38    1.48
-205631.471   -44.093     0.78    1.47
-205254.881   -44.002     0.24    1.36
-204878.274   -44.116    -0.30    1.25
-204501.649   -44.064     0.14    1.35
-204125.006   -44.029     0.09    1.32
-203748.345   -44.118    -0.24    1.24
-203371.666   -44.184    -0.17    1.41
-202994.970   -44.434    -0.66    1.26
-202618.256   -44.865    -1.14    1.24
-202241.524   -44.752     0.30    1.19
-201864.774   -44.509     0.65    1.35
-201488.006   -44.207     0.80    1.23
-201111.220   -44.274    -0.18    1.23
-200734.417   -43.987     0.76    1.29
-200357.595   -44.207    -0.58    1.16
-199980.756   -44.207     0.00    1.55
-199603.899   -44.071     0.36    1.59
-199227.024   -43.843     0.60    1.54
-198850.131   -43.881    -0.10    1.38
-198473.220   -43.662     0.58    1.45
-198096.292   -43.524     0.36    1.51
-197719.345   -43.412     0.30    1.50
-197342.381   -43.277     0.36    1.35
-196965.398   -42.866     1.09    1.70
-196588.398   -42.579     0.76    1.53
-196211.380   -42.482     0.26    1.41
-195834.344   -42.775    -0.78    1.47
-195457.290   -42.731     0.12    1.25
-195080.218   -42.564     0.44    1.25
-194703.128   -42.275     0.77    1.26
-194328.155   -42.025     0.67    1.53
-193954.587   -42.229    -0.54    1.57
-193581.001   -42.061     0.45    1.82
-193207.397   -42.002     0.16    1.75
-192833.776   -42.137    -0.36    1.28
-192460.137   -41.850     0.77    1.10
-192086.480   -41.866    -0.04    1.24
-191712.806   -41.974    -0.29    1.32
-191339.114   -42.316    -0.91    1.37
-190965.405   -42.524    -0.56    1.35
-190591.678   -42.480     0.12    1.17
-190217.933   -42.556    -0.20    1.29
-189844.171   -42.493     0.17    1.37
-189470.391   -42.412     0.22    1.53
-189096.593   -42.649    -0.63    1.62
-188722.778   -42.851    -0.54    1.46
-188348.946   -42.557     0.79    1.48
-187975.095   -42.707    -0.40    1.37
-187601.227   -42.742    -0.09    1.40
-187227.341   -42.897    -0.42    1.24
-186853.438   -42.912    -0.04    1.11
-186479.517   -42.969    -0.15    1.23
-186105.578   -42.896     0.20    1.41
-185731.622   -43.061    -0.44    1.51
-185357.647   -43.298    -0.63    1.48
-184983.656   -43.230     0.18    1.46
-184609.646   -43.469    -0.64    1.45
-184235.619   -43.366     0.27    1.52
-183861.574   -43.207     0.43    1.61
-183487.512   -42.829     1.01    1.47
-183113.431   -42.588     0.64    1.46
-182739.333   -42.707    -0.32    1.47
-182365.218   -42.184     1.40    1.46
-181991.084   -42.139     0.12    1.61
-181616.933   -41.957     0.49    1.53
-181242.764   -41.683     0.73    1.49
-180868.578   -41.366     0.85    1.55
-180494.373   -40.802     1.51    1.62
-180120.151   -40.684     0.32    1.77
-179745.911   -40.719    -0.09    1.87
-179371.654   -40.684     0.09    1.85
-178997.378   -40.980    -0.79    1.80
-178623.085   -41.040    -0.16    1.54
-178248.775   -41.163    -0.33    1.45
-177874.446   -40.874     0.77    1.69
-177500.100   -41.025    -0.40    1.50
-177125.735   -41.114    -0.24    1.57
-176751.353   -40.821     0.78    1.57
-176376.954   -40.684     0.36    1.78
-176002.536   -40.421     0.70    1.82
-175628.101   -39.785     1.70    1.94
-175253.648   -39.493     0.78    2.00
-174879.177   -39.370     0.33    1.74
-174504.688   -39.719    -0.93    1.96
-174130.182   -40.048    -0.88    1.93
-173755.657   -39.752     0.79    1.74
-173381.115   -39.945    -0.51    2.22
-173006.555   -39.829     0.31    2.21
-172631.977   -40.742    -2.44    2.12
-172257.382   -41.370    -1.68    2.38
-171882.768   -42.347    -2.61    1.90
-171508.137   -43.407    -2.83    2.10
-171133.488   -43.509    -0.27    2.14
-170758.821   -43.350     0.43    2.33
-170384.136   -43.096     0.68    2.51
-170009.433   -42.556     1.44    2.41
-169634.712   -42.137     1.12    2.49
-169259.974   -42.137     0.00    2.67
-168885.218   -42.318    -0.48    2.52
-168510.443   -42.230     0.24    2.46
-168135.651   -41.939     0.78    2.73
-167760.841   -41.798     0.38    2.75
-167386.013   -41.048     2.00    2.69
-167011.168   -40.730     0.85    2.30
-166636.304   -40.393     0.90    2.17
-166261.422   -40.639    -0.66    2.05
-165886.523   -41.071    -1.15    2.26
-165511.606   -40.969     0.27    2.85
-165136.670   -40.934     0.09    2.56
-164761.717   -40.775     0.42    2.57
-164386.746   -40.321     1.21    2.40
-164011.757   -40.160     0.43    2.37
-163636.750   -39.843     0.85    2.36
-163261.725   -39.412     1.15    2.23
-162886.682   -39.347     0.17    2.26
-162511.621   -39.563    -0.58    2.21
-162136.542   -39.866    -0.81    2.23
-161761.445   -39.707     0.42    1.95
-161386.331   -39.775    -0.18    1.86
-161011.198   -39.434     0.91    1.90
-160636.047   -39.002     1.15    1.96
-160260.879   -38.184     2.18    2.60
-159885.692   -36.829     3.61    3.01
-159510.487   -35.912     2.45    3.35
-159135.265   -35.963    -0.14    3.21
-158760.024   -35.616     0.92    3.01
-158384.765   -35.616     0.00    3.24
-158009.489   -35.296     0.85    2.95
-157634.194   -35.321    -0.07    2.92
-157258.882   -35.579    -0.69    2.90
-156883.551   -35.684    -0.28    2.38
-156508.202   -35.626     0.16    2.68
-156132.836   -35.389     0.63    2.80
-155757.451   -34.496     2.38    2.84
-155382.048   -33.389     2.95    2.86
-155006.627   -33.118     0.72    2.89
-154631.189   -32.626     1.31    2.85
-154255.732   -32.321     0.81    3.13
-153880.257   -31.980     0.91    3.26
-153504.764   -31.389     1.57    3.51
-153129.253   -31.385     0.01    3.53
-152753.724   -31.775    -1.04    4.04
-152378.176   -31.785    -0.03    3.77
-152002.611   -31.486     0.80    3.45
-151627.028   -31.207     0.74    3.58
-151251.426   -30.370     2.23    2.57
-150875.807   -30.571    -0.53    2.91
-150500.169   -30.321     0.67    3.12
-150124.514   -30.616    -0.79    3.28
-149748.840   -31.366    -2.00    3.24
-149373.148   -31.597    -0.62    2.99
-148997.438   -31.496     0.27    2.76
-148621.710   -31.074     1.12    2.66
-148245.964   -30.775     0.79    2.35
-147870.199   -30.897    -0.33    2.28
-147494.417   -31.323    -1.13    2.39
-147118.616   -31.163     0.43    2.30
-146742.797   -31.064     0.26    2.42
-146366.960   -30.684     1.01    2.82
-145991.105   -30.230     1.21    2.70
-145615.232   -29.980     0.67    2.32
-145239.341   -29.434     1.45    2.57
-144863.431   -29.475    -0.11    2.06
-144487.503   -29.571    -0.25    2.23
-144111.558   -29.255     0.84    2.43
-143735.594   -29.571    -0.84    2.30
-143359.611   -29.162     1.09    2.24
-142983.611   -29.160     0.00    2.33
-142607.592   -29.321    -0.43    2.35
-142231.556   -29.157     0.44    2.25
-141855.501   -28.480     1.80    2.16
-141479.427   -27.835     1.71    2.34
-141103.336   -27.684     0.40    2.31
-140727.226   -27.298     1.03    2.18
-140351.099   -26.957     0.91    1.97
-139974.953   -26.866     0.24    1.76
-139598.788   -26.475     1.04    1.48
-139222.606   -26.251     0.59    2.24
-138846.405   -26.980    -1.94    2.69
-138470.186   -27.137    -0.42    2.78
-138093.949   -27.252    -0.31    2.60
-137717.694   -27.857    -1.61    2.27
-137341.420   -28.139    -0.75    1.92
-136965.128   -27.850     0.77    2.07
-136588.818   -27.718     0.35    2.02
-136212.489   -27.412     0.81    1.91
-135836.143   -27.649    -0.63    1.97
-135459.777   -27.525     0.33    1.57
-135083.394   -27.402     0.33    1.29
-134706.993   -27.184     0.58    1.55
-134330.573   -26.579     1.61    1.89
-133954.135   -25.889     1.83    2.00
-133577.678   -25.651     0.63    2.21
-133201.203   -25.207     1.18    2.06
-132824.710   -25.502    -0.78    2.41
-132448.199   -25.817    -0.83    2.31
-132071.669   -25.778     0.10    2.19
-131695.121   -25.662     0.31    2.46
-131318.555   -25.571     0.24    2.09
-130941.970   -25.077     1.31    2.38
-130565.367   -24.573     1.34    2.38
-130188.746   -24.407     0.44    2.36
-129812.106   -24.502    -0.25    2.36
-129435.448   -24.593    -0.24    2.10
-129058.772   -24.093     1.33    1.98
-128682.077   -24.370    -0.73    2.14
-128305.364   -24.468    -0.26    2.14
-127928.632   -24.300     0.45    2.30
-127551.883   -24.340    -0.11    2.26
-127175.114   -24.434    -0.25    2.26
-126798.328   -24.272     0.43    2.57
-126421.523   -24.321    -0.13    2.46
-126044.699   -24.626    -0.81    2.54
-125667.858   -24.412     0.57    2.72
-125290.998   -24.502    -0.24    2.41
-124914.119   -23.957     1.45    2.53
-124537.222   -23.071     2.35    2.50
-124160.307   -22.752     0.84    2.01
-123783.373   -22.571     0.48    1.64
-123406.421   -22.866    -0.78    1.85
-123029.450   -22.571     0.78    2.14
-122652.461   -22.585    -0.04    2.14
-122275.453   -22.874    -0.77    2.07
-121898.427   -22.684     0.50    2.13
-121521.383   -22.918    -0.62    1.96
-121144.320   -22.651     0.71    2.08
-120767.239   -22.253     1.06    1.96
-120390.139   -21.998     0.68    1.85
-120013.021   -22.163    -0.44    1.88
-119635.884   -22.207    -0.12    1.79
-119261.303   -22.429    -0.59    2.15
-118887.796   -22.480    -0.14    2.15
-118514.271   -22.548    -0.18    2.37
-118140.728   -22.649    -0.27    2.53
-117767.166   -21.755     2.39    2.45
-117393.587   -21.385     0.99    2.07
-117019.989   -21.469    -0.23    1.93
-116646.373   -21.139     0.88    1.80
-116272.739   -20.934     0.55    1.97
-115899.087   -21.071    -0.36    2.13
-115525.417   -20.905     0.44    2.01
-115151.728   -20.719     0.50    2.11
-114778.022   -20.684     0.09    1.85
-114404.297   -20.564     0.32    1.75
-114030.554   -20.577    -0.03    1.54
-113656.793   -20.571     0.02    1.57
-113283.014   -20.412     0.43    1.72
-112909.217   -19.951     1.23    1.97
-112535.401   -19.755     0.53    1.95
-112161.567   -19.048     1.89    1.80
-111787.716   -18.841     0.55    1.93
-111413.846   -18.740     0.27    1.91
-111039.957   -18.866    -0.34    1.57
-110666.051   -18.662     0.55    1.53
-110292.126   -18.440     0.59    1.59
-109918.183   -18.061     1.01    1.93
-109544.222   -18.002     0.16    2.52
-109170.243   -18.157    -0.41    2.79
-108796.246   -18.118     0.10    2.43
-108422.230   -18.207    -0.24    2.32
-108048.196   -18.184     0.06    1.82
-107674.144   -18.556    -0.99    1.73
-107300.073   -18.882    -0.87    1.79
-106925.985   -18.775     0.29    1.70
-106551.878   -18.732     0.12    1.87
-106177.753   -18.874    -0.38    1.88
-105803.609   -19.275    -1.07    1.91
-105429.447   -19.480    -0.55    1.80
-105055.268   -19.579    -0.27    1.80
-104681.069   -19.457     0.33    1.90
-104306.853   -19.002     1.21    1.85
-103932.618   -18.607     1.06    1.66
-103558.365   -18.585     0.06    1.34
-103184.094   -18.548     0.10    1.16
-102809.804   -18.230     0.85    1.27
-102435.496   -18.298    -0.18    1.43
-102061.170   -18.282     0.04    1.47
-101686.826   -18.207     0.20    1.45
-101312.463   -18.107     0.27    1.43
-100938.082   -17.851     0.68    1.45
-100563.682   -17.765     0.23    1.37
-100189.264   -17.593     0.46    1.43
 -99814.828   -17.340     0.68    1.36
 -99440.374   -17.207     0.36    1.32
 -99065.901   -16.684     1.40    1.61
 -98691.410   -16.524     0.43    1.60
 -98316.900   -16.274     0.67    1.63
 -97942.373   -16.160     0.30    1.56
 -97567.826   -15.912     0.66    1.85
 -97193.262   -15.629     0.75    1.88
 -96818.679   -15.329     0.80    1.93
 -96444.078   -15.002     0.87    1.90
 -96069.458   -15.305    -0.81    2.06
 -95694.820   -15.275     0.08    2.21
 -95320.164   -15.707    -1.15    1.95
 -94945.489   -15.765    -0.16    1.78
 -94570.796   -15.607     0.42    1.74
 -94196.084   -15.532     0.20    1.64
 -93821.354   -15.548    -0.04    1.43
 -93446.606   -15.134     1.10    1.84
 -93071.839   -15.321    -0.50    1.94
 -92697.054   -15.252     0.18    2.05
 -92322.250   -15.253    -0.00    2.10
 -91947.428   -15.096     0.42    1.81
 -91572.587   -14.857     0.64    1.55
 -91197.729   -14.593     0.70    1.37
 -90822.851   -14.707    -0.30    1.20
 -90447.955   -14.412     0.79    1.41
 -90073.041   -14.230     0.48    1.61
 -89698.108   -13.928     0.80    1.52
 -89323.157   -13.518     1.09    1.49
 -88948.188   -13.757    -0.64    1.72
 -88573.200   -13.593     0.44    1.59
 -88198.193   -13.302     0.78    1.56
 -87823.168   -13.137     0.44    1.53
 -87448.124   -13.229    -0.25    1.64
 -87073.062   -13.112     0.31    1.74
 -86697.982   -13.316    -0.54    1.59
 -86322.883   -13.278     0.10    1.76
 -85947.765   -13.139     0.37    1.78
 -85572.629   -12.951     0.50    1.65
 -85197.475   -12.821     0.35    1.51
 -84822.302   -12.639     0.48    1.47
 -84447.110   -12.159     1.28    1.40
 -84071.900   -11.924     0.63    1.53
 -83696.672   -11.493     1.15    1.63
 -83321.425   -11.457     0.10    1.53
 -82946.159   -11.548    -0.24    1.63
 -82570.875   -11.468     0.21    1.77
 -82195.572   -11.730    -0.70    1.76
 -81820.251   -11.347     1.02    1.90
 -81444.911   -11.207     0.37    1.83
 -81069.553   -11.114     0.25    1.64
 -80694.176   -11.074     0.11    1.39
 -80318.780   -11.251    -0.47    1.49
 -79943.366   -11.120     0.35    1.40
 -79567.933   -11.407    -0.76    1.58
 -79192.482   -11.480    -0.19    1.45
 -78817.012   -11.229     0.67    1.45
 -78441.524   -11.548    -0.85    1.55
 -78066.017   -11.340     0.55    1.41
 -77690.491   -11.274     0.18    1.36
 -77314.947   -11.274     0.00    1.23
 -76939.384   -11.251     0.06    1.22
 -76563.803   -11.316    -0.17    1.25
 -76188.203   -11.474    -0.42    1.12
 -75812.584   -10.785     1.83    1.29
 -75436.947   -10.440     0.92    1.54
 -75061.291    -9.874     1.51    1.38
 -74685.616    -9.843     0.08    1.57
 -74309.923    -9.889    -0.12    1.65
 -73934.211   -10.033    -0.38    1.45
 -73558.480   -10.252    -0.58    1.18
 -73182.731   -10.140     0.30    1.25
 -72806.963   -10.207    -0.18    1.13
 -72431.177    -9.772     1.16    1.41
 -72055.372    -9.323     1.19    1.55
 -71679.548    -9.184     0.37    1.36
 -71303.705    -8.918     0.71    1.36
 -70927.844    -8.626     0.78    1.33
 -70551.964    -8.629    -0.01    1.56
 -70176.065    -8.326     0.81    1.27
 -69800.148    -8.120     0.55    1.11
 -69424.212    -7.934     0.49    1.11
 -69048.257    -8.118    -0.49    1.10
 -68672.284    -7.974     0.38    1.09
 -68296.292    -8.451    -1.27    1.22
 -67920.281    -8.548    -0.26    1.16
 -67544.251    -8.457     0.24    1.21
 -67168.203    -8.207     0.66    1.19
 -66792.136    -7.980     0.60    1.34
 -66416.050    -7.730     0.66    1.25
 -66039.945    -7.474     0.68    1.39
 -65663.822    -7.507    -0.09    1.49
 -65287.680    -7.343     0.44    1.27
 -64911.519    -7.012     0.88    1.29
 -64535.339    -6.775     0.63    1.02
 -64159.141    -6.593     0.48    0.97
 -63782.924    -6.533     0.16    0.99
 -63406.688    -6.457     0.20    1.26
 -63030.433    -6.132     0.86    1.27
 -62654.160    -5.866     0.71    1.27
 -62277.867    -5.602     0.70    1.24
 -61901.556    -5.407     0.52    1.14
 -61525.226    -5.366     0.11    1.20
 -61148.878    -5.302     0.17    1.21
 -60772.510    -4.866     1.16    1.35
 -60396.124    -4.646     0.58    1.52
 -60019.719    -4.502     0.38    1.58
 -59643.295    -4.207     0.78    1.45
 -59266.852    -4.184     0.06    1.27
 -58890.390    -4.229    -0.12    1.25
 -58513.910    -4.231    -0.00    1.05
 -58137.410    -4.274    -0.11    1.18
 -57760.892    -4.137     0.36    1.20
 -57384.355    -3.866     0.72    1.31
 -57007.799    -3.674     0.51    1.62
 -56631.225    -3.664     0.03    1.95
 -56254.631    -3.412     0.67    2.12
 -55878.018    -3.136     0.73    2.10
 -55501.387    -2.674     1.23    2.01
 -55124.737    -2.412     0.70    1.80
 -54748.068    -2.139     0.72    1.62
 -54371.380    -2.093     0.12    1.67
 -53994.673    -2.252    -0.42    1.71
 -53617.947    -2.366    -0.30    1.71
 -53241.202    -2.389    -0.06    1.54
 -52864.438    -2.502    -0.30    1.73
 -52487.656    -2.251     0.67    1.71
 -52110.854    -2.389    -0.36    1.78
 -51734.034    -2.389     0.00    1.57
 -51357.194    -2.116     0.72    1.68
 -50980.336    -2.096     0.05    1.68
 -50603.459    -2.207    -0.29    1.49
 -50226.563    -2.114     0.25    1.69
 -49849.647    -1.851     0.70    1.55
 -49472.713    -1.921    -0.19    1.52
 -49095.760    -1.585     0.89    1.51
 -48718.788    -1.230     0.94    1.52
 -48341.797    -1.363    -0.35    1.68
 -47964.787    -1.116     0.65    1.60
 -47587.758    -1.064     0.14    1.68
 -47210.710    -0.616     1.19    1.60
 -46833.644    -0.350     0.71    1.32
 -46456.558    -0.340     0.03    1.32
 -46079.453    -0.251     0.24    1.43
 -45702.329    -0.370    -0.31    1.57
 -45325.186    -0.434    -0.17    1.63
 -44948.024    -0.232     0.54    1.82
 -44570.843    -0.025     0.55    1.78
 -44196.648     0.072     0.26    1.83
 -43823.201     0.437     0.98    1.71
 -43449.735     1.171     1.96    1.84
 -43076.250     1.293     0.33    1.97
 -42702.747     1.407     0.30    1.77
 -42329.225     1.243    -0.44    2.06
 -41955.684     1.225    -0.05    1.91
 -41582.125     1.281     0.15    1.75
 -41208.547     0.949    -0.89    1.74
 -40834.951     1.171     0.59    1.60
 -40461.336     1.165    -0.02    1.53
 -40087.702     0.884    -0.75    1.54
 -39714.049     0.818    -0.18    1.10
 -39340.378     0.793    -0.07    1.28
 -38966.688     0.909     0.31    1.38
 -38592.980     1.504     1.59    1.73
 -38219.252     2.149     1.72    1.65
 -37845.506     2.421     0.73    1.68
 -37471.742     2.349    -0.19    1.65
 -37097.958     2.168    -0.48    1.78
 -36724.156     1.929    -0.64    1.64
 -36350.335     2.061     0.35    1.61
 -35976.496     2.202     0.38    1.48
 -35602.637     2.088    -0.30    1.44
 -35228.760     1.909    -0.48    1.48
 -34854.865     2.215     0.82    1.48
 -34480.950     2.493     0.74    1.47
 -34107.017     2.588     0.26    1.32
 -33733.065     3.183     1.59    1.20
 -33359.094     3.407     0.60    1.24
 -32985.105     3.338    -0.18    1.70
 -32611.096     3.111    -0.61    1.90
 -32237.069     3.060    -0.14    1.78
 -31863.024     2.968    -0.25    1.47
 -31488.959     3.498     1.42    1.27
 -31114.876     3.909     1.10    1.33
 -30740.773     3.888    -0.06    1.39
 -30366.652     4.126     0.64    1.64
 -29992.513     4.384     0.69    1.63
 -29618.354     4.945     1.50    1.65
 -29244.177     4.412    -1.42    2.78
 -28869.981     3.593    -2.19    3.22
 -28495.766     2.002    -4.25    3.17
 -28121.532     1.179    -2.20    2.76
 -27747.279     1.060    -0.32    2.62
 -27373.008     1.015    -0.12    2.63
 -26998.717     0.726    -0.77    2.21
 -26624.408    -0.112    -2.24    1.71
 -26250.080    -0.385    -0.73    1.28
 -25875.733    -0.300     0.23    1.27
 -25501.368    -0.318    -0.05    1.47
 -25126.983     0.020     0.90    1.31
 -24752.580    -0.055    -0.20    1.26
 -24378.157     0.407     1.23    1.42
 -24003.716     0.328    -0.21    1.47
 -23629.256     0.149    -0.48    1.63
 -23254.777     0.142    -0.02    1.57
 -22880.280    -0.074    -0.58    1.53
 -22505.763     0.304     1.01    1.67
 -22131.227     0.489     0.49    1.75
 -21756.673     0.460    -0.08    1.71
 -21382.099     0.407    -0.14    1.90
 -21007.507     0.260    -0.39    1.70
 -20632.896     0.020    -0.64    1.72
 -20258.266     0.282     0.70    1.93
 -19883.616     0.498     0.58    1.72
 -19508.948     0.593     0.25    1.69
 -19134.262     0.615     0.06    1.59
 -18759.556     0.657     0.11    1.36
 -18384.831     0.926     0.72    1.22
 -18010.087     0.884    -0.11    1.10
 -17635.324     0.952     0.18    1.06
 -17260.543     1.215     0.70    1.01
 -16885.742     1.338     0.33    1.02
 -16510.922     1.452     0.30    1.06
 -16136.084     1.510     0.16    1.11
 -15761.226     1.593     0.22    1.12
 -15386.349     1.498    -0.25    1.11
 -15011.454     1.607     0.29    1.07
 -14636.539     1.726     0.32    1.10
 -14261.606     1.817     0.24    1.12
 -13886.653     1.771    -0.12    1.06
 -13511.682     1.926     0.41    1.29
 -13136.691     2.171     0.65    1.15
 -12761.682     2.537     0.98    1.43
 -12386.653     2.793     0.68    1.46
 -12011.605     2.749    -0.12    1.35
 -11636.539     2.650    -0.26    1.32
 -11261.453     2.728     0.21    1.16
 -10886.348     2.884     0.42    1.12
 -10511.224     3.282     1.06    1.04
 -10136.082     3.498     0.57    1.13
  -9760.920     3.317    -0.48    1.13
  -9385.739     3.566     0.66    1.14
  -9010.539     3.818     0.67    1.35
  -8635.320     4.260     1.18    1.36
  -8260.082     4.634     1.00    1.31
  -7884.824     5.111     1.27    1.22
  -7509.548     5.482     0.99    1.12
  -7134.253     5.549     0.18    1.02
  -6758.938     5.566     0.04    0.99
  -6383.604     5.671     0.28    1.03
  -6008.252     5.682     0.03    0.93
  -5632.880     5.702     0.05    0.88
  -5257.489     6.072     0.99    1.08
  -4882.079     5.971    -0.27    1.15
  -4506.650     5.918    -0.14    1.26
  -4131.202     5.816    -0.27    0.95
  -3755.734     5.626    -0.50    0.99
  -3380.248     5.634     0.02    0.89
  -3004.742     5.588    -0.12    0.88
  -2629.217     4.566    -2.72    2.10
  -2253.673     3.304    -3.36    2.81
  -1878.110     1.693    -4.29    2.60
  -1502.528     1.043    -1.73    2.14
  -1126.926     0.793    -0.67    1.87
   -751.305     0.723    -0.19    2.21
   -375.666     0.860     0.36    2.23
     -0.007     0.837    -0.06    2.26
    375.672     1.119     0.75    2.26
    751.369     1.555     1.16    2.16
   1127.086     2.082     1.40    2.27
   1502.821     2.634     1.47    2.23
   1878.576     2.907     0.73    2.09
   2254.351     2.860    -0.12    2.13
   2630.144     2.952     0.25    2.37
   3005.957     3.250     0.79    2.86
   3381.788     2.861    -1.03    2.68
   3757.640     3.237     1.00    2.62
   4133.510     3.793     1.48    2.62
   4509.399     4.282     1.30    2.56
   4885.308     5.326     2.78    1.93
   5261.236     5.384     0.15    1.69
   5637.184     5.634     0.66    1.20
   6013.150     5.998     0.97    1.13
   6389.136     6.134     0.36    1.14
   6765.141     6.282     0.39    1.18
   7141.165     6.725     1.18    1.21
   7517.209     6.815     0.24    1.48
   7893.272     7.250     1.16    1.36
   8269.354     7.149    -0.27    1.32
   8645.456     7.179     0.08    1.35
   9021.576     7.537     0.95    1.14
   9397.717     7.749     0.56    1.35
   9773.876     7.888     0.37    1.45
  10150.055     8.032     0.38    1.54
  10526.253     8.384     0.94    1.60
  10902.470     8.260    -0.33    1.77
  11278.707     8.248    -0.03    1.81
  11654.963     8.354     0.28    1.75
  12031.238     8.202    -0.40    1.77
  12407.533     8.031    -0.45    1.45
  12783.847     7.904    -0.34    1.21
  13160.180     8.338     1.15    1.39
  13536.533     8.634     0.79    1.49
  13912.905     8.770     0.36    1.37
  14289.297     9.013     0.64    1.01
  14665.707     9.702     1.83    1.75
  15042.138    10.674     2.58    2.35
  15418.587    12.015     3.56    2.28
  15795.056    13.415     3.72    1.56
  16171.545    14.212     2.12    1.65
  16548.052    14.504     0.78    1.85
  16924.579    14.418    -0.23    1.90
  17301.126    14.657     0.63    1.76
  17677.692    15.010     0.94    1.60
  18054.277    15.361     0.93    1.56
  18430.882    15.260    -0.27    1.55
  18807.507    15.269     0.03    1.71
  19184.150    15.532     0.70    1.91
  19560.813    15.960     1.14    2.11
  19937.496    16.407     1.19    2.16
  20314.198    16.619     0.56    1.72
  20690.919    17.054     1.15    1.65
  21067.660    17.657     1.60    1.68
  21444.421    18.338     1.81    1.78
  21821.200    19.163     2.19    1.64
  22198.000    19.725     1.49    1.40
  22574.818    20.043     0.84    1.43
  22951.657    20.793     1.99    1.37
  23328.514    21.066     0.72    1.39
  23705.392    21.193     0.34    1.39
  24082.288    21.402     0.55    1.48
  24459.205    21.637     0.63    1.52
  24836.140    22.149     1.36    1.54
  25213.095    22.630     1.28    1.25
  25590.070    22.989     0.95    1.31
  25967.064    23.026     0.10    1.23
  26344.078    22.837    -0.50    1.11
  26721.112    22.771    -0.18    1.14
  27098.164    22.554    -0.58    1.06
  27475.237    22.349    -0.54    1.08
  27852.329    22.744     1.05    1.34
  28229.440    23.149     1.07    1.15
  28606.571    23.452     0.80    1.06
  28983.722    23.748     0.78    1.06
  29360.892    23.861     0.30    1.13
  29738.082    23.650    -0.56    1.28
  30115.291    23.452    -0.53    1.49
  30492.520    23.061    -1.04    1.45
  30866.331    22.926    -0.36    1.32
  31239.716    23.088     0.43    1.11
  31613.120    23.526     1.17    1.25
  31986.544    23.975     1.20    1.21
  32359.987    24.103     0.34    1.46
  32733.449    24.248     0.39    1.39
  33106.930    24.281     0.09    1.14
  33480.430    24.429     0.40    1.08
  33853.950    24.157    -0.73    1.01
  34227.488    23.971    -0.50    1.07
  34601.046    23.793    -0.48    1.04
  34974.623    24.174     1.02    1.38
  35348.220    24.316     0.38    1.50
  35721.835    25.068     2.01    1.72
  36095.470    25.498     1.15    1.52
  36469.124    25.482    -0.04    1.49
  36842.797    25.593     0.30    1.63
  37216.490    25.907     0.84    1.94
  37590.201    25.929     0.06    1.96
  37963.932    25.750    -0.48    1.70
  38337.682    25.891     0.38    1.61
  38711.452    26.260     0.99    1.69
  39085.241    26.837     1.55    1.45
  39459.049    27.305     1.25    1.26
  39832.876    27.815     1.37    1.20
  40206.723    28.193     1.01    1.29
  40580.588    28.641     1.20    1.09
  40954.473    28.983     0.92    1.17
  41328.378    29.215     0.62    1.10
  41702.302    29.049    -0.45    1.20
  42076.245    29.482     1.16    1.10
  42450.207    29.860     1.01    0.94
  42824.189    30.054     0.52    0.93
  43198.190    30.060     0.02    1.05
  43572.210    30.225     0.44    1.35
  43946.249    30.510     0.76    1.75
  44320.308    30.886     1.00    1.77
  44694.387    31.237     0.94    1.63
  45068.484    31.571     0.89    1.68
  45442.601    31.336    -0.63    1.73
  45816.738    31.304    -0.09    1.77
  46190.893    31.361     0.15    1.84
  46565.068    30.836    -1.40    1.89
  46939.263    31.111     0.73    1.88
  47313.476    31.482     0.99    1.69
  47687.710    31.993     1.37    1.29
  48061.962    32.860     2.32    1.47
  48436.234    33.771     2.43    1.67
  48810.525    34.679     2.43    1.50
  49184.836    35.793     2.98    1.62
  49559.166    36.929     3.04    1.85
  49933.516    37.998     2.85    1.91
  50307.884    39.015     2.72    1.80
  50682.273    40.066     2.81    1.85
  51056.681    40.989     2.47    1.96
  51431.108    41.725     1.97    1.82
  51805.554    42.437     1.90    2.04
  52180.020    43.510     2.87    2.37
  52554.506    44.882     3.66    2.77
  52929.011    46.498     4.31    2.79
  53303.535    48.126     4.35    2.47
  53678.079    49.445     3.52    2.54
  54052.642    50.886     3.85    2.56
  54427.225    52.126     3.31    2.49
  54801.827    53.452     3.54    2.47
  55176.449    54.749     3.46    2.93
  55551.090    56.460     4.57    2.93
  55925.751    57.888     3.81    2.41
  56300.431    59.549     4.43    2.69
  56675.130    61.769     5.93    2.98
  57049.849    63.282     4.04    2.78
  57424.588    64.838     4.15    2.51
  57799.346    65.725     2.37    2.28
  58174.124    67.202     3.94    2.63
  58548.921    68.700     4.00    2.33
  58923.738    70.384     4.49    2.41
  59298.574    71.888     4.01    2.15
  59673.430    72.838     2.54    2.17
  60048.305    74.126     3.44    2.34
  60423.200    75.374     3.33    2.43
  60798.114    76.815     3.84    2.40
  61173.048    77.720     2.41    2.30
  61548.002    79.020     3.47    2.42
  61922.975    79.983     2.57    2.57
  62297.967    80.704     1.92    2.24
  62672.980    82.361     4.42    2.62
  63048.011    83.907     4.12    3.06
  63423.063    86.593     7.16    3.76
  63798.134    89.013     6.45    3.82
  64173.224    92.998    10.62    5.79
  64548.334    98.351    14.27    8.95
  64923.464   106.384    21.41   13.83
  65298.613   120.097    36.56   18.88
  65673.782   132.637    33.43   21.14
  66048.971   153.815    56.45   29.60
  66424.179   192.031   101.86   60.47
  66799.407   248.126   149.51   85.50
  67174.654   321.933   196.70  100.99
  67549.921   384.526   166.81   91.34
  67925.208   443.336   156.72   87.15
  68300.515   488.293   119.79   81.02
  68675.841   531.054   113.94   96.64
  69051.186   570.611   105.40  104.47
  69426.552   583.380    34.02  115.87
  69801.937   548.202   -93.72  129.95
  70177.341   528.270   -53.10  122.80
  70552.766   516.282   -31.93  108.60
  70928.210   560.248   117.11  120.88
  71303.674   615.032   145.92  115.90
  71679.157   638.358    62.13   84.39
  72054.660   609.615   -76.55  112.71
  72430.183   527.615  -218.38  147.79
  72805.726   434.840  -247.06  113.58
  73181.288   349.010  -228.55   75.37
  73556.870   318.491   -81.27   62.24
  73932.471   292.389   -69.50   50.37
  74308.093   271.141   -56.57   30.61
  74683.734   259.237   -31.69   24.92
  75059.395   246.861   -32.95   23.08
  75435.076   229.269   -46.83   20.16
  75810.776   217.837   -30.43   18.18
  76186.496   213.960   -10.32   16.31
  76562.236   211.091    -7.64   13.15
  76937.996   211.725     1.69   11.98
  77313.775   213.225     3.99   10.80
  77689.574   216.460     8.61   10.24
  78065.393   221.374    13.08    9.89
  78441.232   231.157    26.03   18.51
  78817.091   243.126    31.85   20.38
  79192.969   254.282    29.68   18.42
  79568.867   259.549    14.01   12.31
  79944.785   259.467    -0.22    8.62
  80320.723   255.749    -9.89    7.07
  80696.680   251.143   -12.25    7.18
  81072.658   246.134   -13.32    7.33
  81448.655   241.384   -12.63    5.55
  81824.672   237.215   -11.09    5.08
  82200.709   233.526    -9.81    4.85
  82576.766   230.816    -7.21    4.33
  82952.842   226.684   -10.99    4.37
  83328.938   223.208    -9.24    4.09
  83705.055   219.860    -8.90    4.71
  84081.191   215.566   -11.42    4.80
  84457.347   212.193    -8.97    4.37
  84833.523   208.771    -9.10    4.18
  85209.718   204.975   -10.09    3.97
  85585.934   201.836    -8.34    4.05
  85962.169   198.543    -8.75    3.88
  86338.425   196.104    -6.48    3.53
  86714.700   193.793    -6.14    3.95
  87090.995   191.770    -5.38    3.49
  87467.310   189.663    -5.60    4.32
  87843.645   187.202    -6.54    4.29
  88220.000   184.437    -7.35    4.16
  88596.375   182.015    -6.44    3.74
  88972.770   179.770    -5.96    3.32
  89349.184   177.349    -6.43    2.77
  89725.619   175.198    -5.71    2.86
  90102.074   172.793    -6.39    2.83
  90478.548   170.882    -5.08    2.48
  90855.042   168.967    -5.09    2.29
  91231.557   167.149    -4.83    2.30
  91608.091   165.571    -4.19    2.44
  91984.646   163.437    -5.67    2.46
  92361.220   161.543    -5.03    2.47
  92737.814   159.815    -4.59    2.24
  93114.428   158.225    -4.22    2.06
  93491.063   156.815    -3.74    2.07
  93867.717   155.225    -4.22    2.04
  94244.391   153.816    -3.74    2.03
  94621.085   152.361    -3.86    1.85
  94997.799   151.412    -2.52    1.79
  95374.534   150.660    -2.00    2.27
  95751.288   149.566    -2.90    2.60
  96128.062   149.043    -1.39    2.28
  96504.856   148.615    -1.14    2.16
  96881.671   148.891     0.73    1.97
  97258.505   148.926     0.09    2.46
  97635.360   149.498     1.52    2.79
  98012.234   149.384    -0.30    3.23
  98389.129   149.293    -0.24    3.07
  98766.043   150.097     2.13    2.73
  99142.978   151.141     2.77    2.48
  99519.932   152.861     4.56    2.64
  99896.907   154.615     4.65    2.63
 100273.902   156.225     4.27    2.46
 100650.917   156.929     1.87    2.01
 101027.952   157.445     1.37    1.95
 101405.007   157.043    -1.07    1.69
 101782.082   155.949    -2.90    1.89
 102159.178   154.904    -2.77    2.34
 102536.293   154.293    -1.62    2.51
 102913.429   153.815    -1.27    2.62
 103290.584   153.747    -0.18    2.79
 103667.760   153.945     0.53    2.59
 104044.956   153.193    -1.99    3.01
 104422.172   152.554    -1.69    3.06
 104799.408   151.634    -2.44    3.12
 105176.665   150.682    -2.52    2.82
 105553.941   149.482    -3.18    2.71
 105927.378   148.086    -3.74    2.78
 106300.702   145.532    -6.84    3.65
 106674.045   142.293    -8.68    3.46
 107047.409   140.349    -5.21    3.33
 107420.792   138.882    -3.93    2.63
 107794.194   139.149     0.71    2.72
 108167.617   139.293     0.39    2.74
 108541.059   140.055     2.04    2.90
 108914.521   140.134     0.21    2.63
 109288.003   139.603    -1.42    3.08
 109661.504   138.815    -2.11    3.12
 110035.025   138.549    -0.71    3.06
 110408.566   138.816     0.72    2.49
 110782.127   138.971     0.42    2.23
 111155.707   139.061     0.24    2.43
 111529.308   138.134    -2.48    1.79
 111902.928   138.235     0.27    1.91
 112276.568   138.237     0.01    1.90
 112650.227   138.293     0.15    1.96
 113023.907   138.157    -0.36    1.97
 113397.606   137.149    -2.70    2.00
 113771.325   136.579    -1.52    1.63
 114145.064   135.566    -2.71    1.83
 114518.823   132.915    -7.09    5.08
 114892.601   131.111    -4.83    5.77
 115266.399   130.054    -2.83    5.36
 115640.218   128.952    -2.95    5.24
 116014.056   128.380    -1.53    5.42
 116387.913   128.452     0.19    4.93
 116761.791   127.706    -2.00    4.85
 117135.689   128.293     1.57    5.35
 117509.606   129.971     4.49    4.54
 117883.543   132.504     6.78    3.03
 118257.501   133.971     3.92    3.00
 118631.478   134.771     2.14    2.59
 119005.475   135.206     1.16    3.02
 119379.491   133.923    -3.43    3.52
 119753.528   132.863    -2.84    3.29
 120127.585   131.942    -2.46    2.69
 120501.661   132.452     1.36    2.51
 120875.757   133.682     3.29    2.91
 121249.874   135.619     5.18    3.36
 121624.010   137.532     5.11    3.13
 121998.166   139.215     4.50    3.17
 122372.342   140.725     4.03    3.11
 122746.538   142.076     3.61    2.61
 123120.754   143.225     3.07    2.38
 123494.990   144.415     3.18    2.04
 123869.246   145.793     3.68    2.08
 124243.522   147.460     4.45    2.41
 124617.817   149.184     4.61    2.41
 124992.133   150.588     3.75    1.92
 125366.469   151.437     2.27    2.06
 125740.824   151.423    -0.04    2.71
 126115.200   150.816    -1.62    3.68
 126489.595   150.660    -0.42    4.05
 126864.011   150.055    -1.62    4.06
 127238.446   150.119     0.17    3.29
 127612.902   150.351     0.62    2.85
 127987.378   150.358     0.02    2.14
 128361.873   150.926     1.52    2.14
 128736.389   150.728    -0.53    2.24
 129110.924   149.015    -4.57    3.51
 129485.480   148.364    -1.74    4.02
 129860.056   147.361    -2.68    4.27
 130234.651   146.864    -1.33    5.74
 130609.267   147.526     1.77    7.21
 130983.903   147.429    -0.26    7.69
 131358.558   147.020    -1.09    6.86
 131733.234   146.015    -2.68    4.94
 132107.930   146.165     0.40    3.38
 132482.646   148.929     7.38    4.72
 132857.382   152.933    10.68    5.24
 133232.138   156.549     9.65    5.73
 133606.915   161.907    14.30    5.96
 133981.711   166.338    11.83    5.91
 134356.527   171.171    12.89    5.16
 134731.364   174.745     9.54    3.72
 135106.220   177.407     7.10    2.64
 135481.097   178.863     3.88    2.49
 135855.994   178.429    -1.16    3.21
 136230.911   176.358    -5.52    4.75
 136605.848   173.975    -6.36    4.72
 136980.805   171.902    -5.53    3.48
 137355.782   171.630    -0.72    2.40
 137730.779   173.119     3.97    3.17
 138105.797   175.398     6.08    3.55
 138480.835   177.504     5.62    3.23
 138855.892   179.684     5.81    2.71
 139230.970   181.336     4.41    2.95
 139606.069   182.882     4.12    3.15
 139981.187   184.679     4.79    2.80
 140356.325   186.516     4.90    2.58
 140731.484   188.498     5.28    2.18
 141106.663   190.149     4.40    2.32
 141481.862   191.482     3.55    1.96
 141857.081   192.793     3.49    2.00
 142232.321   194.460     4.44    2.02
 142607.580   195.543     2.89    2.15
 142982.860   197.104     4.16    2.13
 143358.160   198.576     3.92    2.26
 143733.480   199.882     3.48    2.18
 144108.821   201.437     4.14    2.35
 144484.181   202.722     3.42    2.37
 144859.562   203.750     2.74    2.67
 145234.964   203.975     0.60    2.93
 145610.385   204.728     2.01    3.21
 145985.827   204.725    -0.01    3.53
 146361.289   205.070     0.92    3.19
 146736.771   205.952     2.35    2.90
 147112.273   206.842     2.37    2.68
 147487.796   209.060     5.91    3.39
 147863.339   211.983     7.79    3.26
 148238.902   214.926     7.84    2.96
 148614.486   217.504     6.86    2.97
 148990.090   220.444     7.83    3.79
 149365.714   223.860     9.09    4.89
 149741.358   227.245     9.01    4.40
 150117.023   230.293     8.11    3.89
 150492.708   233.270     7.93    3.14
 150868.413   235.371     5.59    2.97
 151244.139   237.815     6.51    2.76
 151619.885   239.485     4.45    2.08
 151995.652   240.571     2.89    1.87
