-124967.027   510.556     0.00   91.72
-124590.440   485.653   -66.14   89.99
-124213.873   441.165  -118.16   65.86
-123837.327   428.955   -32.43   64.23
-123460.801   407.987   -55.69   62.60
-123084.295   380.562   -72.85   63.03
-122707.810   352.105   -75.59   68.74
-122331.345   301.953  -133.23   62.69
-121954.901   264.805   -98.69   47.00
-121578.477   237.018   -73.83   39.24
-121202.074   216.098   -55.58   24.45
-120825.691   201.841   -37.88   17.61
-120449.328   189.996   -31.48   17.13
-120072.986   177.705   -32.66   14.84
-119696.664   167.143   -28.07   13.79
-119320.362   158.692   -22.46   11.32
-118944.081   151.518   -19.07   10.26
-118567.820   144.920   -17.54    8.97
-118191.579   140.000   -13.08    8.13
-117815.359   134.583   -14.40    7.42
-117439.159   129.091   -14.60    6.86
-117062.980   124.083   -13.31    6.71
-116686.821   119.148   -13.12    5.65
-116310.682   115.366   -10.06    5.09
-115934.563   111.209   -11.05    4.79
-115558.465   108.805    -6.39    4.57
-115182.387   106.409    -6.37    4.04
-114806.329   105.433    -2.60    3.91
-114430.292   107.254     4.84    4.08
-114054.275   108.920     4.43    3.79
-113678.278   110.364     3.84    3.13
-113302.301   110.587     0.59    2.90
-112926.345   109.767    -2.18    3.33
-112550.409   109.159    -1.62    3.24
-112174.493   107.898    -3.36    3.22
-111798.598   107.098    -2.13    3.34
-111422.723   106.054    -2.78    3.25
-111046.868   104.659    -3.71    3.07
-110671.033   102.192    -6.57    3.18
-110295.218   100.263    -5.13    3.40
-109919.424    98.320    -5.17    3.73
-109543.650    96.076    -5.97    3.78
-109167.896    94.876    -3.19    3.49
-108792.163    94.540    -0.89    3.07
-108416.449    94.648     0.29    2.62
-108040.756    94.170    -1.27    2.64
-107665.083    93.273    -2.39    2.86
-107289.430    91.343    -5.14    2.86
-106913.798    89.365    -5.27    3.01
-106538.185    87.182    -5.81    2.91
-106162.593    84.779    -6.40    3.74
-105787.021    81.887    -7.70    3.88
-105411.469    79.565    -6.18    3.88
-105035.937    77.475    -5.57    3.43
-104660.425    75.876    -4.26    3.73
-104284.934    76.032     0.41    3.27
-103909.463    77.091     2.82    4.56
-103534.012    80.257     8.43    5.35
-103158.581    82.909     7.07    5.07
-102783.170    85.154     5.98    5.14
-102407.779    86.170     2.71    4.71
-102032.408    87.090     2.45    4.16
-101657.058    87.228     0.37    3.74
-101281.727    87.005    -0.59    3.37
-100906.417    85.743    -3.36    3.52
-100531.127    84.386    -3.62    3.24
-100155.857    84.686     0.80    4.05
 -99780.607    85.068     1.02    4.31
 -99405.377    85.909     2.24    4.29
 -99030.167    85.343    -1.51    4.20
 -98654.977    84.665    -1.81    3.71
 -98279.808    85.228     1.50    3.41
 -97904.658    86.624     3.72    3.45
 -97529.529    89.165     6.77    3.72
 -97154.419    91.765     6.93    4.74
 -96779.330    95.143     9.01    5.21
 -96404.260    98.320     8.47    4.81
 -96029.211   100.933     6.97    4.98
 -95654.182   102.091     3.09    4.94
 -95279.172   103.316     3.27    5.54
 -94904.183   103.787     1.26    5.27
 -94529.214   103.083    -1.88    5.34
 -94154.265   103.114     0.08    5.41
 -93779.335   103.105    -0.02    5.34
 -93404.426   103.886     2.08    6.09
 -93029.537   103.714    -0.46    6.32
 -92654.668   103.505    -0.56    5.97
 -92279.818   101.773    -4.62    6.37
 -91904.989   100.062    -4.57    6.22
 -91530.180    99.931    -0.35    6.23
 -91155.391   101.127     3.19    6.82
 -90780.621   104.659     9.43    7.23
 -90405.872   105.562     2.41    6.06
 -90031.142   106.000     1.17    4.43
 -89656.433   104.987    -2.70    4.26
 -89281.743   102.182    -7.49    4.35
 -88907.074    99.475    -7.23    4.35
 -88532.424    97.562    -5.11    4.88
 -88157.795    95.887    -4.47    5.00
 -87783.185    94.170    -4.58    4.73
 -87408.595    93.209    -2.57    4.60
 -87034.025    92.209    -2.67    4.17
 -86659.475    91.498    -1.90    4.77
 -86284.945    90.250    -3.33    5.02
 -85910.435    89.388    -2.30    5.51
 -85535.944    87.137    -6.01    5.64
 -85161.474    85.822    -3.51    6.72
 -84787.023    85.192    -1.68    9.12
 -84412.593    85.953     2.03   13.03
 -84038.182    87.698     4.66   16.61
 -83663.791    90.293     6.93   19.44
 -83289.420    94.192    10.42   21.18
 -82915.069    93.124    -2.85   20.14
 -82540.738    87.367   -15.38   19.88
 -82166.426    77.841   -25.45   19.34
 -81792.135    70.322   -20.09   18.12
 -81417.863    63.143   -19.18   14.11
 -81043.611    60.526    -6.99   11.39
 -80669.379    59.091    -3.83    9.49
 -80295.167    58.385    -1.89    7.25
 -79920.974    63.898    14.73   12.62
 -79546.801    74.841    29.25   20.52
 -79172.649    89.387    38.88   21.87
 -78798.516   105.320    42.59   17.92
 -78424.402   115.502    27.22   14.68
 -78050.309   122.682    19.19   13.79
 -77676.235   128.005    14.23   13.71
 -77302.182   133.276    14.09   15.73
 -76928.148   136.502     8.63   15.53
 -76554.133   135.587    -2.45   15.54
 -76180.139   136.920     3.57   14.16
 -75806.164   137.991     2.86   12.53
 -75432.209   145.476    20.02   17.75
 -75058.274   154.559    24.29   18.77
 -74684.358   164.455    26.47   18.67
 -74310.463   176.955    33.43   20.28
 -73936.587   186.432    25.35   20.42
 -73562.730   199.098    33.88   21.26
 -73188.894   211.318    32.69   19.19
 -72815.077   228.148    45.03   24.18
 -72441.280   245.171    45.54   24.66
 -72067.503   261.498    43.68   29.29
 -71693.745   267.409    15.82   32.53
 -71320.007   272.137    12.65   38.34
 -70946.289   278.453    16.90   44.48
 -70572.590   279.366     2.44   45.72
 -70198.912   298.324    50.74   53.68
 -69825.252   314.743    43.94   53.80
 -69451.613   330.692    42.69   53.20
 -69077.993   343.014    32.98   48.32
 -68704.393   370.320    73.09   55.93
 -68330.812   406.779    97.60   54.53
 -67957.252   424.235    46.73   52.97
 -67583.711   421.165    -8.22   58.23
 -67210.189   416.341   -12.92   60.13
 -66836.687   415.996    -0.92   49.66
 -66463.205   433.728    47.48   51.64
 -66089.742   462.032    75.79   50.93
 -65716.300   467.864    15.62   45.96
 -65342.876   457.978   -26.48   56.50
 -64969.473   448.214   -26.15   56.53
 -64596.088   448.637     1.13   50.46
 -64222.724   463.192    38.99   46.97
 -63849.379   477.453    38.20   39.65
 -63476.054   493.366    42.63   43.26
 -63101.064   507.565    37.87   47.70
 -62723.812   526.000    48.87   50.32
 -62346.581   545.801    52.49   60.73
 -61969.369   546.296     1.31   69.60
 -61592.178   531.344   -39.64   64.73
 -61215.006   535.496    11.01   57.17
 -60837.855   543.475    21.16   60.91
 -60460.724   561.809    48.62   64.20
 -60083.612   574.481    33.60   69.45
 -59706.521   539.779   -92.03   93.69
 -59329.449   495.340  -117.86  102.43
 -58952.398   455.822  -104.81   84.94
 -58575.367   423.476   -85.80   55.22
 -58198.355   418.209   -13.97   52.09
 -57821.364   403.705   -38.48   44.49
 -57444.392   383.709   -53.05   32.27
 -57067.441   369.609   -37.41   27.57
 -56690.509   354.223   -40.82   17.18
 -56313.597   348.476   -15.25    9.45
 -55936.706   346.965    -4.01    8.01
 -55559.834   348.909     5.16    8.28
 -55182.982   349.500     1.57    8.06
 -54806.150   351.171     4.43    7.48
 -54429.338   353.318     5.70    6.60
 -54052.546   356.953     9.65    6.27
 -53675.774   360.932    10.56    6.58
 -53299.022   365.844    13.04    6.29
 -52922.289   369.052     8.52    5.11
 -52545.577   369.987     2.48    5.61
 -52168.884   368.340    -4.37    6.27
 -51792.212   366.728    -4.28    7.73
 -51415.559   365.098    -4.33    8.53
 -51038.926   362.583    -6.68    9.89
 -50662.313   359.987    -6.89    9.77
 -50285.720   356.568    -9.08   10.15
 -49909.147   353.720    -7.56   10.09
 -49532.593   349.054   -12.39    9.94
 -49156.060   345.750    -8.77    9.71
 -48779.546   341.475   -11.36    8.07
 -48403.052   339.750    -4.58    6.66
 -48026.578   337.965    -4.74    5.08
 -47650.124   337.214    -2.00    5.50
 -47273.689   335.987    -3.26    6.65
 -46897.275   333.187    -7.44    7.10
 -46520.880   331.100    -5.55    6.31
 -46144.505   329.083    -5.36    5.45
 -45768.150   329.932     2.26    6.29
 -45391.815   330.232     0.80    7.11
 -45015.499   330.978     1.98    7.91
 -44639.204   331.090     0.30    8.93
 -44262.928   331.637     1.45    8.34
 -43886.672   333.184     4.11    8.83
 -43510.435   334.520     3.55    9.33
 -43134.219   334.735     0.57   10.84
 -42758.022   336.698     5.22   13.37
 -42381.845   341.343    12.35   18.33
 -42005.687   349.028    20.43   19.17
 -41629.550   360.637    30.86   15.65
 -41253.432   367.386    17.94   15.58
 -40877.334   372.943    14.78   16.85
 -40501.256   383.364    27.71   21.97
 -40125.197   396.114    33.91   26.36
 -39749.158   424.565    75.66   42.99
 -39373.139   457.838    88.49   51.18
 -38997.140   511.682   143.21   70.19
 -38621.160   558.886   125.55   54.93
 -38245.200   565.000    16.26   51.70
 -37869.260   517.888  -125.32   93.53
 -37493.339   460.698  -152.14  109.11
 -37117.438   385.127  -201.05  103.92
 -36741.557   315.767  -184.53   81.00
 -36365.696   277.698  -101.29   70.80
 -35989.854   263.898   -36.72   67.45
 -35614.032   245.609   -48.66   75.64
 -35238.229   225.540   -53.41   80.36
 -34862.446   191.388   -90.89   69.56
 -34486.683   149.192  -112.30   58.62
 -34110.939   107.909  -109.87   42.13
 -33735.216    74.822   -88.06   38.69
 -33359.511    44.796   -79.92   27.20
 -32983.827    27.841   -45.13   17.08
 -32608.162    18.366   -25.22    8.62
 -32232.516    13.341   -13.38    2.29
 -31856.891    12.279    -2.83    1.67
 -31481.285    11.648    -1.68    1.14
 -31105.698    11.298    -0.93    1.21
 -30730.131    11.098    -0.53    1.26
 -30354.584    10.735    -0.97    1.23
 -29979.056    10.714    -0.06    1.17
 -29603.548    10.647    -0.18    1.34
 -29228.060    10.729     0.22    1.34
 -28852.591    11.062     0.89    1.37
 -28477.141    11.387     0.87    1.34
 -28101.712    11.387    -0.00    1.42
 -27726.302    11.171    -0.57    1.57
 -27350.911    10.965    -0.55    1.66
 -26975.540    10.580    -1.03    1.60
 -26600.188    10.062    -1.38    1.43
 -26224.856     9.728    -0.89    1.44
 -25849.544     9.500    -0.61    1.38
 -25474.251     9.409    -0.24    1.29
 -25098.978     9.247    -0.43    1.25
 -24723.724     9.273     0.07    1.34
 -24348.489     8.981    -0.78    1.29
 -23973.275     8.932    -0.13    1.17
 -23598.079     8.832    -0.27    1.32
 -23222.904     8.773    -0.16    1.54
 -22847.747     8.654    -0.32    1.57
 -22472.611     8.604    -0.13    1.49
 -22097.493     8.500    -0.28    1.41
 -21722.396     8.600     0.27    1.44
 -21347.317     8.818     0.58    1.72
 -20972.258     9.432     1.64    1.64
 -20597.219     9.818     1.03    1.57
 -20222.199     9.698    -0.32    1.18
 -19847.199     9.559    -0.37    1.29
 -19472.218     9.228    -0.88    1.30
 -19097.256     8.781    -1.19    1.20
 -18722.314     8.159    -1.66    1.35
 -18347.392     8.232     0.19    1.30
 -17972.489     8.432     0.53    1.34
 -17597.605     8.409    -0.06    1.40
 -17222.741     8.457     0.13    1.29
 -16847.896     8.298    -0.42    1.39
 -16473.070     7.619    -1.81    1.34
 -16098.264     7.409    -0.56    1.40
 -15723.478     7.276    -0.36    1.20
 -15348.710     7.257    -0.05    1.37
 -14973.963     7.822     1.51    1.61
 -14599.234     7.944     0.33    1.59
 -14224.525     8.409     1.24    1.64
 -13849.835     9.014     1.61    1.59
 -13475.165     8.676    -0.90    1.64
 -13100.514     8.654    -0.06    1.65
 -12725.883     8.366    -0.77    1.49
 -12351.271     8.254    -0.30    1.38
 -11976.678     8.000    -0.68    1.56
 -11602.104     7.965    -0.09    1.69
 -11227.550     8.091     0.34    1.75
 -10853.016     7.609    -1.29    1.91
 -10478.500     7.453    -0.42    1.79
 -10104.004     7.159    -0.78    1.75
  -9729.527     7.209     0.13    1.78
  -9355.070     7.387     0.47    1.65
  -8980.632     7.409     0.06    1.46
  -8606.213     7.182    -0.61    1.33
  -8231.814     7.137    -0.12    1.30
  -7857.433     7.609     1.26    1.50
  -7483.073     7.887     0.74    1.69
  -7108.731     8.192     0.82    1.75
  -6734.409     8.543     0.94    1.62
  -6360.106     8.143    -1.07    1.71
  -5985.822     7.523    -1.66    1.59
  -5611.558     7.296    -0.61    1.66
  -5237.313     6.720    -1.54    1.89
  -4863.087     6.100    -1.66    2.08
  -4488.880     5.214    -2.37    2.39
  -4114.693     4.159    -2.82    1.97
  -3740.525     4.009    -0.40    1.57
  -3366.376     3.682    -0.87    1.86
  -2992.246     3.454    -0.61    1.88
  -2618.136     3.068    -1.03    2.61
  -2244.045     2.671    -1.06    3.25
  -1869.973     1.301    -3.66    3.23
  -1495.920     0.100    -3.21    2.85
  -1121.887    -0.546    -1.73    2.03
   -747.873    -0.772    -0.60    1.42
   -373.878    -0.591     0.49    1.61
      0.098     0.023     1.64    1.87
    374.055     0.141     0.32    1.82
    747.992     0.568     1.14    1.85
   1121.911     0.481    -0.23    1.64
   1495.810     0.276    -0.55    1.59
   1869.689     0.159    -0.31    1.45
   2243.550    -0.250    -1.09    1.55
   2617.392    -0.302    -0.14    1.67
   2991.214    -0.281     0.06    1.87
   3365.017    -0.113     0.45    1.99
   3738.801     0.336     1.20    1.66
   4112.566     0.565     0.61    1.55
   4486.312     0.387    -0.48    1.13
   4860.038     0.455     0.18    1.26
   5233.746     0.343    -0.30    1.18
   5607.434     0.385     0.11    1.01
   5981.103     0.659     0.73    1.06
   6354.754     0.624    -0.10    1.07
   6728.384     0.476    -0.40    1.10
   7101.996     0.387    -0.24    1.15
   7475.589    -0.227    -1.64    1.35
   7849.163    -0.546    -0.85    1.55
   8222.717    -0.376     0.45    3.43
   8596.253    -0.659    -0.76    3.41
   8969.769    -0.664    -0.01    3.69
   9343.266    -0.909    -0.66    3.87
   9716.744    -1.772    -2.31    2.76
  10090.204    -1.704     0.18    3.43
  10463.644    -1.946    -0.65    3.26
  10837.065    -1.972    -0.07    2.59
  11210.466    -2.035    -0.17    2.01
  11583.849    -1.591     1.19    2.53
  11959.322    -1.977    -1.03    2.43
  12336.524    -2.302    -0.86    2.14
  12713.707    -2.454    -0.40    1.56
  13090.870    -2.213     0.64    1.75
  13468.014    -1.777     1.16    2.31
  13845.138    -1.873    -0.26    2.57
  14222.243    -2.172    -0.79    2.92
  14599.329    -2.502    -0.87    2.65
  14976.395    -3.035    -1.41    2.45
  15353.441    -3.069    -0.09    2.79
  15730.468    -2.613     1.21    3.12
  16107.476    -1.932     1.81    3.51
  16484.464    -1.069     2.29    3.14
  16861.433    -0.235     2.21    2.10
  17238.383    -0.386    -0.40    1.13
  17615.313    -0.591    -0.54    1.19
  17992.224    -0.909    -0.84    1.18
  18369.115    -1.168    -0.69    1.36
  18745.987    -1.199    -0.08    1.24
  19122.840    -1.680    -1.27    1.38
  19499.673    -1.968    -0.77    1.45
  19876.487    -2.091    -0.32    1.27
  20253.281    -2.069     0.06    1.03
  20630.056    -2.136    -0.18    1.09
  21006.812    -2.324    -0.50    1.10
  21383.548    -2.591    -0.71    1.18
  21760.265    -2.835    -0.65    1.17
  22136.963    -3.295    -1.22    1.19
  22513.642    -3.591    -0.78    1.30
  22890.301    -3.635    -0.12    1.31
  23266.940    -3.863    -0.61    1.35
  23643.561    -4.409    -1.45    1.43
  24020.162    -4.636    -0.60    1.49
  24396.744    -5.054    -1.11    1.58
  24773.306    -5.636    -1.55    1.96
  25149.849    -6.322    -1.82    2.01
  25526.373    -7.124    -2.13    2.08
  25902.878    -8.250    -2.99    2.51
  26279.363    -8.846    -1.58    2.27
  26655.829    -9.857    -2.69    2.09
  27032.276   -10.716    -2.28    1.62
  27408.703   -10.613     0.27    1.65
  27785.112   -10.737    -0.33    1.67
  28161.501   -10.704     0.09    1.60
  28537.870   -10.454     0.66    1.94
  28914.221   -10.045     1.09    1.95
  29290.552    -9.504     1.44    1.40
  29666.864    -8.664     2.23    1.82
  30043.157    -7.857     2.14    2.03
  30419.430    -7.045     2.16    2.05
  30795.684    -6.025     2.71    1.59
  31171.919    -5.704     0.85    2.19
  31548.135    -5.707    -0.01    2.51
  31924.332    -5.330     1.00    2.77
  32300.509    -5.195     0.36    2.87
  32676.667    -5.813    -1.64    2.73
  33052.806    -6.227    -1.10    3.07
  33428.926    -6.547    -0.85    3.39
  33805.027    -6.613    -0.17    3.29
  34181.108    -5.386     3.26    3.24
  34557.171    -5.568    -0.48    2.87
  34933.214    -5.682    -0.30    2.48
  35309.238    -5.591     0.24    2.35
  35685.242    -5.746    -0.41    2.65
  36061.228    -5.795    -0.13    2.62
  36437.194    -5.818    -0.06    2.69
  36813.142    -6.873    -2.81    3.11
  37189.070    -7.818    -2.51    3.15
  37564.979    -7.886    -0.18    3.22
  37940.869    -8.614    -1.94    3.32
  38316.739    -9.057    -1.18    3.64
  38692.591    -9.591    -1.42    3.33
  39068.423    -9.768    -0.47    2.86
  39444.237    -9.482     0.76    2.81
  39820.031    -9.435     0.12    2.85
  40195.806    -8.909     1.40    2.96
  40571.562    -8.948    -0.10    2.69
  40947.299    -9.480    -1.42    3.06
  41323.017    -9.981    -1.33    3.13
  41698.716   -10.199    -0.58    3.21
  42074.396   -10.182     0.05    3.33
  42450.056   -10.113     0.18    3.23
  42825.698    -9.409     1.88    3.06
  43201.320    -8.859     1.46    2.66
  43576.924    -8.363     1.32    2.39
  43952.508    -8.519    -0.41    2.21
  44328.073    -8.635    -0.31    2.41
  44703.620    -8.635     0.00    2.27
  45079.147    -9.033    -1.06    2.17
  45454.655    -9.068    -0.09    2.44
  45830.144    -9.472    -1.08    2.97
  46205.614    -9.795    -0.86    2.97
  46581.065    -9.707     0.24    2.46
  46956.497    -9.568     0.37    2.09
  47331.910    -9.813    -0.65    1.91
  47707.304    -9.498     0.84    2.26
  48082.679   -10.136    -1.70    2.36
  48458.035   -10.491    -0.94    2.60
  48833.373   -10.932    -1.17    2.60
  49208.691   -11.000    -0.18    2.44
  49583.990   -11.182    -0.48    2.41
  49959.270   -11.524    -0.91    2.15
  50334.531   -11.257     0.71    2.13
  50709.773   -11.409    -0.40    2.00
  51084.996   -10.932     1.27    2.19
  51460.200   -10.545     1.03    2.17
  51835.386   -10.235     0.83    1.69
  52210.552    -9.977     0.69    1.47
  52585.699    -9.924     0.14    1.58
  52960.828   -10.281    -0.95    1.73
  53335.937   -10.308    -0.07    1.63
  53711.028   -10.448    -0.37    1.62
  54086.099   -10.295     0.41    1.41
  54461.152   -10.391    -0.25    1.39
  54836.186   -10.330     0.16    1.24
  55211.201   -10.477    -0.39    1.17
  55586.197   -10.684    -0.55    1.25
  55961.174   -10.808    -0.33    1.26
  56336.132   -10.893    -0.23    1.28
  56711.071   -10.924    -0.08    1.31
  57085.991   -10.746     0.47    1.55
  57460.893   -10.938    -0.51    1.65
  57835.775   -11.280    -0.91    1.73
  58210.639   -11.204     0.20    2.00
  58585.484   -10.813     1.04    1.92
  58960.310   -10.318     1.32    1.90
  59335.117   -10.102     0.58    1.69
  59709.905   -10.227    -0.33    1.48
  60084.675   -10.504    -0.74    1.41
  60459.425   -10.791    -0.77    1.32
  60834.157   -11.454    -1.77    1.59
  61208.870   -12.080    -1.67    2.71
  61583.564   -12.272    -0.51    2.83
  61958.239   -12.363    -0.24    2.86
  62332.895   -12.302     0.16    3.10
  62707.533   -12.545    -0.65    2.77
  63082.152   -12.886    -0.91    3.00
  63456.751   -13.045    -0.42    3.28
  63831.333   -12.932     0.30    3.09
  64205.895   -12.704     0.61    2.39
  64580.438   -12.477     0.61    1.60
  64954.963   -12.924    -1.19    1.54
  65329.469   -13.126    -0.54    1.55
  65703.956   -13.502    -1.00    1.69
  66078.425   -13.895    -1.05    1.91
  66452.874   -14.413    -1.38    1.98
  66827.305   -14.477    -0.17    2.04
  67201.717   -14.432     0.12    1.45
  67576.111   -15.302    -2.32    2.49
  67950.485   -15.615    -0.84    2.43
  68324.841   -15.786    -0.46    2.54
  68699.178   -16.035    -0.66    3.01
  69073.496   -15.841     0.52    3.41
  69447.796   -15.800     0.11    3.52
  69822.077   -15.977    -0.47    3.43
  70196.339   -15.746     0.62    3.62
  70570.583   -15.517     0.61    3.52
  70944.807   -15.265     0.68    3.53
  71319.013   -15.113     0.40    3.18
  71693.201   -15.924    -2.17    3.28
  72067.369   -17.544    -4.33    3.32
  72441.519   -18.727    -3.16    3.02
  72815.650   -18.954    -0.61    2.73
  73189.763   -17.991     2.58    3.08
  73563.857   -16.146     4.93    3.29
  73937.932   -15.033     2.98    2.61
  74311.988   -14.954     0.21    2.66
  74686.026   -15.318    -0.97    2.84
  75060.045   -15.056     0.70    2.52
  75434.046   -15.522    -1.25    2.25
  75808.028   -15.791    -0.72    1.76
  76181.991   -15.857    -0.18    1.23
  76555.935   -15.707     0.40    1.22
  76929.861   -15.750    -0.11    1.52
  77303.768   -15.924    -0.47    1.89
  77677.657   -15.474     1.20    2.11
  78051.527   -15.727    -0.68    2.16
  78425.378   -16.016    -0.77    2.01
  78799.211   -16.182    -0.44    1.97
  79173.025   -16.591    -1.09    1.93
  79546.821   -16.413     0.48    1.84
  79920.598   -16.257     0.42    1.55
  80294.356   -16.405    -0.39    1.71
  80668.096   -16.932    -1.41    2.35
  81041.817   -17.441    -1.36    2.36
  81415.520   -17.159     0.75    2.25
  81789.204   -17.257    -0.26    2.24
  82162.869   -17.257     0.00    2.12
  82536.516   -17.368    -0.30    2.12
  82910.144   -17.288     0.21    1.24
  83283.754   -17.295    -0.02    1.02
  83657.345   -17.141     0.41    1.01
  84030.918   -17.045     0.26    1.02
  84404.472   -17.257    -0.57    1.16
  84778.007   -17.346    -0.24    1.32
  85151.524   -17.524    -0.48    1.32
  85525.023   -17.730    -0.55    1.34
  85898.503   -17.813    -0.22    1.20
  86271.964   -17.766     0.13    1.28
  86645.407   -17.522     0.65    1.34
  87021.361   -17.396     0.34    1.40
  87398.516   -17.091     0.81    1.13
  87775.652   -16.863     0.60    1.30
  88152.769   -17.033    -0.45    1.48
  88529.866   -17.102    -0.18    1.56
  88906.945   -17.166    -0.17    1.38
  89284.006   -17.341    -0.46    1.48
  89661.047   -17.033     0.82    1.31
  90038.069   -17.159    -0.34    1.30
  90415.073   -17.324    -0.44    1.32
  90792.057   -17.710    -1.02    1.19
  91169.023   -17.546     0.43    1.61
  91545.970   -17.195     0.93    1.77
  91922.898   -17.477    -0.75    1.67
  92299.808   -17.502    -0.07    1.64
  92676.698   -17.721    -0.58    1.44
  93053.569   -18.000    -0.74    1.42
  93430.422   -17.684     0.84    1.39
  93807.256   -17.724    -0.11    1.32
  94184.071   -17.545     0.47    1.31
  94560.867   -17.636    -0.24    1.08
  94937.645   -17.750    -0.30    1.20
  95314.403   -17.954    -0.54    1.26
  95691.143   -18.113    -0.42    1.56
  96067.864   -17.682     1.15    1.60
  96444.567   -18.000    -0.84    1.67
  96821.250   -17.435     1.50    1.85
  97197.915   -17.432     0.01    1.72
  97574.561   -17.409     0.06    1.60
  97951.188   -17.454    -0.12    1.58
  98327.796   -17.500    -0.12    1.24
  98704.386   -17.568    -0.18    1.13
  99080.956   -17.870    -0.80    1.10
  99457.508   -18.257    -1.03    1.35
  99834.042   -18.638    -1.01    1.19
 100210.556   -18.924    -0.76    1.02
 100587.052   -18.991    -0.18    1.03
 100963.529   -18.991     0.00    0.96
 101339.987   -19.136    -0.39    1.09
 101716.427   -19.305    -0.45    1.09
 102092.848   -19.280     0.07    1.02
 102469.250   -19.448    -0.45    1.03
 102845.634   -19.750    -0.80    1.10
 103221.998   -20.091    -0.91    1.07
 103598.344   -20.102    -0.03    1.10
 103974.672   -20.204    -0.27    1.20
 104350.980   -19.991     0.57    1.32
 104727.270   -20.457    -1.24    1.25
 105103.541   -20.800    -0.91    1.12
 105479.794   -20.863    -0.17    1.17
 105856.028   -21.045    -0.48    1.19
 106232.243   -21.152    -0.28    1.21
 106608.440   -21.272    -0.32    1.29
 106984.618   -21.371    -0.26    1.24
 107360.777   -21.368     0.01    1.29
 107736.917   -21.454    -0.23    1.25
 108113.039   -21.567    -0.30    1.20
 108489.143   -21.768    -0.53    1.15
 108865.227   -21.791    -0.06    1.14
 109241.293   -21.772     0.05    1.11
 109617.341   -21.316     1.21    1.04
 109993.370   -20.795     1.38    1.41
 110369.380   -19.932     2.30    1.87
 110745.371   -18.730     3.19    2.49
 111121.344   -18.013     1.91    2.31
 111497.298   -16.966     2.79    2.36
 111873.234   -17.000    -0.09    2.23
 112249.151   -17.358    -0.95    2.16
 112625.050   -17.522    -0.44    2.31
 113000.930   -17.724    -0.54    2.02
 113376.791   -17.376     0.92    2.04
 113752.634   -16.438     2.50    2.19
 114128.458   -15.376     2.83    2.33
 114504.264   -14.568     2.15    2.18
 114880.051   -13.977     1.57    1.85
 115255.819   -14.657    -1.81    2.11
 115631.569   -15.250    -1.58    2.06
 116007.300   -16.305    -2.81    1.93
 116383.013   -17.546    -3.30    2.04
 116758.708   -18.126    -1.54    1.93
 117134.383   -18.213    -0.23    2.57
 117510.041   -18.000     0.57    3.11
 117885.679   -18.004    -0.01    3.45
 118261.300   -18.195    -0.51    3.35
 118636.901   -18.660    -1.24    2.85
 119012.484   -19.524    -2.30    3.00
 119388.049   -20.358    -2.22    3.35
 119763.595   -21.113    -2.01    3.28
 120139.123   -21.022     0.24    2.67
 120514.632   -21.568    -1.45    2.50
 120890.123   -21.795    -0.61    2.17
 121265.595   -22.013    -0.58    1.82
 121641.048   -22.386    -0.99    1.36
 122016.484   -22.546    -0.43    1.15
 122391.900   -22.522     0.06    1.04
 122767.299   -22.204     0.85    1.26
 123142.679   -21.682     1.39    1.43
 123518.040   -20.480     3.20    1.70
 123893.383   -19.502     2.60    1.70
 124268.707   -18.522     2.61    1.89
 124644.013   -17.013     4.02    1.73
 125019.301   -15.823     3.17    2.00
 125394.570   -14.502     3.52    2.11
 125769.821   -13.113     3.70    2.15
 126145.053   -11.102     5.36    2.36
 126520.267    -9.636     3.91    2.10
 126895.462    -8.591     2.79    1.83
 127270.639    -7.182     3.76    1.54
 127645.798    -6.162     2.72    1.99
 128020.938    -4.895     3.38    2.12
 128396.060    -3.750     3.05    1.74
 128771.163    -2.932     2.18    1.80
 129146.248    -2.727     0.55    1.97
 129521.315    -2.386     0.91    2.18
 129896.363    -1.968     1.11    2.24
 130271.393    -1.981    -0.03    2.07
 130646.405    -1.417     1.50    2.10
 131021.398    -1.724    -0.82    2.17
 131396.373    -1.636     0.23    2.34
 131771.329    -1.400     0.63    2.18
 132146.267    -1.265     0.36    2.01
 132521.187    -0.795     1.25    1.68
 132896.088    -0.741     0.15    1.73
 133270.971    -0.373     0.98    1.76
 133645.836     0.591     2.57    2.24
 134020.683     1.735     3.05    2.52
 134395.511     3.130     3.72    2.21
 134770.320     3.873     1.98    2.10
 135145.112     4.318     1.19    2.24
 135519.885     4.109    -0.56    2.39
 135894.640     3.987    -0.33    2.31
 136269.376     4.023     0.10    2.08
 136644.095     4.432     1.09    1.85
 137018.795     4.659     0.61    2.16
 137393.476     3.409    -3.34    3.64
 137768.140     1.114    -6.13    4.62
 138142.785    -1.472    -6.90    3.42
 138517.411    -1.659    -0.50    2.72
 138892.020     0.273     5.16    3.29
 139266.610     2.205     5.16    2.88
 139641.182     3.500     3.46    1.99
 140015.736     3.684     0.49    1.71
 140390.272     3.250    -1.16    1.68
 140764.789     2.790    -1.23    1.55
 141139.288     3.614     2.20    2.09
 141513.769     4.705     2.91    2.26
 141888.231     5.591     2.37    2.05
 142262.675     5.478    -0.30    2.11
 142637.102     4.589    -2.37    2.29
 143011.509     3.750    -2.24    2.37
 143385.899     3.695    -0.15    2.45
 143760.271     4.409     1.91    2.40
 144134.624     5.187     2.08    2.09
 144508.959     5.967     2.08    1.39
 144883.276     5.478    -1.31    1.48
 145257.574     4.871    -1.62    1.57
 145631.855     4.000    -2.33    1.80
 146006.117     3.433    -1.52    1.93
 146380.361     3.498     0.17    2.20
 146754.587     3.250    -0.66    2.13
 147128.795     3.316     0.18    1.90
 147502.984     3.546     0.61    1.81
 147877.156     4.309     2.04    1.89
 148251.309     5.228     2.45    2.13
 148625.444     6.052     2.20    2.57
 148999.561     7.343     3.45    2.71
 149373.660     8.068     1.94    2.34
 149747.741     8.595     1.41    2.06
 150121.803     9.137     1.45    2.05
 150495.848     9.959     2.20    2.02
 150869.874    11.228     3.39    2.11
 151243.882    12.505     3.41    1.75
 151617.872    13.965     3.90    2.06
 151991.844    15.455     3.98    2.13
 152365.798    16.991     4.11    2.13
 152739.734    18.932     5.19    2.62
 153113.652    21.109     5.82    2.82
 153487.551    22.818     4.57    3.00
 153861.433    24.190     3.67    2.64
 154235.296    25.546     3.63    2.63
 154609.141    26.046     1.34    2.62
 154982.969    26.340     0.79    2.81
 155356.778    25.273    -2.85    2.94
 155730.569    23.609    -4.45    3.14
 156104.342    21.841    -4.73    3.39
 156478.097    19.909    -5.17    2.77
 156851.834    18.228    -4.50    2.62
 157225.553    17.137    -2.92    2.75
 157599.254    16.967    -0.45    3.35
 157972.936    16.476    -1.32    3.60
 158346.601    16.909     1.16    3.50
 158720.248    16.932     0.06    3.11
 159093.877    17.434     1.34    3.42
 159467.487    18.228     2.12    4.46
 159841.080    18.887     1.76    4.69
 160214.655    20.107     3.27    4.95
 160588.211    19.965    -0.38    4.42
 160961.750    20.284     0.86    3.82
 161335.271    20.296     0.03    3.77
 161708.773    20.859     1.51    3.86
 162085.208    22.455     4.24    4.30
 162462.319    24.955     6.63    5.00
 162839.411    29.061    10.89    6.82
 163216.485    32.000     7.80    6.51
 163593.540    35.848    10.20    6.88
 163970.577    37.341     3.96    6.41
 164347.596    38.591     3.31    6.42
 164724.596    39.523     2.47    7.79
 165101.578    40.698     3.12    8.26
 165478.542    41.528     2.20    8.66
 165855.487    41.520    -0.02    7.20
 166232.415    45.386    10.25    9.16
 166609.323    46.805     3.76    9.67
 166986.214    46.887     0.22    9.98
 167363.086    48.543     4.39   13.22
 167739.940    46.705    -4.88   12.92
 168116.775    43.243    -9.19   10.95
 168493.593    43.987     1.98   10.67
 168870.392    44.432     1.18    9.94
 169247.173    46.887     6.51   10.86
 169623.935    51.568    12.42   11.32
 170000.679    53.682     5.61   12.84
 170377.405    56.182     6.64   12.21
 170754.113    57.758     4.18   14.87
 171130.802    58.454     1.85   16.00
 171507.473    58.159    -0.78   16.92
 171884.126    56.614    -4.10   17.63
 172260.761    54.363    -5.98   16.10
 172637.377    51.698    -7.07   15.86
 173013.976    51.614    -0.22   17.83
 173390.556    50.720    -2.37   18.58
 173767.117    48.851    -4.96   17.03
 174143.661    46.773    -5.52   14.07
 174520.186    44.546    -5.91   13.01
 174896.693    43.818    -1.93   13.43
 175273.182    42.432    -3.68   14.26
 175649.653    43.023     1.57   15.34
 176026.105    44.296     3.38   16.43
 176402.540    45.386     2.89   17.65
 176778.956    44.054    -3.54   16.23
 177155.354    41.809    -5.96   16.07
 177531.734    39.750    -5.47   14.33
 177908.095    37.909    -4.89   10.87
 178284.439    36.967    -2.50   10.69
 178660.764    38.143     3.12   11.47
 179037.071    39.052     2.42   12.19
 179413.360    37.818    -3.28   11.29
 179789.631    36.887    -2.48   11.04
 180165.884    34.874    -5.35   10.65
 180542.118    37.932     8.13   15.69
 180918.334    40.117     5.81   18.53
 181294.533    44.591    11.89   19.40
 181670.713    43.386    -3.20   18.42
 182046.875    41.568    -4.83   16.23
 182423.019    38.114    -9.18   12.21
 182799.144    37.028    -2.89   10.29
 183175.252    36.659    -0.98    9.22
 183551.342    34.759    -5.05    7.91
 183927.413    34.587    -0.46    8.37
 184303.466    32.688    -5.05    9.09
 184679.502    32.637    -0.14    9.58
 185055.519    33.546     2.42   10.16
 185431.518    35.409     4.96   10.53
 185807.499    38.478     8.16   12.65
 186183.462    41.044     6.82   14.38
 186559.407    42.228     3.15   16.01
 186935.334    37.500   -12.57   13.79
 187311.242    35.479    -5.38   11.45
 187687.133    32.614    -7.62   11.00
 188063.006    32.948     0.89   11.39
 188438.860    31.864    -2.88   10.93
 188814.697    29.316    -6.78   11.66
 189190.515    28.165    -3.06   13.01
 189566.316    26.318    -4.91   14.13
 189942.098    25.479    -2.23   14.12
 190317.863    22.568    -7.74   12.21
 190693.609    24.794     5.92   11.67
 191069.337    25.250     1.21    9.25
 191445.048    25.068    -0.48    7.20
 191820.740    25.682     1.63    6.89
 192196.415    24.032    -4.39    7.31
 192572.071    23.267    -2.04    8.78
 192947.709    22.318    -2.52   10.24
 193323.330    23.784     3.90   11.17
 193698.932    24.955     3.12   11.32
 194074.516    24.455    -1.33   10.30
 194450.083    26.250     4.78   10.33
 194825.631    26.232    -0.05    7.63
 195201.162    27.309     2.87    5.67
 195576.675    27.182    -0.34    4.95
 195952.169    25.629    -4.14    5.67
 196327.646    22.695    -7.81    6.12
 196703.104    19.549    -8.38    5.42
 197078.545    18.084    -3.90    5.10
 197453.968    16.832    -3.33    5.32
 197829.373    17.434     1.60    4.65
 198204.760    16.591    -2.24    4.02
 198580.129    15.409    -3.15    3.62
 198955.480    14.318    -2.91    3.99
 199330.813    14.455     0.36    3.92
 199706.128    14.735     0.75    4.01
 200081.426    14.765     0.08    3.55
 200456.705    16.100     3.56    3.24
 200831.967    16.932     2.22    3.46
 201207.211    18.978     5.45    3.79
 201582.436    20.365     3.70    3.50
 201957.644    21.318     2.54    3.44
 202332.834    21.338     0.05    4.35
 202708.006    20.409    -2.47    4.52
 203083.161    18.991    -3.78    5.37
 203458.297    17.341    -4.40    4.90
 203833.416    15.387    -5.21    4.29
 204208.516    13.876    -4.03    2.98
 204583.599    12.909    -2.58    2.44
 204958.664    11.933    -2.60    2.43
 205333.711     9.841    -5.58    3.02
 205708.740     8.200    -4.38    2.71
 206083.752     7.046    -3.08    2.91
 206458.745     6.159    -2.36    2.86
 206833.721     6.214     0.14    2.84
 207208.679     5.773    -1.18    2.49
 207583.619     4.933    -2.24    2.07
 207958.542     4.637    -0.79    1.96
 208333.446     5.432     2.12    2.27
 208708.333     6.455     2.73    2.42
 209083.202     7.750     3.46    2.26
 209458.053     9.000     3.33    2.02
 209832.886     9.818     2.18    2.28
 210207.702    10.805     2.63    2.58
 210582.500    11.609     2.15    2.71
 210957.280    12.228     1.65    2.70
 211332.042    12.705     1.27    3.20
 211706.786    13.341     1.70    3.64
 212081.513    13.455     0.30    4.33
 212456.222    14.154     1.86    3.77
 212830.913    14.154     0.00    3.67
 213205.586    13.432    -1.93    3.45
 213580.242    13.318    -0.30    3.12
 213954.880    12.809    -1.36    3.08
 214329.500    12.316    -1.32    2.93
 214704.102    12.000    -0.84    3.54
 215078.687    11.432    -1.52    3.62
 215453.254    10.665    -2.05    3.63
 215827.803     9.720    -2.52    3.73
 216202.335     9.023    -1.86    3.54
 216576.849     7.565    -3.89    3.16
 216951.345     6.270    -3.46    3.33
 217325.823     5.316    -2.55    3.27
 217700.284     4.705    -1.63    3.06
 218074.727     5.014     0.83    3.17
 218449.152     5.114     0.27    2.99
 218823.560     5.386     0.73    2.56
 219197.950     5.876     1.31    3.20
 219572.322     6.247     0.99    3.48
 219946.677     7.273     2.74    4.08
 220321.014     7.887     1.64    3.68
 220695.333     9.433     4.13    3.62
 221069.634    10.364     2.49    3.42
 221443.918    11.091     1.94    3.00
 221818.185    11.955     2.31    3.39
 222192.433    12.270     0.84    3.13
 222566.664    13.076     2.15    3.35
 222940.878    12.909    -0.45    3.18
 223315.073    12.500    -1.09    3.28
 223689.251    12.637     0.36    3.54
 224063.412    12.137    -1.34    3.53
 224437.555    11.228    -2.43    4.02
 224811.680    10.758    -1.25    3.94
 225185.788    10.320    -1.17    3.97
 225559.878    10.205    -0.31    3.83
 225933.950     9.841    -0.97    3.68
 226308.005     8.728    -2.98    3.99
 226682.042     7.455    -3.40    4.05
 227056.062     5.796    -4.43    4.34
 227430.064     4.177    -4.33    3.83
 227804.048     2.750    -3.81    3.42
 228178.015     1.387    -3.65    3.44
 228551.964    -0.204    -4.25    3.04
 228925.896    -1.386    -3.16    3.34
 229299.810    -2.841    -3.89    3.36
 229673.707    -4.386    -4.13    3.43
 230047.586    -6.219    -4.90    3.12
 230421.447    -7.772    -4.16    3.09
 230795.291    -9.113    -3.59    3.12
 231169.118   -10.704    -4.25    3.13
 231542.927   -12.159    -3.89    2.86
 231916.718   -13.727    -4.19    3.20
 232290.492   -15.182    -3.89    3.38
 232664.248   -16.753    -4.20    3.14
 233037.987   -18.451    -4.54    2.74
 233411.708   -19.659    -3.23    2.69
 233785.412   -21.091    -3.83    2.56
 234159.098   -21.909    -2.19    2.63
 234532.767   -22.682    -2.07    2.36
 234906.418   -23.545    -2.31    2.01
 235280.052   -24.288    -1.99    1.85
 235653.668   -24.846    -1.49    2.56
 236027.267   -24.795     0.14    3.05
 236400.848   -24.545     0.67    2.90
 236774.412   -24.136     1.09    2.61
 237151.324   -23.432     1.87    2.29
 237528.385   -23.386     0.12    2.75
 237905.428   -22.522     2.29    2.76
 238282.453   -22.102     1.11    2.75
 238659.461   -21.659     1.18    2.49
 239036.451   -21.295     0.96    2.32
 239413.423   -20.963     0.88    2.52
 239790.377   -19.707     3.33    2.47
 240167.314   -18.657     2.78    2.28
 240544.232   -18.000     1.74    2.23
 240921.133   -17.102     2.38    2.03
 241298.016   -16.381     1.91    2.14
 241674.882   -15.659     1.92    2.42
 242051.729   -15.149     1.35    2.70
 242428.559   -15.033     0.31    2.54
 242805.371   -15.432    -1.06    2.17
 243182.165   -16.204    -2.05    2.27
 243558.942   -16.636    -1.15    2.44
 243935.700   -17.733    -2.91    2.44
 244312.441   -18.544    -2.15    2.26
 244689.165   -19.191    -1.72    2.03
 245065.870   -19.863    -1.79    1.99
 245442.558   -20.451    -1.56    2.29
 245819.228   -20.900    -1.19    2.25
 246195.881   -21.146    -0.65    2.25
 246572.515   -22.114    -2.57    2.20
 246949.132   -22.545    -1.14    2.27
 247325.731   -23.257    -1.89    2.29
 247702.313   -24.009    -2.00    2.27
 248078.877   -24.454    -1.18    2.13
 248455.423   -25.166    -1.89    1.88
 248831.951   -25.768    -1.60    1.92
 249208.462   -26.272    -1.34    2.19
 249584.955   -26.288    -0.04    2.30
 249961.431   -27.227    -2.49    2.38
 250337.888   -28.041    -2.16    2.52
 250714.328   -29.000    -2.55    2.74
 251090.751   -29.972    -2.58    2.31
 251467.156   -30.136    -0.44    2.43
 251843.543   -30.772    -1.69    2.49
 252219.912   -31.265    -1.31    1.96
 252596.264   -32.886    -4.31    2.25
 252972.598   -34.316    -3.80    2.46
 253348.914   -35.932    -4.29    2.72
 253725.213   -37.753    -4.84    2.26
 254101.495   -38.727    -2.59    2.48
 254477.758   -39.870    -3.04    2.90
 254854.004   -41.334    -3.89    3.13
 255230.233   -42.091    -2.01    3.05
 255606.443   -43.347    -3.34    2.68
 255982.637   -43.772    -1.13    2.46
 256358.812   -44.386    -1.63    2.25
 256734.970   -45.149    -2.03    2.07
 257111.111   -46.363    -3.23    1.93
 257487.233   -47.275    -2.42    1.79
 257863.339   -47.909    -1.69    1.80
 258239.426   -49.079    -3.11    1.52
 258615.496   -49.682    -1.60    1.79
 258991.549   -50.324    -1.71    1.86
 259367.584   -50.688    -0.97    1.58
 259743.601   -51.250    -1.49    1.75
 260119.601   -51.591    -0.91    1.93
 260495.583   -51.818    -0.60    1.82
 260871.548   -51.954    -0.36    1.69
 261247.495   -52.009    -0.15    1.76
 261623.424   -51.946     0.17    1.61
 261999.337   -51.541     1.08    1.68
 262375.231   -51.432     0.29    1.54
 262751.108   -51.180     0.67    1.35
 263126.968   -50.841     0.90    1.37
 263502.810   -50.432     1.09    1.45
 263878.634   -49.893     1.43    1.35
 264254.441   -49.522     0.99    1.28
 264630.230   -49.141     1.02    1.45
 265006.002   -48.727     1.10    1.52
 265381.757   -47.823     2.40    1.57
 265757.494   -47.182     1.71    1.63
 266133.213   -46.613     1.51    2.20
 266508.915   -45.829     2.09    2.52
 266884.600   -44.886     2.51    2.21
 267260.267   -43.796     2.90    1.85
 267635.916   -43.454     0.91    1.52
 268011.548   -43.079     1.00    1.44
 268387.163   -42.474     1.61    1.48
 268762.760   -42.435     0.10    1.46
 269138.340   -41.816     1.65    1.44
 269513.902   -41.591     0.60    1.71
 269889.447   -41.298     0.78    1.69
 270264.974   -40.757     1.44    2.06
 270640.484   -41.242    -1.29    2.13
 271015.976   -41.428    -0.50    2.32
 271391.451   -41.409     0.05    2.19
 271766.909   -41.859    -1.20    2.05
 272142.349   -42.022    -0.44    1.95
 272517.772   -42.176    -0.41    1.75
 272893.177   -41.841     0.89    1.75
 273268.565   -41.682     0.42    1.81
 273643.936   -41.249     1.15    1.62
 274019.289   -41.613    -0.97    1.81
 274394.625   -41.981    -0.98    1.61
 274769.943   -42.474    -1.31    1.58
 275145.244   -42.730    -0.68    1.92
 275520.528   -43.113    -1.02    1.97
 275895.794   -43.500    -1.03    1.97
 276271.043   -43.516    -0.04    1.85
 276646.275   -43.750    -0.62    1.71
 277021.489   -44.138    -1.04    1.70
 277396.686   -44.662    -1.40    1.93
 277771.865   -45.000    -0.90    1.97
 278147.027   -44.614     1.03    2.04
 278522.172   -44.457     0.42    2.05
 278897.299   -44.305     0.41    1.85
 279272.409   -44.272     0.09    1.81
 279647.502   -44.329    -0.15    1.98
 280022.577   -44.686    -0.95    1.96
 280397.636   -44.795    -0.29    2.11
 280772.676   -45.030    -0.63    2.00
 281147.700   -44.977     0.14    2.24
 281522.706   -44.900     0.20    2.27
 281897.695   -44.730     0.45    2.21
 282272.666   -44.846    -0.31    2.34
 282647.620   -44.977    -0.35    2.93
 283022.557   -45.033    -0.15    3.07
 283397.477   -45.829    -2.12    3.35
 283772.379   -46.613    -2.09    3.02
 284147.264   -46.288     0.87    3.08
 284522.132   -46.281     0.02    3.09
 284896.983   -46.544    -0.70    3.05
 285271.816   -46.545    -0.00    2.30
 285646.632   -47.432    -2.36    2.35
 286021.431   -48.274    -2.25    2.61
 286396.212   -48.727    -1.21    2.26
 286770.976   -49.079    -0.94    2.09
 287145.723   -49.329    -0.67    2.15
 287520.453   -49.477    -0.40    1.69
 287895.165   -49.829    -0.94    1.66
 288269.861   -49.721     0.29    1.72
 288644.539   -49.853    -0.35    1.75
 289019.199   -50.068    -0.57    1.75
 289393.843   -50.451    -1.02    1.85
 289768.469   -51.067    -1.64    1.73
 290143.078   -51.250    -0.49    1.55
 290517.670   -51.686    -1.16    1.57
 290892.245   -51.795    -0.29    1.55
 291266.802   -51.710     0.23    1.48
 291641.343   -51.823    -0.30    1.38
 292015.866   -51.448     1.00    2.05
 292390.372   -51.636    -0.50    2.43
 292764.861   -51.727    -0.24    2.42
 293139.332   -52.152    -1.13    2.19
 293513.786   -52.363    -0.57    1.98
 293888.224   -52.638    -0.73    1.72
 294262.644   -52.684    -0.12    1.90
 294637.047   -52.335     0.93    1.81
 295011.432   -52.363    -0.08    1.92
 295385.801   -52.662    -0.80    1.66
 295760.152   -52.641     0.06    1.63
 296134.487   -53.318    -1.81    1.95
 296508.804   -54.005    -1.84    1.92
 296883.104   -55.091    -2.90    1.97
 297257.387   -56.126    -2.76    1.80
 297631.652   -57.009    -2.36    1.72
 298005.901   -57.886    -2.34    1.36
 298380.132   -58.266    -1.01    1.56
 298754.347   -58.909    -1.72    1.62
 299128.544   -59.641    -1.96    1.62
 299502.724   -60.162    -1.39    1.58
 299876.887   -60.451    -0.77    1.47
 300251.033   -61.009    -1.49    1.43
 300625.162   -61.750    -1.98    1.58
 300999.274   -61.891    -0.38    1.73
 301373.368   -62.227    -0.90    1.62
 301747.446   -62.396    -0.45    1.72
 302121.506   -62.900    -1.35    1.77
 302495.550   -63.195    -0.79    1.66
 302869.576   -63.853    -1.76    1.48
 303243.586   -64.477    -1.67    1.74
 303617.578   -64.615    -0.37    2.36
 303991.553   -65.022    -1.09    2.62
 304365.511   -65.176    -0.41    3.18
 304739.452   -65.932    -2.02    3.26
 305113.376   -66.182    -0.67    3.37
 305487.283   -66.233    -0.14    3.42
 305861.173   -66.227     0.02    3.56
 306235.046   -65.966     0.70    2.78
 306608.902   -65.886     0.21    2.79
 306982.741   -66.846    -2.57    3.04
 307356.563   -67.409    -1.50    2.97
 307730.367   -68.204    -2.13    2.31
 308104.155   -68.900    -1.86    1.80
 308477.926   -69.091    -0.51    1.77
 308851.680   -69.103    -0.03    1.79
 309225.417   -69.568    -1.24    1.62
 309599.136   -69.823    -0.68    1.84
 309972.839   -70.102    -0.75    1.70
 310346.525   -70.636    -1.43    1.51
 310720.194   -71.005    -0.99    1.45
 311093.846   -71.227    -0.59    1.56
 311467.481   -71.591    -0.97    1.64
 311841.443   -71.591     0.00    1.66
 312218.477   -71.932    -0.90    1.80
 312595.494   -71.753     0.47    1.81
 312972.493   -71.932    -0.47    1.66
 313349.476   -71.991    -0.16    1.55
 313726.441   -71.954     0.10    1.51
 314103.388   -71.391     1.49    1.47
 314480.319   -71.477    -0.23    1.82
 314857.232   -71.386     0.24    1.80
 315234.128   -71.686    -0.80    1.68
 315611.007   -72.204    -1.38    1.73
 315987.868   -72.283    -0.21    1.56
 316364.712   -72.432    -0.39    1.64
 316741.539   -72.312     0.32    1.71
 317118.349   -71.870     1.17    1.68
 317495.141   -71.791     0.21    1.90
 317871.916   -71.366     1.13    2.13
 318248.674   -71.341     0.07    1.92
 318625.415   -71.420    -0.21    1.91
 319002.139   -71.045     0.99    1.85
 319378.845   -70.986     0.16    1.50
 319755.534   -71.420    -1.15    1.76
 320132.206   -71.182     0.63    2.35
 320508.860   -70.908     0.73    2.34
 320885.498   -70.924    -0.04    2.60
 321262.118   -71.591    -1.77    2.59
 321638.721   -71.727    -0.36    2.69
 322015.307   -71.637     0.24    2.73
 322391.876   -72.091    -1.20    2.78
 322768.427   -72.682    -1.57    2.34
 323144.962   -73.474    -2.10    1.89
 323521.479   -73.710    -0.62    2.41
 323897.979   -73.500     0.56    2.56
 324274.462   -73.448     0.14    3.03
 324650.927   -73.613    -0.44    3.00
 325027.376   -73.219     1.05    3.09
 325403.807   -73.358    -0.37    2.69
 325780.221   -73.660    -0.80    2.70
 326156.619   -73.302     0.95    2.67
 326532.998   -73.454    -0.41    3.11
 326909.361   -73.567    -0.30    2.96
 327285.707   -74.045    -1.27    2.83
 327662.036   -74.730    -1.82    2.46
 328038.347   -74.963    -0.62    2.72
 328414.641   -74.521     1.17    2.85
 328790.919   -74.376     0.38    2.77
 329167.179   -74.045     0.88    2.80
 329543.422   -73.195     2.26    2.60
 329919.648   -73.302    -0.28    2.52
 330295.856   -73.381    -0.21    2.70
 330672.048   -73.080     0.80    3.17
 331048.223   -73.379    -0.79    3.41
