# NaN NaN NaN ;Mean Elev.(m), Avg Gradient(m/km), RMS Gradient(m/km) - SRTM1     
#  172.270  -0.254   1.085 ;Mean Elev.(m), Avg Gradient(m/km), RMS Gradient(m/km) - ASTER GDEM
#  168.591  -0.214   1.216 ;Mean Elev.(m), Avg Gradient(m/km), RMS Gradient(m/km) - GMTED2010 
  7   174.873 52468.23443677 35.28  70.971386  31.922011 27.303
  7   174.098 52468.23443741 33.40  70.970471  31.918733 31.887
  7   173.771 52468.23443806 34.70  70.969561  31.915443 31.887
  7   173.360 52468.23443870 39.48  70.968641  31.912163 31.887
  7   173.267 52468.23444064 41.43  70.965891  31.902313 31.887
  7   173.295 52468.23444128 36.14  70.964971  31.899023 31.887
  7   173.324 52468.23444193 38.18  70.964061  31.895743 31.887
  7   173.009 52468.23444257 37.35  70.963141  31.892463 31.887
  7   172.709 52468.23444322 39.53  70.962231  31.889173 31.887
  7   172.695 52468.23444386 43.09  70.961311  31.885893 31.887
  8   168.295 52503.23442609 41.25  70.969772  31.920629 32.710
  8   168.260 52503.23442674 36.83  70.968852  31.917349 32.710
  8   167.870 52503.23442738 35.58  70.967942  31.914059 32.710
  8   167.636 52503.23442803 34.59  70.967022  31.910779 32.710
  8   167.602 52503.23442867 36.28  70.966112  31.907489 32.710
  8   167.870 52503.23442931 37.95  70.965192  31.904209 32.710
  8   167.750 52503.23442996 41.60  70.964272  31.900929 32.710
  8   167.573 52503.23443060 42.30  70.963362  31.897639 32.710
  8   167.589 52503.23443125 50.15  70.962442  31.894359 32.710
  8   167.565 52503.23443189 50.58  70.961532  31.891069 32.710
  8   167.454 52503.23443254 51.50  70.960612  31.887789 32.710
  9   171.649 52538.23441022 43.86  70.978525  31.921856 30.960
  9   170.792 52538.23441667 46.60  70.969365  31.889016 30.960
  9   170.719 52538.23441732 44.21  70.968445  31.885726 30.960
  9   170.703 52538.23441796 38.88  70.967528  31.882448 34.698
  9   170.580 52538.23441861 36.20  70.966618  31.879158 34.698
 10   170.913 52573.23445110 50.95  70.970339  31.920734 33.143
 10   170.755 52573.23445175 50.90  70.969429  31.917454 33.143
 10   170.598 52573.23445239 46.58  70.968509  31.914164 33.143
 10   170.465 52573.23445303 47.24  70.967599  31.910884 33.143
 10   170.489 52573.23445368 52.51  70.966679  31.907604 33.143
 10   170.395 52573.23445432 42.35  70.965759  31.904314 33.143
 10   170.544 52573.23445497 39.10  70.964846  31.901036 31.192
 10   170.164 52573.23445561 39.03  70.963936  31.897746 31.192
 10   170.122 52573.23445626 37.47  70.963016  31.894466 31.192
 10   169.909 52573.23445690 35.44  70.962096  31.891186 31.192
 10   169.873 52573.23445755 39.61  70.961186  31.887896 31.192
 11   171.076 52608.23440943 50.47  70.972993  31.920179 34.507
 11   170.957 52608.23441007 45.24  70.972073  31.916899 34.507
 11   170.597 52608.23441329 43.25  70.967493  31.900479 34.507
 11   170.273 52608.23441394 36.09  70.966583  31.897199 34.507
 11   169.997 52608.23441458 35.50  70.965663  31.893909 34.507
 11   170.174 52608.23441523 34.40  70.964743  31.890629 34.507
 11   170.107 52608.23441587 39.33  70.963833  31.887339 34.507
 11   170.120 52608.23441652 43.81  70.962913  31.884059 34.507
 11   169.887 52608.23441716 41.91  70.962003  31.880779 34.507
 11   169.766 52608.23441781 43.78  70.961083  31.877489 34.507
 12   168.699 52643.23440482 29.98  70.974097  31.921331 30.556
 12   169.628 52643.23440546 26.83  70.973187  31.918041 30.556
 12   169.349 52643.23440611 31.94  70.972267  31.914761 30.556
 12   169.666 52643.23440869 31.09  70.968597  31.901631 30.556
 12   167.758 52643.23440933 28.15  70.967687  31.898341 30.556
 12   169.597 52643.23440998 26.77  70.966767  31.895061 30.556
 12   169.858 52643.23441062 26.72  70.965857  31.891771 30.556
 12   169.918 52643.23441127 36.43  70.964937  31.888491 30.556
 12   170.041 52643.23441191 39.16  70.964017  31.885211 30.556
 12   169.837 52643.23441256 32.17  70.963107  31.881921 30.556
 12   169.259 52643.23441320 30.55  70.962187  31.878641 30.556
 13   170.843 52678.23438779 43.13  70.974160  31.919880 29.824
 13   170.656 52678.23438843 40.95  70.973240  31.916590 29.824
 13   169.963 52678.23439165 37.76  70.968670  31.900170 29.824
 13   169.736 52678.23439230 34.08  70.967750  31.896890 29.824
 13   169.757 52678.23439294 33.62  70.966830  31.893610 29.824
 13   169.854 52678.23439359 34.81  70.965920  31.890320 29.824
 13   169.969 52678.23439423 42.06  70.965000  31.887040 29.824
 13   169.929 52678.23439488 38.80  70.964090  31.883750 29.824
 13   169.798 52678.23439552 36.79  70.963170  31.880470 29.824
 13   169.636 52678.23439617 38.12  70.962260  31.877190 29.824
 16   172.255 52783.23439191 52.08  70.975000  31.919210 34.285
 16   171.562 52783.23439578 40.04  70.969500  31.899500 34.285
 16   171.352 52783.23439642 37.99  70.968580  31.896220 34.285
 16   171.241 52783.23439707 40.65  70.967660  31.892940 34.285
 16   171.394 52783.23439771 47.31  70.966750  31.889650 34.285
 16   171.362 52783.23439836 45.99  70.965830  31.886370 34.285
 16   171.309 52783.23439900 49.57  70.964910  31.883080 34.285
 16   171.215 52783.23439965 42.05  70.964000  31.879800 34.285
 17   172.351 52818.23446959 39.47  70.974262  31.920128 34.723
 17   172.274 52818.23447023 40.74  70.973342  31.916848 34.723
 17   172.103 52818.23447346 39.76  70.968762  31.900428 34.723
 17   171.986 52818.23447410 44.96  70.967842  31.897138 34.723
 17   171.945 52818.23447474 46.84  70.966932  31.893858 34.723
 17   171.899 52818.23447539 48.46  70.966012  31.890578 34.723
 17   171.828 52818.23447603 45.49  70.965102  31.887288 34.723
 17   171.663 52818.23447668 49.79  70.964182  31.884008 34.723
 17   171.557 52818.23447732 50.08  70.963262  31.880718 34.723
 17   171.392 52818.23447797 46.29  70.962352  31.877438 34.723
 18   172.368 52853.23451911 41.51  70.976284  31.920801 38.082
 18   172.021 52853.23452362 41.56  70.969864  31.897811 38.082
 18   171.967 52853.23452427 48.38  70.968954  31.894521 38.082
 18   171.989 52853.23452491 50.54  70.968034  31.891241 38.082
 18   171.933 52853.23452556 46.32  70.967114  31.887961 38.082
 18   171.814 52853.23452620 46.40  70.966204  31.884671 38.082
 18   171.523 52853.23452685 44.68  70.965284  31.881391 38.082
 18   171.416 52853.23452749 41.21  70.964364  31.878101 38.082
 20   171.196 52923.23450784 48.52  70.969029  31.919787 38.954
 20   171.122 52923.23450849 50.35  70.968119  31.916497 38.954
 20   171.244 52923.23450913 50.05  70.967199  31.913217 38.954
 20   171.143 52923.23450978 47.70  70.966289  31.909927 38.954
 20   171.323 52923.23451042 46.49  70.965369  31.906647 38.954
 20   171.281 52923.23451107 49.11  70.964449  31.903367 38.954
 20   171.221 52923.23451171 47.24  70.963539  31.900077 38.954
 20   170.944 52923.23451236 45.11  70.962619  31.896797 38.954
 20   170.844 52923.23451300 48.58  70.961709  31.893507 38.954
 20   170.704 52923.23451365 48.56  70.960789  31.890227 38.954
 20   170.669 52923.23451429 49.71  70.959879  31.886947 38.954
 22   171.350 52993.23449995 46.51  70.976503  31.919365 29.018
 22   170.666 52993.23450511 37.26  70.969173  31.893085 29.018
 22   170.597 52993.23450575 42.39  70.968263  31.889805 29.018
 22   170.548 52993.23450640 45.06  70.967343  31.886525 29.018
 22   170.505 52993.23450704 43.43  70.966433  31.883235 29.018
 22   170.463 52993.23450769 39.01  70.965515  31.879956 38.180
 22   170.008 52993.23450833 39.95  70.964595  31.876666 38.180
 23   170.919 53028.23446458 42.21  70.974113  31.920060 27.583
 23   170.799 53028.23446523 40.87  70.973193  31.916780 27.583
 23   170.756 53028.23446845 39.76  70.968613  31.900360 27.583
 23   170.652 53028.23446909 40.76  70.967703  31.897080 27.583
 23   170.564 53028.23446974 41.62  70.966783  31.893790 27.583
 23   170.435 53028.23447038 35.47  70.965863  31.890510 27.583
 23   170.411 53028.23447103 38.99  70.964953  31.887220 27.583
 23   170.256 53028.23447167 38.71  70.964033  31.883940 27.583
 23   170.283 53028.23447232 40.38  70.963123  31.880660 27.583
 23   170.059 53028.23447296 39.52  70.962203  31.877370 27.583
 24   170.588 53063.23447918 42.41  70.970623  31.887231 32.086
 24   170.548 53063.23447983 40.95  70.969703  31.883951 32.086
 24   170.525 53063.23448047 35.22  70.968783  31.880671 32.086
 24   170.059 53063.23448112 33.96  70.967873  31.877381 32.086
 28   172.447 53203.23454536 40.00  70.972206  31.921449 30.215
 28   172.425 53203.23454600 40.21  70.971286  31.918169 30.215
 28   172.275 53203.23454665 41.00  70.970376  31.914879 30.215
 28   172.228 53203.23454729 39.43  70.969456  31.911599 30.215
 28   171.846 53203.23454922 36.05  70.966706  31.901749 30.215
 28   171.994 53203.23454987 33.95  70.965796  31.898459 30.215
 28   171.952 53203.23455051 36.26  70.964876  31.895179 30.215
 28   171.771 53203.23455116 40.95  70.963956  31.891899 30.215
 28   171.546 53203.23455180 43.68  70.963046  31.888609 30.215
 28   171.430 53203.23455245 45.54  70.962126  31.885329 30.215
 28   171.363 53203.23455309 47.34  70.961216  31.882039 30.215
 28   171.310 53203.23455374 45.10  70.960296  31.878759 30.215
 29   172.177 53238.23451423 45.02  70.976652  31.919570 28.381
 29   171.480 53238.23451939 41.86  70.969322  31.893300 28.381
 29   171.370 53238.23452004 44.62  70.968412  31.890020 28.381
 29   171.324 53238.23452068 42.24  70.967492  31.886730 28.381
 29   171.226 53238.23452133 42.59  70.966572  31.883450 28.381
 29   171.120 53238.23452197 40.70  70.965662  31.880160 28.381
 29   171.012 53238.23452261 37.76  70.964742  31.876880 28.381
 30   171.132 53273.23447995 43.84  70.971712  31.888496 26.101
 30   170.969 53273.23448060 43.26  70.970802  31.885216 26.101
 30   170.910 53273.23448124 40.23  70.969882  31.881936 26.101
 30   170.885 53273.23448189 34.09  70.968962  31.878646 26.101
 30   170.613 53273.23448253 32.94  70.968046  31.875368 23.620
 31   170.996 53308.23453300 50.80  70.969477  31.921633 39.288
 31   171.044 53308.23453364 50.90  70.968567  31.918343 39.288
 31   170.911 53308.23453429 47.18  70.967647  31.915063 39.288
 31   170.712 53308.23453493 51.57  70.966727  31.911783 39.288
 31   170.556 53308.23453557 47.77  70.965817  31.908493 39.288
 31   170.614 53308.23453622 45.06  70.964897  31.905213 39.288
 31   170.548 53308.23453686 44.84  70.963987  31.901923 39.288
 31   170.445 53308.23453751 47.65  70.963067  31.898643 39.288
 31   170.350 53308.23453815 43.78  70.962147  31.895363 39.288
 31   170.288 53308.23453880 41.41  70.961237  31.892073 39.288
 31   170.169 53308.23453944 44.09  70.960317  31.888793 39.288
 34   171.393 53413.23447584 44.42  70.977274  31.920147 30.274
 34   170.388 53413.23448164 37.02  70.969034  31.890587 30.274
 34   170.467 53413.23448229 40.68  70.968114  31.887307 30.274
 34   170.419 53413.23448293 38.28  70.967204  31.884017 30.274
 34   170.244 53413.23448358 40.20  70.966284  31.880737 30.274
 34   169.949 53413.23448422 34.64  70.965374  31.877457 30.274
 35   170.352 53448.23446979 44.27  70.969783  31.888754 24.815
 35   170.328 53448.23447044 47.92  70.968863  31.885474 24.815
 35   170.226 53448.23447108 37.91  70.967943  31.882194 24.815
 35   170.097 53448.23447173 31.16  70.967033  31.878904 24.815
 36   171.711 53483.23454915 44.39  70.967413  31.919895 39.925
 36   171.578 53483.23454980 47.15  70.966493  31.916615 39.925
 36   171.456 53483.23455044 53.43  70.965573  31.913335 39.925
 36   171.351 53483.23455109 50.70  70.964663  31.910045 39.925
 36   171.183 53483.23455173 48.08  70.963743  31.906765 39.925
 36   171.116 53483.23455238 49.87  70.962833  31.903475 39.925
 36   171.030 53483.23455302 49.34  70.961913  31.900195 39.925
 36   170.905 53483.23455367 43.29  70.960993  31.896915 39.925
 36   170.820 53483.23455431 47.33  70.960083  31.893625 39.925
 37   172.510 53518.23454813 52.84  70.973874  31.921541 35.175
 37   172.408 53518.23454877 48.74  70.972964  31.918251 35.175
 37   172.171 53518.23454942 47.56  70.972044  31.914971 35.175
 37   171.677 53518.23455200 38.64  70.968384  31.901831 35.175
 37   171.600 53518.23455264 40.98  70.967464  31.898551 35.175
 37   171.788 53518.23455329 39.93  70.966544  31.895271 35.175
 37   171.605 53518.23455393 41.26  70.965634  31.891981 35.175
 37   171.540 53518.23455458 47.46  70.964714  31.888701 35.175
 37   171.488 53518.23455522 46.14  70.963804  31.885411 35.175
 37   171.460 53518.23455586 51.52  70.962884  31.882131 35.175
 37   171.347 53518.23455651 46.50  70.961974  31.878851 35.175
 38   172.677 53553.23457073 33.34  70.965600  31.919231 23.314
 38   172.554 53553.23457138 30.62  70.964680  31.915951 23.314
 38   172.508 53553.23457202 29.15  70.963760  31.912671 23.314
 38   172.531 53553.23457267 28.72  70.962850  31.909381 23.314
 38   172.058 53553.23457331 29.59  70.961930  31.906101 23.314
 38   172.160 53553.23457396 31.46  70.961020  31.902811 23.314
 38   172.251 53553.23457460 35.98  70.960100  31.899531 23.314
 39   172.593 53588.23452029 37.58  70.975589  31.920096 26.485
 39   172.128 53588.23452415 32.71  70.970099  31.900386 26.485
 39   172.311 53588.23452480 40.76  70.969179  31.897106 26.485
 39   172.255 53588.23452544 43.67  70.968259  31.893826 26.485
 39   172.224 53588.23452609 45.68  70.967349  31.890536 26.485
 39   172.165 53588.23452673 38.86  70.966429  31.887256 26.485
 39   171.826 53588.23452738 41.74  70.965519  31.883966 26.485
 39   171.791 53588.23452802 41.01  70.964599  31.880686 26.485
 39   171.740 53588.23452867 39.43  70.963689  31.877406 26.485
 40   171.955 53623.23449188 45.07  70.970703  31.919610 33.901
 40   171.543 53623.23449252 38.77  70.969783  31.916330 33.901
 40   171.424 53623.23449317 39.83  70.968873  31.913050 33.901
 40   171.232 53623.23449381 39.57  70.967953  31.909760 33.901
 40   171.210 53623.23449510 44.46  70.966123  31.903190 33.901
 40   171.131 53623.23449575 54.45  70.965203  31.899910 33.901
 40   171.169 53623.23449639 49.47  70.964283  31.896630 33.901
 40   171.096 53623.23449704 38.80  70.963373  31.893340 33.901
 40   171.108 53623.23449768 42.20  70.962453  31.890060 33.901
 40   171.019 53623.23449833 45.06  70.961533  31.886770 33.901
 41   171.380 53658.23451893 44.85  70.973539  31.921714 36.978
 41   171.220 53658.23451958 39.46  70.972629  31.918424 36.978
 41   171.358 53658.23452022 38.60  70.971709  31.915144 36.978
 41   170.577 53658.23452280 46.17  70.968049  31.902004 36.978
 41   170.649 53658.23452345 49.42  70.967129  31.898724 36.978
 41   170.657 53658.23452409 52.03  70.966209  31.895444 36.978
 41   170.693 53658.23452474 47.90  70.965299  31.892154 36.978
 41   170.572 53658.23452538 43.38  70.964379  31.888874 36.978
 41   170.644 53658.23452602 40.11  70.963459  31.885584 36.978
 41   170.623 53658.23452667 43.14  70.962549  31.882304 36.978
 41   170.671 53658.23452731 52.19  70.961629  31.879024 36.978
 42   171.533 53693.23450040 46.88  70.970304  31.921534 33.482
 42   171.314 53693.23450104 42.74  70.969394  31.918244 33.482
 42   171.065 53693.23450169 36.49  70.968474  31.914964 33.482
 42   170.904 53693.23450233 38.17  70.967554  31.911684 33.482
 42   170.785 53693.23450298 35.58  70.966644  31.908394 33.482
 42   170.698 53693.23450362 39.21  70.965724  31.905114 33.482
 42   170.826 53693.23450426 42.18  70.964814  31.901824 33.482
 42   170.701 53693.23450491 52.89  70.963894  31.898544 33.482
 42   170.650 53693.23450555 46.49  70.962974  31.895264 33.482
 42   170.614 53693.23450620 43.23  70.962064  31.891974 33.482
 42   170.679 53693.23450684 41.39  70.961144  31.888694 33.482
 42   170.772 53693.23450749 42.51  70.960234  31.885404 33.482
 43   170.708 53728.23442367 39.24  70.971857  31.920898 36.646
 43   170.896 53728.23442431 34.26  70.970937  31.917608 36.646
 43   170.810 53728.23442496 34.62  70.970027  31.914328 36.646
 43   170.545 53728.23442560 25.57  70.969107  31.911048 36.646
 43   170.354 53728.23442689 33.67  70.967277  31.904478 36.646
 43   169.997 53728.23442754 42.15  70.966367  31.901188 36.646
 43   169.974 53728.23442818 44.23  70.965447  31.897908 36.646
 43   169.965 53728.23442882 52.12  70.964527  31.894628 36.646
 43   169.958 53728.23442947 45.04  70.963617  31.891338 36.646
 43   169.787 53728.23443011 36.20  70.962697  31.888058 36.646
 43   169.661 53728.23443076 38.90  70.961787  31.884768 36.646
 43   169.695 53728.23443140 41.17  70.960867  31.881488 36.646
 43   169.764 53728.23443205 51.26  70.959957  31.878198 36.646
 45   170.851 53798.23439177 35.25  70.973952  31.919850 34.797
 45   170.564 53798.23439242 34.90  70.973032  31.916560 34.797
 45   170.150 53798.23439564 37.18  70.968462  31.900140 34.797
 45   170.090 53798.23439629 43.82  70.967542  31.896860 34.797
 45   170.051 53798.23439693 48.59  70.966632  31.893580 34.797
 45   169.986 53798.23439758 40.19  70.965712  31.890290 34.797
 45   170.122 53798.23439822 36.25  70.964792  31.887010 34.797
 45   170.107 53798.23439887 38.87  70.963882  31.883720 34.797
 45   170.143 53798.23439951 42.92  70.962962  31.880440 34.797
 45   170.030 53798.23440015 42.13  70.962052  31.877160 34.797
 47   176.472 53868.23445155 31.42  70.972637  31.919229 36.132
 47   176.455 53868.23445220 31.81  70.971727  31.915939 36.132
 47   177.259 53868.23445478 42.22  70.968057  31.902809 36.132
 47   177.223 53868.23445542 40.31  70.967147  31.899519 36.132
 47   176.289 53868.23445606 37.83  70.966227  31.896239 36.132
 47   176.266 53868.23445671 36.07  70.965307  31.892959 36.132
 47   176.582 53868.23445735 35.75  70.964397  31.889669 36.132
 47   176.265 53868.23445800 34.72  70.963477  31.886389 36.132
 47   176.205 53868.23445864 34.30  70.962557  31.883099 36.132
 47   176.223 53868.23445929 35.25  70.961647  31.879819 36.132
 48   172.801 53903.23448328 44.23  70.971621  31.919362 37.171
 48   172.694 53903.23448392 44.58  70.970701  31.916082 37.171
 48   172.583 53903.23448457 51.00  70.969781  31.912802 37.171
 48   171.879 53903.23448650 51.60  70.967041  31.902942 37.171
 48   171.785 53903.23448715 53.62  70.966121  31.899662 37.171
 48   171.692 53903.23448779 49.39  70.965201  31.896382 37.171
 48   171.607 53903.23448844 49.70  70.964291  31.893092 37.171
 48   171.629 53903.23448908 46.19  70.963371  31.889812 37.171
 48   171.793 53903.23448973 46.77  70.962461  31.886522 37.171
 48   171.671 53903.23449037 46.61  70.961541  31.883242 37.171
 48   171.615 53903.23449101 44.58  70.960621  31.879962 37.171
 50   172.402 53973.23448227 41.38  70.966802  31.918663 32.636
 50   172.450 53973.23448292 45.90  70.965882  31.915373 32.636
 50   172.338 53973.23448356 45.08  70.964972  31.912093 32.636
 50   172.099 53973.23448420 44.67  70.964052  31.908813 32.636
 50   171.946 53973.23448485 45.87  70.963142  31.905523 32.636
 50   171.849 53973.23448549 46.88  70.962222  31.902243 32.636
 50   171.810 53973.23448614 46.92  70.961312  31.898953 32.636
 50   171.779 53973.23448678 46.54  70.960392  31.895673 32.636
 50   171.725 53973.23448743 46.76  70.959472  31.892393 32.636
 52   170.123 54043.23449979 48.63  70.971057  31.887945 30.341
 52   169.964 54043.23450044 41.13  70.970137  31.884665 30.341
 52   169.892 54043.23450108 28.70  70.969217  31.881375 30.341
 52   169.951 54043.23450173 28.40  70.968307  31.878095 30.341
 54   169.513 54113.23442561 36.86  70.967908  31.919182 45.233
 54   169.664 54113.23442625 36.82  70.966988  31.915892 45.233
 54   169.750 54113.23442689 43.77  70.966078  31.912612 45.233
 54   169.673 54113.23442754 38.19  70.965158  31.909332 45.233
 54   169.586 54113.23442818 48.17  70.964248  31.906042 45.233
 54   169.549 54113.23442883 49.32  70.963328  31.902762 45.233
 54   169.529 54113.23442947 51.96  70.962418  31.899472 45.233
 54   169.525 54113.23443012 52.71  70.961498  31.896192 45.233
 54   169.471 54113.23443076 49.54  70.960588  31.892902 45.233
 54   169.422 54113.23443141 50.21  70.959668  31.889622 45.233
 56   171.654 54183.23441430 41.57  70.969288  31.921594 26.981
 56   171.499 54183.23441495 45.71  70.968378  31.918304 26.981
 56   171.484 54183.23441559 48.12  70.967458  31.915024 26.981
 56   171.386 54183.23441624 47.87  70.966548  31.911734 26.981
 56   171.315 54183.23441688 45.11  70.965628  31.908454 26.981
 56   171.213 54183.23441752 43.55  70.964718  31.905174 26.981
 56   171.105 54183.23441817 44.04  70.963798  31.901884 26.981
 56   171.086 54183.23441881 43.70  70.962887  31.898604 25.864
 56   171.085 54183.23441946 45.00  70.961967  31.895314 25.864
 56   170.928 54183.23442010 40.66  70.961057  31.892034 25.864
 56   170.906 54183.23442075 38.29  70.960137  31.888754 25.864
 57   171.778 54218.23443992 49.62  70.974218  31.921609 31.790
 57   171.635 54218.23444056 47.45  70.973298  31.918329 31.790
 57   171.495 54218.23444121 46.35  70.972378  31.915039 31.790
 57   171.202 54218.23444378 42.55  70.968718  31.901909 31.790
 57   171.071 54218.23444443 42.98  70.967798  31.898619 31.790
 57   170.908 54218.23444507 45.93  70.966883  31.895339 25.136
 57   170.819 54218.23444572 43.74  70.965973  31.892049 25.136
 57   170.685 54218.23444636 43.06  70.965053  31.888769 25.136
 57   170.549 54218.23444701 41.04  70.964133  31.885489 25.136
 57   170.459 54218.23444765 37.83  70.963223  31.882199 25.136
 57   170.508 54218.23444830 37.34  70.962303  31.878919 25.136
 58   172.301 54253.23446534 47.23  70.972725  31.919939 30.934
 58   172.217 54253.23446598 46.50  70.971805  31.916659 30.934
 58   171.877 54253.23446856 44.53  70.968145  31.903519 30.934
 58   171.746 54253.23446921 45.61  70.967225  31.900239 30.934
 58   171.619 54253.23446985 45.57  70.966305  31.896949 30.934
 58   171.520 54253.23447050 45.12  70.965395  31.893669 23.486
 58   171.426 54253.23447114 44.14  70.964475  31.890379 23.486
 58   171.305 54253.23447179 42.73  70.963565  31.887099 23.486
 58   171.156 54253.23447243 39.26  70.962645  31.883819 23.486
 58   171.239 54253.23447308 41.48  70.961735  31.880529 23.486
 58   171.180 54253.23447372 38.73  70.960815  31.877249 23.486
 59   171.990 54288.23446936 42.74  70.974707  31.921762 26.039
 59   171.942 54288.23447001 41.80  70.973787  31.918482 26.039
 59   171.919 54288.23447065 40.76  70.972877  31.915192 26.039
 59   171.453 54288.23447323 42.77  70.969207  31.902062 26.039
 59   171.315 54288.23447387 40.37  70.968297  31.898772 26.039
 59   171.197 54288.23447452 44.10  70.967379  31.895494 29.636
 59   171.091 54288.23447516 44.72  70.966459  31.892204 29.636
 59   171.025 54288.23447581 42.34  70.965549  31.888924 29.636
 59   170.929 54288.23447645 40.75  70.964629  31.885644 29.636
 59   170.846 54288.23447710 40.25  70.963709  31.882354 29.636
 59   171.061 54288.23447774 40.66  70.962799  31.879074 29.636
 60   171.794 54323.23446712 42.03  70.974205  31.919218 26.947
 60   171.762 54323.23446776 39.63  70.973295  31.915928 26.947
 60   171.314 54323.23447098 37.29  70.968715  31.899508 26.947
 60   171.283 54323.23447163 41.23  70.967795  31.896228 25.061
 60   171.137 54323.23447227 41.32  70.966875  31.892938 25.061
 60   170.962 54323.23447292 38.70  70.965965  31.889658 25.061
 60   170.779 54323.23447356 35.20  70.965045  31.886378 25.061
 60   170.715 54323.23447421 35.31  70.964135  31.883088 25.061
 60   170.500 54323.23447485 32.28  70.963215  31.879808 25.061
 61   171.723 54358.23442366 44.23  70.970912  31.921908 31.528
 61   171.510 54358.23442430 47.09  70.969992  31.918628 31.528
 61   171.438 54358.23442495 46.97  70.969082  31.915338 31.528
 61   171.443 54358.23442559 44.12  70.968162  31.912058 31.528
 61   171.311 54358.23442623 44.45  70.967252  31.908768 31.528
 61   171.195 54358.23442688 46.90  70.966332  31.905488 31.528
 61   171.060 54358.23442752 43.23  70.965422  31.902198 31.528
 61   170.944 54358.23442817 44.54  70.964502  31.898918 31.528
 61   170.812 54358.23442881 38.68  70.963582  31.895636 19.873
 61   170.591 54358.23442946 37.76  70.962672  31.892356 19.873
 61   170.533 54358.23443010 35.90  70.961752  31.889066 19.873
 61   170.653 54358.23443075 41.53  70.960842  31.885786 19.873
 62   170.964 54393.23440750 44.81  70.974349  31.919649 39.632
 62   170.844 54393.23440815 44.92  70.973429  31.916359 39.632
 62   170.476 54393.23441137 47.51  70.968846  31.899940 32.297
 62   170.387 54393.23441201 45.58  70.967936  31.896660 32.297
 62   170.187 54393.23441266 41.65  70.967016  31.893380 32.297
 62   169.794 54393.23441330 38.78  70.966106  31.890090 32.297
 62   169.659 54393.23441395 39.91  70.965186  31.886810 32.297
 62   169.532 54393.23441459 43.51  70.964266  31.883520 32.297
 62   169.698 54393.23441524 48.86  70.963356  31.880240 32.297
 62   169.621 54393.23441588 49.03  70.962436  31.876960 32.297
 63   170.913 54428.23437439 47.91  70.972772  31.920047 35.557
 63   170.844 54428.23437503 46.65  70.971852  31.916757 35.557
 63   170.340 54428.23437825 47.07  70.967275  31.900337 30.105
 63   170.414 54428.23437890 44.62  70.966365  31.897057 30.105
 63   170.351 54428.23437954 42.86  70.965445  31.893777 30.105
 63   170.200 54428.23438019 42.74  70.964535  31.890487 30.105
 63   170.053 54428.23438083 38.39  70.963615  31.887207 30.105
 63   169.792 54428.23438148 39.48  70.962695  31.883917 30.105
 63   169.693 54428.23438212 47.25  70.961785  31.880637 30.105
 63   169.646 54428.23438277 49.30  70.960865  31.877357 30.105
 64   169.587 54463.23438589 29.42  70.975896  31.919265 25.291
 64   169.013 54463.23438976 25.20  70.970400  31.899557 20.264
 64   169.329 54463.23439040 22.59  70.969480  31.896277 20.264
 64   169.347 54463.23439105 24.11  70.968560  31.892997 20.264
 64   169.021 54463.23439169 23.27  70.967650  31.889707 20.264
 64   168.781 54463.23439234 28.84  70.966730  31.886427 20.264
 64   169.017 54463.23439298 35.18  70.965810  31.883137 20.264
 64   168.887 54463.23439363 34.03  70.964900  31.879857 20.264
 64   168.369 54463.23439427 31.91  70.963980  31.876577 20.264
 65   170.418 54498.23438330 45.97  70.973474  31.921831 34.032
 65   170.272 54498.23438394 41.90  70.972554  31.918551 34.032
 65   170.187 54498.23438459 42.64  70.971644  31.915261 34.032
 65   169.807 54498.23438716 46.28  70.967974  31.902132 34.725
 65   169.887 54498.23438781 49.33  70.967064  31.898842 34.725
 65   169.823 54498.23438845 47.43  70.966144  31.895562 34.725
 65   169.733 54498.23438910 51.27  70.965224  31.892272 34.725
 65   169.474 54498.23438974 38.70  70.964314  31.888992 34.725
 65   169.463 54498.23439039 36.66  70.963394  31.885712 34.725
 65   169.038 54498.23439103 41.33  70.962484  31.882422 34.725
 65   168.959 54498.23439168 41.99  70.961564  31.879142 34.725
 66   170.692 54533.23439957 51.37  70.975521  31.919569 44.355
 66   170.341 54533.23440344 49.44  70.970021  31.899869 44.355
 66   170.232 54533.23440409 50.68  70.969101  31.896589 44.355
 66   170.102 54533.23440473 42.89  70.968191  31.893299 44.355
 66   169.898 54533.23440538 38.15  70.967271  31.890019 44.355
 66   169.622 54533.23440602 36.61  70.966351  31.886729 44.355
 66   169.446 54533.23440667 43.32  70.965441  31.883449 44.355
 66   169.510 54533.23440731 49.03  70.964521  31.880169 44.355
 66   169.472 54533.23440795 41.25  70.963611  31.876879 44.355
 67   171.247 54568.23438722 48.15  70.971121  31.922359 41.490
 67   171.087 54568.23438787 45.46  70.970211  31.919069 41.490
 67   170.935 54568.23438851 50.26  70.969291  31.915789 41.490
 67   170.803 54568.23438916 52.27  70.968371  31.912499 41.490
 67   170.770 54568.23438980 49.85  70.967461  31.909219 41.490
 67   170.743 54568.23439109 51.31  70.965631  31.902649 41.490
 67   170.637 54568.23439173 51.44  70.964711  31.899369 41.490
 67   170.577 54568.23439238 49.80  70.963801  31.896079 41.490
 67   170.529 54568.23439302 49.62  70.962881  31.892799 41.490
 67   170.430 54568.23439367 47.33  70.961971  31.889519 41.490
 67   170.306 54568.23439431 43.10  70.961051  31.886229 41.490
 68   171.842 54603.23439420 42.71  70.973662  31.920133 35.169
 68   171.691 54603.23439484 45.51  70.972752  31.916843 35.169
 68   171.347 54603.23439807 48.72  70.968172  31.900423 35.169
 68   171.282 54603.23439871 50.31  70.967252  31.897143 35.169
 68   171.248 54603.23439935 50.81  70.966332  31.893863 35.169
 68   171.105 54603.23440000 42.72  70.965422  31.890573 35.169
 68   170.733 54603.23440064 41.28  70.964502  31.887293 35.169
 68   170.621 54603.23440129 44.22  70.963592  31.884003 35.169
 68   170.599 54603.23440193 50.85  70.962672  31.880723 35.169
 68   170.707 54603.23440258 48.63  70.961752  31.877443 35.169
 69   172.476 54638.23440513 38.88  70.972063  31.921663 21.951
 69   172.472 54638.23440578 37.11  70.971153  31.918373 21.951
 69   172.537 54638.23440642 35.63  70.970233  31.915093 21.951
 69   172.420 54638.23440707 38.37  70.969313  31.911813 21.951
 69   172.014 54638.23440900 35.08  70.966573  31.901953 21.951
 69   171.906 54638.23440965 35.50  70.965653  31.898673 21.951
 69   171.810 54638.23441029 36.18  70.964733  31.895393 21.951
 69   171.845 54638.23441094 37.88  70.963823  31.892103 21.951
 69   171.861 54638.23441158 44.05  70.962903  31.888823 21.951
 69   171.717 54638.23441223 46.51  70.961993  31.885533 21.951
 69   171.735 54638.23441287 45.67  70.961073  31.882253 21.951
 69   171.647 54638.23441351 51.66  70.960163  31.878973 21.951
 70   172.276 54673.23440776 40.18  70.972126  31.922445 26.761
 70   172.125 54673.23440840 40.55  70.971216  31.919155 26.761
 70   172.023 54673.23440905 39.87  70.970296  31.915875 26.761
 70   172.069 54673.23440969 41.83  70.969386  31.912585 26.761
 70   171.870 54673.23441162 41.47  70.966636  31.902735 26.761
 70   171.757 54673.23441227 39.07  70.965716  31.899455 26.761
 70   171.610 54673.23441291 37.73  70.964796  31.896165 26.761
 70   171.519 54673.23441356 37.64  70.963886  31.892885 26.761
 70   171.337 54673.23441420 38.61  70.962966  31.889605 26.761
 70   171.265 54673.23441485 47.60  70.962056  31.886315 26.761
 70   171.490 54673.23441549 46.23  70.961141  31.883035 33.919
 70   171.217 54673.23441614 46.29  70.960221  31.879745 33.919
 71   171.842 54708.23436663 44.45  70.973032  31.920919 27.779
 71   171.687 54708.23436727 39.18  70.972122  31.917629 27.779
 71   171.760 54708.23436792 37.89  70.971202  31.914349 27.779
 71   171.273 54708.23437050 37.53  70.967542  31.901209 27.779
 71   171.224 54708.23437114 37.78  70.966622  31.897929 27.779
 71   171.120 54708.23437179 37.36  70.965712  31.894639 27.779
 71   171.303 54708.23437243 41.21  70.964792  31.891359 27.779
 71   170.974 54708.23437307 40.92  70.963882  31.888079 27.779
 71   170.921 54708.23437372 40.48  70.962962  31.884789 27.779
 71   170.826 54708.23437436 41.80  70.962042  31.881509 27.779
 71   170.777 54708.23437501 42.96  70.961132  31.878219 27.779
 72   171.712 54743.23437434 41.21  70.973900  31.919121 33.740
 72   171.564 54743.23437498 42.97  70.972980  31.915841 33.740
 72   171.129 54743.23437821 43.12  70.968400  31.899421 33.740
 72   171.136 54743.23437885 47.70  70.967480  31.896141 33.740
 72   171.065 54743.23437950 45.26  70.966570  31.892851 33.740
 72   170.825 54743.23438014 40.34  70.965650  31.889571 33.740
 72   170.693 54743.23438079 39.63  70.964740  31.886281 33.740
 72   170.716 54743.23438143 47.92  70.963820  31.883001 33.740
 72   170.731 54743.23438208 46.07  70.962900  31.879721 33.740
 73   170.924 54778.23434913 51.62  70.974028  31.922035 43.165
 73   170.823 54778.23434977 46.20  70.973118  31.918745 43.165
 73   170.723 54778.23435042 39.94  70.972198  31.915465 43.165
 73   170.703 54778.23435300 50.03  70.968538  31.902325 43.165
 73   170.561 54778.23435364 48.54  70.967618  31.899045 43.165
 73   170.416 54778.23435429 47.57  70.966698  31.895765 43.165
 73   170.353 54778.23435493 46.77  70.965788  31.892475 43.165
 73   170.268 54778.23435557 44.61  70.964868  31.889195 43.165
 73   170.015 54778.23435622 41.24  70.963958  31.885905 43.165
 73   169.790 54778.23435686 49.59  70.963038  31.882625 43.165
 73   169.740 54778.23435751 46.80  70.962128  31.879345 43.165
 75   169.902 54848.23434880 52.71  70.972015  31.921204 47.334
 75   169.824 54848.23434944 52.62  70.971095  31.917924 47.334
 75   169.689 54848.23435009 52.32  70.970185  31.914634 47.334
 75   169.681 54848.23435073 43.72  70.969265  31.911354 47.334
 75   169.502 54848.23435266 47.60  70.966515  31.901504 47.334
 75   169.417 54848.23435331 50.66  70.965605  31.898214 47.334
 75   169.300 54848.23435395 45.71  70.964685  31.894934 47.334
 75   169.243 54848.23435460 50.41  70.963775  31.891654 47.334
 75   169.209 54848.23435524 43.72  70.962855  31.888364 47.334
 75   169.116 54848.23435589 44.67  70.961935  31.885084 47.334
 75   168.868 54848.23435653 41.40  70.961025  31.881794 47.334
 75   168.923 54848.23435718 45.85  70.960105  31.878514 47.334
 76   171.011 54883.23437088 47.11  70.973627  31.921518 40.589
 76   170.881 54883.23437153 47.50  70.972707  31.918238 40.589
 76   170.752 54883.23437217 43.90  70.971787  31.914958 40.589
 76   170.565 54883.23437475 48.70  70.968127  31.901818 40.589
 76   170.481 54883.23437539 48.02  70.967207  31.898538 40.589
 76   170.381 54883.23437604 49.30  70.966297  31.895248 40.589
 76   170.295 54883.23437668 52.07  70.965377  31.891968 40.589
 76   170.169 54883.23437733 43.16  70.964457  31.888678 40.589
 76   169.994 54883.23437797 39.21  70.963547  31.885398 40.589
 76   169.895 54883.23437862 45.57  70.962627  31.882118 40.589
 76   169.813 54883.23437926 47.40  70.961717  31.878828 40.589
 77   170.571 54918.23435193 38.03  70.966840  31.918375 39.962
 77   170.544 54918.23435257 39.51  70.965930  31.915085 39.962
 77   170.435 54918.23435322 37.54  70.965010  31.911805 39.962
 77   170.298 54918.23435386 39.70  70.964090  31.908525 39.962
 77   170.505 54918.23435451 42.34  70.963180  31.905235 39.962
 77   170.418 54918.23435515 45.03  70.962260  31.901955 39.962
 77   170.355 54918.23435580 46.21  70.961350  31.898665 39.962
 77   170.284 54918.23435644 45.82  70.960430  31.895385 39.962
 77   170.163 54918.23435709 43.91  70.959520  31.892105 39.962
 78   171.653 54953.23436470 44.25  70.973383  31.920452 34.622
 78   171.578 54953.23436535 46.26  70.972473  31.917162 34.622
 78   170.997 54953.23436857 47.01  70.967893  31.900742 34.622
 78   170.939 54953.23436922 43.73  70.966973  31.897462 34.622
 78   170.857 54953.23436986 43.34  70.966053  31.894182 34.622
 78   170.767 54953.23437051 45.19  70.965143  31.890892 34.622
 78   170.564 54953.23437115 41.12  70.964223  31.887612 34.622
 78   170.558 54953.23437179 43.55  70.963303  31.884322 34.622
 78   170.470 54953.23437244 48.82  70.962393  31.881042 34.622
 78   170.448 54953.23437308 46.51  70.961473  31.877762 34.622
 79   172.435 54988.23438894 37.69  70.971713  31.922078 23.849
 79   172.411 54988.23438958 35.68  70.970803  31.918788 23.849
 79   172.334 54988.23439023 37.04  70.969883  31.915508 23.849
 79   172.239 54988.23439087 36.97  70.968963  31.912228 23.849
 79   171.874 54988.23439281 41.62  70.966223  31.902368 23.849
 79   171.639 54988.23439345 39.03  70.965303  31.899088 23.849
 79   171.536 54988.23439409 37.27  70.964383  31.895808 23.849
 79   171.490 54988.23439474 37.68  70.963473  31.892518 23.849
 79   171.439 54988.23439538 40.82  70.962553  31.889238 23.849
 79   171.368 54988.23439603 49.42  70.961633  31.885948 23.849
 79   171.322 54988.23439732 44.81  70.959803  31.879388 23.849
 80   171.842 55023.23438103 42.51  70.974142  31.922061 31.497
 80   171.694 55023.23438168 40.74  70.973232  31.918771 31.497
 80   171.803 55023.23438232 40.95  70.972312  31.915491 31.497
 80   171.460 55023.23438490 48.71  70.968652  31.902351 31.497
 80   171.364 55023.23438554 47.94  70.967732  31.899071 31.497
 80   171.262 55023.23438619 45.86  70.966812  31.895791 31.497
 80   171.237 55023.23438683 44.57  70.965902  31.892501 31.497
 80   171.217 55023.23438748 42.74  70.964982  31.889221 31.497
 80   171.103 55023.23438812 39.74  70.964072  31.885931 31.497
 80   171.018 55023.23438877 39.46  70.963152  31.882651 31.497
 80   170.929 55023.23438941 39.96  70.962242  31.879371 31.497
 81   172.440 55058.23437648 44.12  70.973155  31.920531 24.224
 81   172.297 55058.23437713 49.41  70.972235  31.917251 24.224
 81   172.214 55058.23437777 46.76  70.971325  31.913961 24.224
 81   171.912 55058.23438035 40.16  70.967655  31.900831 24.224
 81   171.778 55058.23438100 39.55  70.966745  31.897541 24.224
 81   171.650 55058.23438164 39.75  70.965825  31.894261 24.224
 81   171.520 55058.23438229 38.33  70.964905  31.890981 24.224
 81   171.421 55058.23438293 40.59  70.963995  31.887691 24.224
 81   171.349 55058.23438357 41.14  70.963075  31.884411 24.224
 81   171.289 55058.23438422 41.80  70.962165  31.881121 24.224
 81   171.253 55058.23438486 37.32  70.961245  31.877841 24.224
 82   171.775 55093.23433157 42.35  70.969748  31.921163 34.498
 82   171.699 55093.23433221 47.42  70.968838  31.917873 34.498
 82   171.598 55093.23433286 45.04  70.967918  31.914593 34.498
 82   171.482 55093.23433350 45.71  70.966998  31.911303 34.498
 82   171.331 55093.23433415 43.77  70.966088  31.908023 34.498
 82   171.209 55093.23433479 45.79  70.965168  31.904743 34.498
 82   171.052 55093.23433544 43.99  70.964258  31.901453 34.498
 82   170.881 55093.23433608 48.74  70.963338  31.898173 34.498
 82   170.776 55093.23433673 48.77  70.962428  31.894883 34.498
 82   170.652 55093.23433737 45.38  70.961508  31.891603 34.498
 82   170.524 55093.23433801 48.65  70.960598  31.888323 34.498
 83   170.534 55128.23431750 55.90  70.973998  31.920948 44.886
 83   170.570 55128.23431815 51.43  70.973078  31.917668 44.886
 83   169.999 55128.23432137 40.77  70.968498  31.901248 44.886
 83   169.972 55128.23432202 39.19  70.967578  31.897968 44.886
 83   169.914 55128.23432266 36.14  70.966668  31.894678 44.886
 83   169.777 55128.23432331 35.06  70.965748  31.891398 44.886
 83   169.850 55128.23432395 37.69  70.964828  31.888108 44.886
 83   169.935 55128.23432460 44.88  70.963918  31.884828 44.886
 83   169.901 55128.23432524 48.89  70.962998  31.881548 44.886
 83   169.755 55128.23432588 51.30  70.962088  31.878258 44.886
 84   170.552 55163.23429337 50.91  70.972032  31.919613 43.267
 84   170.574 55163.23429402 51.03  70.971112  31.916333 43.267
 84   170.482 55163.23429466 50.35  70.970202  31.913043 43.267
 84   170.023 55163.23429660 43.49  70.967452  31.903193 43.267
 84   169.943 55163.23429724 47.10  70.966532  31.899913 43.267
 84   169.826 55163.23429789 45.49  70.965622  31.896623 43.267
 84   169.753 55163.23429853 39.13  70.964702  31.893343 43.267
 84   169.629 55163.23429918 35.42  70.963792  31.890063 43.267
 84   169.821 55163.23429982 39.11  70.962872  31.886773 43.267
 84   169.800 55163.23430046 42.53  70.961952  31.883493 43.267
 84   169.786 55163.23430111 50.67  70.961042  31.880203 43.267
 85   169.445 55198.23430834 50.21  70.974869  31.921758 41.214
 85   169.278 55198.23430898 51.67  70.973959  31.918468 41.214
 85   169.384 55198.23430963 47.24  70.973039  31.915188 41.214
 85   169.158 55198.23431221 37.28  70.969379  31.902048 41.214
 85   169.397 55198.23431285 36.77  70.968459  31.898768 41.214
 85   169.345 55198.23431350 35.82  70.967539  31.895488 41.214
 85   168.404 55198.23431414 34.22  70.966629  31.892198 41.214
 85   168.269 55198.23431479 41.34  70.965709  31.888918 41.214
 85   168.206 55198.23431543 37.43  70.964789  31.885628 41.214
 85   168.351 55198.23431608 44.29  70.963879  31.882348 41.214
 85   168.305 55198.23431672 44.29  70.962959  31.879068 41.214
 86   170.371 55233.23429796 50.85  70.969909  31.920371 41.318
 86   170.308 55233.23429860 53.74  70.968989  31.917081 41.318
 86   170.242 55233.23429925 51.20  70.968079  31.913801 41.318
 86   170.123 55233.23429989 41.73  70.967159  31.910521 41.318
 86   170.014 55233.23430053 41.33  70.966249  31.907231 41.318
 86   169.847 55233.23430118 36.69  70.965329  31.903951 41.318
 86   169.643 55233.23430182 39.01  70.964419  31.900661 41.318
 86   169.498 55233.23430247 46.05  70.963499  31.897381 41.318
 86   169.392 55233.23430311 37.23  70.962579  31.894101 41.318
 86   169.184 55233.23430376 35.16  70.961669  31.890811 41.318
 86   169.268 55233.23430440 36.94  70.960749  31.887531 41.318
 87   170.863 55268.23430342 49.99  70.973990  31.920283 42.723
 87   170.752 55268.23430407 50.95  70.973070  31.917003 42.723
 87   170.226 55268.23430729 45.36  70.968490  31.900583 42.723
 87   170.155 55268.23430794 47.54  70.967570  31.897303 42.723
 87   170.056 55268.23430858 42.26  70.966660  31.894013 42.723
 87   169.824 55268.23430923 38.44  70.965740  31.890733 42.723
 87   170.045 55268.23430987 40.39  70.964830  31.887443 42.723
 87   169.989 55268.23431052 44.65  70.963910  31.884163 42.723
 87   169.952 55268.23431116 49.49  70.962990  31.880883 42.723
 87   169.913 55268.23431181 43.78  70.962080  31.877593 42.723
 88   171.040 55303.23427718 49.90  70.971220  31.919384 40.397
 88   170.903 55303.23427782 49.72  70.970310  31.916094 40.397
 88   170.875 55303.23427847 51.82  70.969390  31.912814 40.397
 88   170.517 55303.23428040 43.86  70.966650  31.902964 40.397
 88   170.358 55303.23428105 43.42  70.965730  31.899674 40.397
 88   170.154 55303.23428169 45.04  70.964810  31.896394 40.397
 88   169.953 55303.23428234 38.08  70.963900  31.893104 40.397
 88   169.847 55303.23428298 37.77  70.962980  31.889824 40.397
 88   170.036 55303.23428362 40.35  70.962070  31.886534 40.397
 88   169.967 55303.23428427 43.23  70.961150  31.883254 40.397
 88   169.930 55303.23428491 45.60  70.960233  31.879971 24.929
 89   171.885 55338.23427666 43.74  70.973039  31.920348 30.340
 89   171.885 55338.23427731 43.49  70.972119  31.917068 30.340
 89   171.563 55338.23428053 49.30  70.967539  31.900648 30.340
 89   171.359 55338.23428117 43.45  70.966629  31.897358 30.340
 89   171.308 55338.23428182 41.20  70.965709  31.894078 30.340
 89   171.223 55338.23428246 41.02  70.964789  31.890798 30.340
 89   171.011 55338.23428311 41.57  70.963879  31.887508 30.340
 89   170.940 55338.23428375 40.01  70.962959  31.884228 30.340
 89   170.974 55338.23428440 41.74  70.962049  31.880938 30.340
 89   170.944 55338.23428504 46.69  70.961129  31.877658 30.340
 90   172.712 55373.23426774 44.67  70.973194  31.919515 29.018
 90   172.593 55373.23426838 44.77  70.972274  31.916235 29.018
 90   172.152 55373.23427161 44.71  70.967694  31.899815 29.018
 90   172.180 55373.23427225 46.65  70.966774  31.896535 29.018
 90   172.078 55373.23427290 50.15  70.965864  31.893245 29.018
 90   171.959 55373.23427354 47.82  70.964944  31.889965 29.018
 90   171.878 55373.23427418 47.46  70.964034  31.886675 29.018
 90   171.798 55373.23427483 49.21  70.963114  31.883395 29.018
 90   171.684 55373.23427547 50.96  70.962204  31.880115 29.018
 91   174.241 55408.23428763 29.11  70.976387  31.921730 11.503
 91   174.328 55408.23428827 29.09  70.975477  31.918440 11.503
 91   173.470 55408.23429214 29.80  70.969977  31.898740 11.503
 91   171.281 55408.23429279 30.33  70.969057  31.895460 11.503
 91   172.015 55408.23429343 29.56  70.968147  31.892170 11.503
 91   172.357 55408.23429408 29.94  70.967227  31.888890 11.503
 91   172.671 55408.23429472 29.40  70.966307  31.885600 11.503
 91   173.030 55408.23429537 28.69  70.965397  31.882320 11.503
 91   172.951 55408.23429601 28.55  70.964477  31.879040 11.503
 92   172.194 55443.23428555 23.94  70.973059  31.919985  9.090
 92   171.587 55443.23428619 27.18  70.972139  31.916705  9.090
 92   171.728 55443.23428941 26.04  70.967559  31.900285  9.090
 92   171.463 55443.23429006 25.29  70.966649  31.896995  9.090
 92   171.166 55443.23429070 24.75  70.965729  31.893715  9.090
 92   170.952 55443.23429135 24.44  70.964809  31.890435  9.090
 92   170.830 55443.23429199 24.35  70.963899  31.887145  9.090
 92   170.785 55443.23429264 24.78  70.962979  31.883865  9.090
 92   170.720 55443.23429328 27.03  70.962069  31.880575  9.090
 92   170.486 55443.23429393 26.17  70.961149  31.877295  9.090
 93   171.046 55478.23422472 48.49  70.970790  31.921036 38.593
 93   171.044 55478.23422537 51.93  70.969880  31.917746 38.593
 93   170.961 55478.23422601 53.94  70.968960  31.914466 38.593
 93   170.938 55478.23422666 50.72  70.968050  31.911176 38.593
 93   170.653 55478.23422795 48.73  70.966210  31.904616 38.593
 93   170.494 55478.23422859 47.99  70.965300  31.901326 38.593
 93   170.327 55478.23422924 44.62  70.964380  31.898046 38.593
 93   170.309 55478.23422988 44.05  70.963470  31.894756 38.593
 93   170.347 55478.23423053 44.68  70.962550  31.891476 38.593
 93   170.269 55478.23423117 49.05  70.961640  31.888196 38.593
 93   170.198 55478.23423182 48.35  70.960720  31.884906 38.593
