# NaN NaN NaN ;Mean Elev.(m), Avg Gradient(m/km), RMS Gradient(m/km) - SRTM1     
#  154.321  -0.268   0.976 ;Mean Elev.(m), Avg Gradient(m/km), RMS Gradient(m/km) - ASTER GDEM
#  155.497  -0.145   0.773 ;Mean Elev.(m), Avg Gradient(m/km), RMS Gradient(m/km) - GMTED2010 
  8   152.064 52503.23454020 51.83  70.808370  31.339279 17.894
  8   151.933 52503.23454084 51.61  70.807456  31.336001 35.182
  8   151.844 52503.23454149 48.41  70.806546  31.332711 35.182
  8   151.754 52503.23454213 45.46  70.805646  31.329431 35.182
  8   151.666 52503.23454342 53.08  70.803826  31.322861 35.182
  8   151.728 52503.23454407 47.65  70.802916  31.319571 35.182
 20   155.002 52923.23462066 36.47  70.809470  31.345006 10.530
 20   154.972 52923.23462131 30.67  70.808570  31.341716 10.530
 20   154.763 52923.23462195 28.61  70.807659  31.338438 33.888
 20   154.410 52923.23462260 31.53  70.806749  31.335148 33.888
 20   154.714 52923.23462324 33.84  70.805839  31.331868 33.888
 20   154.577 52923.23462389 37.38  70.804939  31.328578 33.888
 20   154.495 52923.23462453 37.93  70.804029  31.325298 33.888
 20   154.484 52923.23462517 42.55  70.803119  31.322008 33.888
 20   154.427 52923.23462582 43.77  70.802209  31.318728 33.888
 25   154.660 53098.23460275 25.22  70.805243  31.346984  8.306
 25   154.472 53098.23460340 22.53  70.804333  31.343694  8.306
 25   153.838 53098.23460404 26.55  70.803423  31.340414  8.306
 31   154.942 53308.23464646 30.32  70.808919  31.343586 31.407
 31   154.933 53308.23464710 31.83  70.808009  31.340306 31.407
 31   154.415 53308.23464775 32.84  70.807099  31.337016 31.407
 31   154.363 53308.23464839 35.82  70.806189  31.333736 31.407
 31   154.495 53308.23464904 40.41  70.805289  31.330446 31.407
 31   154.442 53308.23464968 38.84  70.804379  31.327166 31.407
 31   154.443 53308.23465033 38.65  70.803469  31.323876 31.407
 31   154.450 53308.23465097 47.13  70.802559  31.320596 31.407
 36   154.945 53483.23466197 29.30  70.807748  31.345124 32.899
 36   154.927 53483.23466262 30.91  70.806838  31.341844 32.899
 36   155.106 53483.23466326 34.52  70.805928  31.338554 32.899
 36   155.121 53483.23466390 35.31  70.805018  31.335274 32.899
 36   155.287 53483.23466455 37.61  70.804118  31.331984 32.899
 36   155.173 53483.23466519 37.74  70.803208  31.328704 32.899
 36   155.272 53483.23466584 40.60  70.802298  31.325414 32.899
 36   155.272 53483.23466648 51.29  70.801388  31.322134 32.899
 36   155.006 53483.23466713 50.39  70.800478  31.318844 32.899
 38   156.903 53553.23468291 45.53  70.806891  31.347760 28.386
 38   156.732 53553.23468355 49.10  70.805981  31.344470 28.386
 38   156.624 53553.23468420 51.32  70.805081  31.341190 28.386
 38   156.543 53553.23468484 45.53  70.804171  31.337900 28.386
 38   156.485 53553.23468549 46.10  70.803261  31.334620 28.386
 38   156.405 53553.23468613 46.75  70.802351  31.331330 28.386
 38   156.312 53553.23468678 44.62  70.801451  31.328050 28.386
 38   156.226 53553.23468742 45.35  70.800541  31.324760 28.386
 38   156.066 53553.23468807 37.99  70.799631  31.321480 28.386
 38   156.014 53553.23468871 37.01  70.798721  31.318190 28.386
 38   156.051 53553.23468936 37.09  70.797821  31.314910 28.386
 42   154.762 53693.23461515 31.43  70.807994  31.336907 36.183
 42   154.758 53693.23461579 37.67  70.807084  31.333627 36.183
 42   154.677 53693.23461644 40.44  70.806174  31.330337 36.183
 42   154.596 53693.23461837 43.01  70.803454  31.320487 36.183
 50   156.344 53973.23459444 38.28  70.808148  31.347168 21.518
 50   156.223 53973.23459509 37.43  70.807234  31.343890 28.515
 50   156.039 53973.23459573 39.00  70.806324  31.340600 28.515
 50   155.954 53973.23459638 40.15  70.805424  31.337320 28.515
 50   156.191 53973.23459702 40.79  70.804514  31.334030 28.515
 50   156.115 53973.23459767 45.07  70.803604  31.330750 28.515
 50   156.082 53973.23459831 40.38  70.802694  31.327460 28.515
 50   155.931 53973.23459896 37.22  70.801794  31.324180 28.515
 50   155.894 53973.23459960 35.78  70.800884  31.320890 28.515
 50   155.925 53973.23460025 46.70  70.799974  31.317610 28.515
 54   154.656 54113.23453842 29.66  70.808383  31.344389 31.969
 54   154.687 54113.23453907 26.38  70.807473  31.341099 31.969
 54   154.362 54113.23453971 25.91  70.806563  31.337819 31.969
 54   154.282 54113.23454036 29.14  70.805663  31.334529 31.969
 54   154.363 54113.23454100 35.99  70.804753  31.331249 31.969
 54   154.130 54113.23454165 35.46  70.803843  31.327959 31.969
 54   153.777 54113.23454229 32.01  70.802933  31.324679 31.969
 54   153.283 54113.23454294 31.76  70.802033  31.321389 31.969
 54   153.221 54113.23454358 32.65  70.801123  31.318109 31.969
 56   155.425 54183.23452776 38.98  70.808841  31.343527 21.800
 56   155.329 54183.23452841 36.20  70.807941  31.340247 21.800
 56   155.400 54183.23452905 36.17  70.807031  31.336957 21.800
 56   155.294 54183.23452970 37.45  70.806121  31.333677 21.800
 56   155.499 54183.23453034 38.69  70.805211  31.330387 21.800
 56   155.436 54183.23453099 39.36  70.804311  31.327107 21.800
 56   155.357 54183.23453163 42.72  70.803401  31.323817 21.800
 56   155.274 54183.23453228 47.09  70.802491  31.320537 21.800
 77   154.876 54918.23446410 27.91  70.808213  31.346863  6.867
 77   155.137 54918.23446475 31.04  70.807302  31.343583 34.953
 77   154.880 54918.23446539 32.74  70.806392  31.340293 34.953
 77   154.862 54918.23446604 36.89  70.805482  31.337013 34.953
 77   155.078 54918.23446668 35.21  70.804582  31.333723 34.953
 77   155.029 54918.23446733 35.22  70.803672  31.330443 34.953
 77   154.959 54918.23446797 35.33  70.802762  31.327153 34.953
 77   154.753 54918.23446862 33.01  70.801852  31.323873 34.953
 77   154.452 54918.23446926 33.98  70.800952  31.320583 34.953
 77   154.381 54918.23446990 34.50  70.800042  31.317303 34.953
 82   155.853 55093.23444503 38.83  70.809298  31.343097  8.394
 82   155.811 55093.23444568 36.71  70.808389  31.339820 35.519
 82   155.742 55093.23444632 40.17  70.807479  31.336530 35.519
 82   155.725 55093.23444697 38.83  70.806569  31.333250 35.519
 82   155.802 55093.23444761 46.23  70.805669  31.329960 35.519
 82   155.615 55093.23444890 41.08  70.803849  31.323390 35.519
 82   155.585 55093.23444954 44.87  70.802939  31.320110 35.519
 86   154.438 55233.23441206 27.40  70.808529  31.339041 18.346
 86   154.187 55233.23441271 27.89  70.807629  31.335751 18.346
 86   154.182 55233.23441335 29.32  70.806719  31.332471 18.346
 86   154.015 55233.23441400 28.58  70.805809  31.329181 18.346
 86   153.985 55233.23441529 29.40  70.803999  31.322611 18.346
