# NaN NaN NaN ;Mean Elev.(m), Avg Gradient(m/km), RMS Gradient(m/km) - SRTM1     
#  201.243  -0.090   3.595 ;Mean Elev.(m), Avg Gradient(m/km), RMS Gradient(m/km) - ASTER GDEM
#  195.631  -0.355   2.000 ;Mean Elev.(m), Avg Gradient(m/km), RMS Gradient(m/km) - GMTED2010 
  8   196.486 52487.70315329 46.76  71.425603  32.500264 41.530
  8   196.465 52487.70315394 46.11  71.424683  32.503554 41.530
  8   196.510 52487.70315458 45.66  71.423753  32.506834 41.530
  8   196.422 52487.70315523 42.34  71.422833  32.510114 41.530
  8   196.724 52487.70315587 39.90  71.421903  32.513394 41.530
  9   198.661 52522.70312554 52.41  71.424305  32.502472 53.457
  9   198.689 52522.70312618 54.21  71.423375  32.505752 53.457
  9   198.730 52522.70312683 50.48  71.422455  32.509042 53.457
  9   198.758 52522.70312747 52.16  71.421528  32.512317 46.593
 11   196.571 52592.70317328 40.29  71.417565  32.502029 47.035
 11   196.512 52592.70317393 49.23  71.416635  32.505319 47.035
 11   196.977 52592.70317457 39.27  71.415714  32.508602 45.256
 12   195.001 52627.70309261 49.81  71.426699  32.500624 47.449
 12   194.865 52627.70309325 47.01  71.425779  32.503904 47.449
 12   194.944 52627.70309390 33.55  71.424849  32.507184 47.449
 12   194.792 52627.70309454 33.71  71.423929  32.510464 47.449
 12   195.048 52627.70309519 33.63  71.422999  32.513754 47.449
 13   196.846 52662.70313604 38.47  71.421260  32.502505 50.334
 13   196.845 52662.70313669 37.21  71.420330  32.505795 50.334
 13   196.829 52662.70313733 43.87  71.419409  32.509068 45.906
 14   196.712 52697.70311258 33.33  71.421701  32.502205 33.148
 14   196.660 52697.70311322 33.52  71.420771  32.505485 33.148
 14   195.885 52697.70311387 42.14  71.419851  32.508765 33.148
 15   197.348 52732.70313261 43.62  71.432553  32.498294 16.524
 15   197.365 52732.70313326 41.07  71.431623  32.501574 16.524
 15   197.324 52732.70313390 43.59  71.430703  32.504854 16.524
 15   197.442 52732.70313454 47.69  71.429773  32.508144 16.524
 15   197.596 52732.70313519 43.85  71.428852  32.511418 18.135
 16   195.688 52767.70314201 36.83  71.422990  32.500154 43.614
 16   195.663 52767.70314266 35.09  71.422060  32.503434 43.614
 16   195.776 52767.70314330 37.42  71.421140  32.506724 43.614
 16   195.582 52767.70314394 43.09  71.420217  32.509998 30.365
 17   198.412 52802.70315594 52.97  71.419055  32.500070 32.522
 17   198.524 52802.70315659 53.25  71.418125  32.503360 32.522
 17   198.524 52802.70315723 53.18  71.417203  32.506642 46.941
 17   198.506 52802.70315788 49.19  71.416273  32.509922 46.941
 18   198.543 52837.70322083 53.91  71.421945  32.502156 26.715
 18   198.518 52837.70322147 50.70  71.421015  32.505446 26.715
 18   198.583 52837.70322212 52.02  71.420086  32.508719 44.107
 19   198.450 52872.70326067 47.08  71.423201  32.501081 26.057
 19   198.512 52872.70326131 45.19  71.422271  32.504371 26.057
 19   198.590 52872.70326196 47.48  71.421346  32.507644 40.222
 19   198.650 52872.70326260 46.22  71.420426  32.510934 40.222
 20   197.257 52907.70324564 37.02  71.429902  32.491625 29.960
 20   197.560 52907.70324693 52.61  71.428052  32.498195 29.960
 20   197.640 52907.70324757 48.95  71.427132  32.501475 29.960
 20   197.473 52907.70324822 50.84  71.426202  32.504755 29.960
 20   197.582 52907.70324886 48.73  71.425282  32.508035 29.960
 20   197.628 52907.70324951 41.42  71.424352  32.511325 29.960
 20   197.694 52907.70325015 47.50  71.423430  32.514600 43.925
 21   197.013 52942.70317448 48.41  71.425164  32.502449 45.561
 21   197.031 52942.70317512 46.94  71.424242  32.505723 47.892
 21   197.023 52942.70317577 47.85  71.423312  32.509013 47.892
 21   197.053 52942.70317641 42.69  71.422382  32.512293 47.892
 21   197.068 52942.70317706 48.64  71.421462  32.515573 47.892
 23   196.793 53012.70323187 33.62  71.421104  32.500209 29.698
 23   196.877 53012.70323251 35.71  71.420174  32.503489 29.698
 23   196.906 53012.70323316 37.90  71.419244  32.506779 29.698
 23   196.914 53012.70323380 41.85  71.418324  32.510052 39.262
 24   196.641 53047.70320084 39.26  71.418688  32.502622 48.804
 24   196.696 53047.70320149 49.05  71.417758  32.505912 48.804
 24   196.756 53047.70320213 44.70  71.416838  32.509185 43.415
 25   194.962 53082.70323552 33.31  71.417090  32.501774 40.482
 25   195.081 53082.70323616 39.37  71.416160  32.505064 40.482
 25   195.096 53082.70323681 37.93  71.415240  32.508338 40.148
 27   197.692 53152.70325566 51.00  71.416406  32.500563 45.656
 27   197.661 53152.70325695 45.83  71.414551  32.507127 47.953
 28   197.559 53187.70324170 47.80  71.430929  32.494823 47.134
 28   197.750 53187.70324235 44.66  71.430009  32.498113 47.134
 28   198.047 53187.70324299 47.58  71.429079  32.501393 47.134
 28   198.035 53187.70324364 47.86  71.428159  32.504673 47.134
 28   198.146 53187.70324428 52.63  71.427229  32.507963 47.134
 28   198.031 53187.70324492 52.63  71.426303  32.511237 46.217
 28   198.047 53187.70324557 48.15  71.425383  32.514527 46.217
 29   198.148 53222.70326329 50.88  71.425922  32.500598 27.679
 29   198.265 53222.70326393 52.22  71.425002  32.503878 27.679
 29   198.195 53222.70326458 52.83  71.424072  32.507168 27.679
 29   198.117 53222.70326522 49.30  71.423152  32.510442 48.967
 29   198.128 53222.70326587 45.21  71.422222  32.513732 48.967
 30   197.122 53257.70323908 39.43  71.421848  32.499993 46.136
 30   197.161 53257.70323973 40.22  71.420918  32.503273 46.136
 30   197.251 53257.70324037 38.85  71.419998  32.506563 46.136
 30   197.299 53257.70324102 40.84  71.419073  32.509838 39.600
 32   195.550 53327.70323209 40.38  71.425884  32.500238 42.238
 32   195.699 53327.70323273 37.60  71.424954  32.503518 42.238
 32   196.192 53327.70323337 36.63  71.424024  32.506808 42.238
 32   195.584 53327.70323402 46.11  71.423103  32.510081 46.425
 32   195.675 53327.70323466 38.14  71.422183  32.513371 46.425
 33   196.290 53362.70318559 27.63  71.430963  32.495339 47.773
 33   196.368 53362.70318624 36.42  71.430033  32.498629 47.773
 33   196.504 53362.70318688 48.44  71.429113  32.501909 47.773
 33   196.353 53362.70318753 57.05  71.428183  32.505189 47.773
 33   196.409 53362.70318817 52.39  71.427263  32.508479 47.773
 33   196.256 53362.70318882 54.14  71.426336  32.511753 46.115
 33   196.327 53362.70318946 52.42  71.425406  32.515043 46.115
 34   196.662 53397.70320896 37.56  71.419173  32.501957 23.497
 34   196.660 53397.70320961 41.82  71.418243  32.505237 23.497
 34   196.727 53397.70321025 48.10  71.417315  32.508520 48.478
 35   196.794 53432.70319834 26.57  71.429974  32.494137 22.571
 35   196.381 53432.70319899 29.25  71.429044  32.497417 22.571
 35   195.921 53432.70319963 37.03  71.428124  32.500697 22.571
 35   195.999 53432.70320028 40.10  71.427194  32.503977 22.571
 35   196.139 53432.70320092 38.12  71.426274  32.507267 22.571
 35   196.206 53432.70320157 33.75  71.425348  32.510541 42.721
 35   195.872 53432.70320221 35.50  71.424418  32.513831 42.721
 36   196.461 53467.70323698 33.40  71.418413  32.502489 27.785
 36   195.740 53467.70323763 42.41  71.417483  32.505769 27.785
 36   195.758 53467.70323827 44.56  71.416553  32.509061 40.148
 37   197.675 53502.70328793 38.26  71.416858  32.502299 18.494
 37   197.829 53502.70328857 38.85  71.415928  32.505589 18.494
 37   197.926 53502.70328922 38.46  71.415006  32.508864 33.347
 38   197.563 53537.70328174 43.63  71.422616  32.502304 45.344
 38   197.638 53537.70328238 42.91  71.421686  32.505594 45.344
 38   197.761 53537.70328303 44.37  71.420765  32.508869 41.445
 39   197.028 53572.70328444 43.22  71.418855  32.502818 39.621
 39   197.102 53572.70328508 40.31  71.417935  32.506108 39.621
 39   197.198 53572.70328573 43.36  71.417006  32.509383 41.926
 40   198.554 53607.70323301 49.30  71.426092  32.501362 36.815
 40   198.566 53607.70323365 49.20  71.425162  32.504642 36.815
 40   198.569 53607.70323430 52.68  71.424242  32.507932 36.815
 40   198.576 53607.70323494 49.57  71.423319  32.511207 46.843
 40   198.577 53607.70323559 44.15  71.422389  32.514497 46.843
 41   197.365 53642.70323447 41.34  71.417463  32.501746 51.527
 41   197.438 53642.70323512 48.65  71.416533  32.505036 51.527
 41   197.358 53642.70323576 41.21  71.415603  32.508309 49.868
 42   196.517 53677.70325274 33.33  71.418033  32.500254 31.626
 42   196.110 53677.70325338 43.50  71.417113  32.503534 31.626
 42   196.160 53677.70325403 45.97  71.416183  32.506824 31.626
 43   196.713 53712.70318019 34.04  71.431287  32.494922 50.523
 43   196.721 53712.70318084 35.71  71.430357  32.498202 50.523
 43   196.742 53712.70318148 49.37  71.429437  32.501482 50.523
 43   196.783 53712.70318213 52.82  71.428507  32.504762 50.523
 43   196.856 53712.70318277 53.34  71.427587  32.508052 50.523
 43   196.928 53712.70318342 52.86  71.426662  32.511326 47.439
 43   196.930 53712.70318406 52.93  71.425732  32.514616 47.439
 45   196.429 53782.70312349 31.15  71.429874  32.492487 29.344
 45   196.431 53782.70312414 43.05  71.428944  32.495767 29.344
 45   196.448 53782.70312478 53.62  71.428024  32.499057 29.344
 45   196.474 53782.70312543 48.15  71.427094  32.502337 29.344
 45   196.517 53782.70312607 37.40  71.426174  32.505617 29.344
 45   196.484 53782.70312671 37.54  71.425244  32.508907 29.344
 45   196.470 53782.70312736 42.55  71.424322  32.512181 50.138
 45   196.529 53782.70312800 53.09  71.423402  32.515471 50.138
 46   195.079 53817.70308897 27.80  71.432043  32.497668 33.520
 46   195.079 53817.70308962 31.74  71.431113  32.500948 33.520
 46   194.982 53817.70309026 41.39  71.430193  32.504228 33.520
 46   195.052 53817.70309090 52.38  71.429273  32.507518 33.520
 46   195.196 53817.70309155 56.58  71.428343  32.510798 33.520
 48   196.942 53887.70316978 37.04  71.431820  32.496791 37.675
 48   197.081 53887.70317042 37.74  71.430890  32.500071 37.675
 48   197.185 53887.70317107 40.61  71.429970  32.503351 37.675
 48   197.206 53887.70317171 44.28  71.429040  32.506641 37.675
 48   197.192 53887.70317235 45.87  71.428116  32.509923 42.790
 48   197.288 53887.70317300 42.27  71.427196  32.513203 42.790
 51   198.271 53992.70316043 50.15  71.420575  32.500631 51.103
 51   198.246 53992.70316108 52.46  71.419655  32.503911 51.103
 51   198.259 53992.70316172 50.87  71.418725  32.507191 51.103
 51   198.273 53992.70316236 47.66  71.417805  32.510471 51.103
 52   196.943 54027.70322298 36.17  71.421091  32.501429 47.085
 52   196.899 54027.70322362 34.03  71.420171  32.504709 47.085
 52   197.098 54027.70322427 43.18  71.419241  32.507999 47.085
 53   197.145 54062.70321440 38.90  71.430490  32.492964 51.628
 53   197.129 54062.70321505 41.95  71.429560  32.496244 51.628
 53   197.179 54062.70321569 51.91  71.428640  32.499534 51.628
 53   197.098 54062.70321634 54.77  71.427710  32.502814 51.628
 53   197.106 54062.70321698 47.74  71.426790  32.506094 51.628
 53   197.140 54062.70321763 40.77  71.425860  32.509374 51.628
 53   197.203 54062.70321827 49.31  71.424938  32.512657 47.974
 53   197.274 54062.70321892 51.72  71.424018  32.515947 47.974
 54   196.882 54097.70318553 39.22  71.426069  32.499881 49.911
 54   196.880 54097.70318617 39.31  71.425149  32.503161 49.911
 54   196.921 54097.70318682 46.20  71.424219  32.506441 49.911
 54   196.987 54097.70318746 41.47  71.423299  32.509731 49.911
 54   196.998 54097.70318811 40.99  71.422373  32.513005 49.944
 56   196.472 54167.70315939 31.55  71.423742  32.500804 31.141
 56   196.253 54167.70316003 39.81  71.422812  32.504084 31.141
 56   196.319 54167.70316068 39.96  71.421892  32.507374 31.141
 56   196.208 54167.70316132 39.93  71.420964  32.510649 43.160
 57   197.837 54202.70314260 54.78  71.419491  32.501529 39.654
 57   197.860 54202.70314325 51.12  71.418561  32.504809 39.654
 57   197.890 54202.70314389 50.02  71.417642  32.508100 47.988
 58   197.997 54237.70317805 45.98  71.423260  32.500265 31.077
 58   198.024 54237.70317870 49.91  71.422340  32.503545 31.077
 58   198.060 54237.70317934 49.02  71.421410  32.506835 31.077
 58   198.129 54237.70317999 47.53  71.420485  32.510119 46.718
 59   197.452 54272.70319753 38.05  71.423459  32.502807 22.967
 59   197.398 54272.70319817 43.07  71.422529  32.506097 22.967
 59   197.527 54272.70319882 42.91  71.421606  32.509373 39.769
 59   197.696 54272.70319946 42.78  71.420686  32.512663 39.769
 60   198.412 54307.70319937 48.98  71.422546  32.502594 27.744
 60   198.501 54307.70320002 50.81  71.421616  32.505884 27.744
 60   198.597 54307.70320066 46.31  71.420692  32.509158 42.232
 61   198.511 54342.70317829 50.34  71.426973  32.500794 28.047
 61   198.448 54342.70317893 46.69  71.426043  32.504074 28.047
 61   198.355 54342.70317958 48.92  71.425123  32.507364 28.047
 61   198.395 54342.70318022 46.49  71.424196  32.510648 44.453
 61   198.603 54342.70318087 44.63  71.423266  32.513928 44.453
 62   197.339 54377.70313447 40.31  71.421075  32.501729 32.582
 62   197.432 54377.70313511 41.80  71.420155  32.505009 32.582
 62   197.538 54377.70313576 41.41  71.419225  32.508299 32.582
 64   195.879 54447.70309995 28.20  71.419859  32.501187 32.090
 64   196.003 54447.70310059 33.67  71.418929  32.504467 32.090
 64   195.985 54447.70310124 46.91  71.418009  32.507757 32.090
 66   196.236 54517.70311384 28.96  71.421200  32.501905 42.287
 66   196.152 54517.70311449 33.90  71.420280  32.505195 42.287
 66   195.920 54517.70311513 40.10  71.419350  32.508475 42.287
 67   195.665 54552.70313072 37.61  71.425415  32.499919 29.433
 67   195.333 54552.70313136 32.19  71.424490  32.503193 44.414
 67   195.819 54552.70313201 30.58  71.423560  32.506483 44.414
 67   195.672 54552.70313265 34.56  71.422640  32.509763 44.414
 67   195.588 54552.70313329 40.73  71.421710  32.513043 44.414
 68   195.843 54587.70310999 31.91  71.421756  32.501971 41.714
 68   196.084 54587.70311063 32.36  71.420836  32.505261 41.714
 68   196.241 54587.70311128 41.12  71.419906  32.508541 41.714
 69   197.249 54622.70312799 40.66  71.422796  32.502003 38.262
 69   197.286 54622.70312863 39.67  71.421866  32.505293 38.262
 69   197.333 54622.70312928 44.68  71.420946  32.508573 38.262
 69   197.425 54622.70312992 45.30  71.420016  32.511853 38.262
 70   198.514 54657.70313698 52.78  71.421342  32.500761 31.401
 70   198.502 54657.70313763 51.30  71.420421  32.504035 47.544
 70   198.428 54657.70313827 52.20  71.419501  32.507325 47.544
 70   198.615 54657.70313892 48.84  71.418571  32.510605 47.544
 71   198.688 54692.70311943 49.97  71.424546  32.500257 21.378
 71   198.687 54692.70312008 49.33  71.423618  32.503532 45.372
 71   198.721 54692.70312072 45.80  71.422688  32.506822 45.372
 71   198.720 54692.70312137 46.17  71.421768  32.510102 45.372
 71   198.764 54692.70312201 50.49  71.420838  32.513382 45.372
 72   197.320 54727.70309040 38.00  71.421247  32.501523 37.094
 72   197.493 54727.70309105 37.77  71.420327  32.504813 37.094
 72   196.962 54727.70309169 45.67  71.419397  32.508093 37.094
 73   197.218 54762.70309645 38.94  71.422841  32.499724 23.664
 73   197.072 54762.70309709 37.69  71.421921  32.502998 41.363
 73   197.219 54762.70309774 39.61  71.421001  32.506288 41.363
 73   197.355 54762.70309838 46.27  71.420071  32.509568 41.363
 74   196.212 54797.70308331 35.14  71.418470  32.501868 43.551
 74   196.300 54797.70308396 42.93  71.417550  32.505148 43.551
 74   196.326 54797.70308460 42.11  71.416620  32.508428 43.551
 75   196.923 54832.70308716 35.41  71.422434  32.502901 47.319
 75   196.923 54832.70308781 39.81  71.421514  32.506191 47.319
 75   196.938 54832.70308845 47.94  71.420584  32.509471 47.319
 76   196.523 54867.70307932 31.41  71.420564  32.501366 40.309
 76   196.499 54867.70307997 33.51  71.419644  32.504656 40.309
 76   196.171 54867.70308061 42.93  71.418714  32.507936 40.309
 77   195.367 54902.70309678 29.19  71.422723  32.502873 44.789
 77   195.484 54902.70309742 31.64  71.421793  32.506163 44.789
 77   195.755 54902.70309807 34.58  71.420873  32.509443 44.789
 77   195.728 54902.70309871 31.17  71.419943  32.512723 44.789
 78   197.813 54937.70306982 51.90  71.421407  32.502429 47.595
 78   197.858 54937.70307047 50.06  71.420477  32.505719 47.595
 78   197.915 54937.70307111 52.34  71.419547  32.508999 47.595
 79   197.980 54972.70310214 50.97  71.421974  32.501311 47.161
 79   197.983 54972.70310278 47.91  71.421054  32.504601 47.161
 79   198.016 54972.70310343 48.81  71.420124  32.507881 47.161
 80   196.647 55007.70311850 35.81  71.421788  32.501992 29.128
 80   196.725 55007.70311914 36.54  71.420858  32.505272 29.128
 80   196.828 55007.70311979 41.88  71.419938  32.508552 29.128
 81   197.991 55042.70310765 40.76  71.422851  32.502638 29.026
 81   198.022 55042.70310830 40.34  71.421929  32.505911 38.191
 81   198.121 55042.70310894 46.15  71.421009  32.509201 38.191
 81   198.272 55042.70310959 49.73  71.420079  32.512481 38.191
 82   198.496 55077.70308618 49.54  71.425306  32.499974 22.108
 82   198.319 55077.70308682 46.89  71.424380  32.503250 34.756
 82   198.393 55077.70308746 52.04  71.423450  32.506540 34.756
 82   198.497 55077.70308811 50.53  71.422530  32.509820 34.756
 82   198.541 55077.70308875 41.08  71.421600  32.513100 34.756
 83   196.604 55112.70304003 37.79  71.421291  32.502374 40.051
 83   196.755 55112.70304067 36.34  71.420371  32.505654 40.051
 83   196.786 55112.70304131 40.39  71.419441  32.508934 40.051
 84   196.283 55147.70304099 33.86  71.421436  32.502460 45.156
 84   196.376 55147.70304163 33.95  71.420506  32.505740 45.156
 84   196.429 55147.70304228 42.34  71.419586  32.509020 45.156
 85   196.919 55182.70302061 42.03  71.419439  32.501627 49.225
 85   196.936 55182.70302126 43.52  71.418519  32.504917 49.225
 85   197.027 55182.70302190 49.93  71.417589  32.508197 49.225
 86   196.403 55217.70303762 29.99  71.423288  32.500375 42.860
 86   196.717 55217.70303827 30.95  71.422368  32.503655 42.860
 86   196.521 55217.70303891 34.24  71.421438  32.506945 42.860
 86   196.146 55217.70303956 42.31  71.420518  32.510225 42.860
 87   195.916 55252.70301652 28.79  71.421950  32.502176 43.761
 87   196.139 55252.70301716 31.83  71.421030  32.505466 43.761
 87   195.963 55252.70301781 39.94  71.420100  32.508746 43.761
 88   195.331 55287.70302916 31.99  71.423825  32.502905 41.389
 88   196.113 55287.70302980 30.52  71.422895  32.506195 41.389
 88   196.055 55287.70303045 36.25  71.421975  32.509475 41.389
 88   195.879 55287.70303109 38.77  71.421045  32.512755 41.389
 89   196.144 55322.70300557 33.45  71.421012  32.501847 40.071
 89   196.438 55322.70300622 35.10  71.420082  32.505137 40.071
 89   196.637 55322.70300686 39.00  71.419162  32.508417 40.071
 90   197.404 55357.70300449 41.37  71.422217  32.502271 31.750
 90   197.274 55357.70300514 37.71  71.421287  32.505561 31.750
 90   197.102 55357.70300578 41.23  71.420367  32.508841 31.750
 91   198.322 55392.70300709 53.02  71.420214  32.502916 44.400
 91   198.268 55392.70300774 52.28  71.419294  32.506196 44.400
 91   198.680 55392.70300838 50.20  71.418364  32.509476 44.400
 92   197.583 55427.70302025 36.13  71.423810  32.499661 18.960
 92   197.683 55427.70302090 27.41  71.422888  32.502935 18.058
 92   197.279 55427.70302154 26.73  71.421968  32.506225 18.058
 92   197.500 55427.70302219 29.09  71.421038  32.509505 18.058
 92   197.601 55427.70302283 31.20  71.420118  32.512785 18.058
 93   197.739 55462.70298367 51.76  71.429446  32.494412 25.636
 93   197.705 55462.70298431 51.36  71.428526  32.497692 25.636
 93   197.606 55462.70298496 51.95  71.427596  32.500972 25.636
 93   197.692 55462.70298560 50.76  71.426676  32.504262 25.636
 93   197.778 55462.70298625 45.99  71.425751  32.507538 42.736
 93   197.730 55462.70298689 42.51  71.424821  32.510828 42.736
 93   197.752 55462.70298754 45.81  71.423901  32.514108 42.736
