# NaN NaN NaN ;Mean Elev.(m), Avg Gradient(m/km), RMS Gradient(m/km) - SRTM1     
#   83.420  -0.192   1.160 ;Mean Elev.(m), Avg Gradient(m/km), RMS Gradient(m/km) - ASTER GDEM
#   81.976  -0.243   0.746 ;Mean Elev.(m), Avg Gradient(m/km), RMS Gradient(m/km) - GMTED2010 
  7    84.323 52468.23507500 44.84  70.086548  28.668408 37.600
  7    84.598 52468.23507564 40.85  70.085668  28.665128 37.600
  8    79.820 52503.23506368 35.39  70.085949  28.670289 36.873
  8    79.819 52503.23506432 30.39  70.085079  28.666999 36.873
  9    83.487 52538.23504845 32.56  70.093099  28.668351 25.821
  9    83.481 52538.23504910 40.05  70.092219  28.665061 25.821
 10    82.561 52573.23508868 26.59  70.086277  28.670473 29.512
 10    82.658 52573.23508933 31.41  70.085407  28.667183 29.512
 11    82.091 52608.23504701 31.92  70.089174  28.669893 38.146
 11    82.118 52608.23504765 37.85  70.088304  28.666603 38.146
 12    81.699 52643.23504240 45.84  70.089831  28.671075 42.119
 12    81.673 52643.23504305 37.13  70.088961  28.667785 42.119
 13    81.741 52678.23502537 38.11  70.090402  28.669552 43.930
 13    81.637 52678.23502602 34.33  70.089522  28.666272 43.930
 15    81.719 52748.23508969 34.09  70.076623  28.668758 24.725
 15    81.963 52748.23509033 37.42  70.075753  28.665468 24.725
 16    83.482 52783.23502950 23.70  70.090489  28.668957 30.515
 16    83.459 52783.23503014 27.62  70.089619  28.665667 30.515
 17    84.583 52818.23510717 34.59  70.089800  28.669892 41.760
 17    84.512 52818.23510782 37.49  70.088930  28.666602 41.760
 20    82.678 52923.23514543 32.05  70.085393  28.669434 36.205
 20    82.737 52923.23514607 32.96  70.084523  28.666144 36.205
 22    82.141 52993.23513753 47.36  70.092384  28.669112 29.704
 22    82.256 52993.23513818 36.41  70.091514  28.665832 29.704
 23    82.016 53028.23510217 32.09  70.090478  28.669739 36.623
 23    81.962 53028.23510281 35.43  70.089608  28.666449 36.623
 28    84.460 53203.23518294 38.78  70.088159  28.671191 36.594
 28    84.350 53203.23518359 33.75  70.087279  28.667901 36.594
 29    83.720 53238.23515182 35.78  70.092927  28.669217 31.301
 29    83.769 53238.23515246 44.27  70.092047  28.665927 31.301
 31    82.678 53308.23517058 31.29  70.085302  28.671387 44.137
 31    82.676 53308.23517123 41.16  70.084432  28.668097 44.137
 35    83.081 53448.23510158 31.08  70.093439  28.668115 34.224
 35    83.064 53448.23510222 30.43  70.092559  28.664825 34.224
 36    83.144 53483.23518674 33.12  70.083189  28.669574 36.781
 36    83.214 53483.23518738 38.43  70.082319  28.666284 36.781
 37    84.325 53518.23518571 27.96  70.089920  28.671186 35.261
 37    84.148 53518.23518636 28.46  70.089050  28.667896 35.261
 38    84.686 53553.23520832 43.65  70.081668  28.668964 43.771
 38    84.605 53553.23520896 33.33  70.080798  28.665674 43.771
 39    84.940 53588.23515787 28.57  70.091824  28.669762 32.566
 39    84.979 53588.23515852 32.72  70.090954  28.666472 32.566
 40    84.010 53623.23512946 43.79  70.086189  28.669387 39.321
 40    84.053 53623.23513011 45.39  70.085309  28.666097 39.321
 41    83.360 53658.23515652 49.10  70.089274  28.671489 42.422
 41    83.354 53658.23515716 52.56  70.088404  28.668199 42.422
 42    84.958 53693.23513798 22.70  70.086486  28.671231 28.018
 42    82.704 53693.23513863 26.07  70.085616  28.667941 28.018
 43    82.444 53728.23506125 40.29  70.088346  28.670543 39.978
 43    82.461 53728.23506190 45.82  70.087476  28.667253 39.978
 45    82.700 53798.23502936 29.25  70.090289  28.669508 37.810
 45    82.665 53798.23503000 27.88  70.089419  28.666218 37.810
 47    87.660 53868.23508914 14.99  70.088437  28.668923 25.804
 47    87.655 53868.23508979 15.41  70.087567  28.665633 25.804
 48    84.068 53903.23512086 36.95  70.087578  28.669020 43.527
 48    84.037 53903.23512151 28.02  70.086708  28.665730 43.527
 49    84.526 53938.23515686 44.93  70.079347  28.670788 41.717
 49    84.542 53938.23515751 46.23  70.078477  28.667498 41.717
 50    84.446 53973.23511986 33.59  70.083103  28.668331 36.513
 50    84.174 53973.23512050 32.23  70.082233  28.665041 36.513
 54    82.386 54113.23506319 41.43  70.084440  28.668739 44.239
 54    82.554 54113.23506384 44.36  70.083570  28.665449 44.239
 56    82.921 54183.23505189 24.72  70.085752  28.671251 25.860
 56    82.978 54183.23505253 25.32  70.084882  28.667961 25.860
 57    83.651 54218.23507750 27.89  70.089955  28.671256 27.817
 57    83.658 54218.23507815 25.28  70.089085  28.667976 27.817
 58    83.811 54253.23510292 25.90  70.088678  28.669611 26.382
 58    83.619 54253.23510357 26.78  70.087798  28.666321 26.382
 59    84.581 54288.23510695 28.96  70.090778  28.671509 27.982
 59    84.593 54288.23510759 29.02  70.089898  28.668229 27.982
 60    84.233 54323.23510470 34.09  70.090248  28.668906 34.329
 60    84.392 54323.23510535 32.88  70.089378  28.665616 34.329
 61    83.846 54358.23506124 33.06  70.087358  28.671512 34.397
 61    83.761 54358.23506188 29.55  70.086488  28.668222 34.397
 62    83.256 54393.23504509 39.67  70.090302  28.669374 35.706
 62    83.094 54393.23504573 41.60  70.089432  28.666084 35.706
 63    82.639 54428.23501197 38.74  70.088990  28.669710 32.836
 63    82.680 54428.23501262 42.19  70.088120  28.666420 32.836
 64    82.289 54463.23502348 33.93  70.091694  28.669002 28.320
 64    82.165 54463.23502412 37.01  70.090824  28.665712 28.320
 65    82.630 54498.23502088 34.96  70.089641  28.671548 37.085
 65    82.725 54498.23502153 38.86  70.088771  28.668258 37.085
 66    82.391 54533.23503716 33.01  70.091445  28.669284 24.601
 66    82.235 54533.23503780 40.84  70.090575  28.665994 24.601
 67    82.294 54568.23502545 31.12  70.086639  28.668645 35.910
 67    82.321 54568.23502610 40.17  70.085759  28.665355 35.910
 68    83.163 54603.23503178 38.66  70.089582  28.669847 24.364
 68    83.061 54603.23503243 31.02  70.088712  28.666557 24.364
 69    84.435 54638.23504272 41.50  70.088120  28.671393 41.463
 69    84.496 54638.23504336 42.56  70.087250  28.668103 41.463
 70    84.701 54673.23504599 34.68  70.087302  28.668806 43.129
 70    84.460 54673.23504663 31.71  70.086432  28.665516 43.129
 71    84.268 54708.23500421 34.34  70.089326  28.670549 40.405
 71    84.141 54708.23500486 29.55  70.088456  28.667259 40.405
 72    83.592 54743.23501192 38.83  70.089822  28.668928 32.331
 72    83.503 54743.23501257 40.10  70.088952  28.665638 32.331
 73    82.713 54778.23498736 52.25  70.089297  28.668465 36.690
 73    82.698 54778.23498800 38.25  70.088427  28.665175 36.690
 75    83.457 54848.23498638 22.52  70.088242  28.670916 27.687
 75    83.800 54848.23498703 22.97  70.087362  28.667626 27.687
 76    82.851 54883.23500847 18.45  70.089496  28.671335 24.116
 76    83.301 54883.23500911 18.17  70.088626  28.668045 24.116
 77    83.302 54918.23498887 22.89  70.084181  28.671225 29.806
 77    82.609 54918.23498951 28.17  70.083301  28.667935 29.806
 78    83.053 54953.23500229 46.04  70.089249  28.670095 30.123
 78    83.032 54953.23500293 48.15  70.088379  28.666805 30.123
 79    84.020 54988.23502717 29.98  70.086760  28.668542 37.609
 79    83.975 54988.23502781 35.30  70.085890  28.665252 37.609
 80    84.052 55023.23501926 29.37  70.089380  28.668458 41.414
 80    84.104 55023.23501990 36.76  70.088510  28.665168 41.414
 81    84.971 55058.23501407 36.93  70.089240  28.670169 39.620
 81    84.662 55058.23501471 34.82  70.088360  28.666879 39.620
 82    83.873 55093.23496915 26.44  70.086169  28.670839 33.629
 82    83.976 55093.23496980 22.64  70.085299  28.667549 33.629
 83    82.865 55128.23495509 36.74  70.089942  28.670729 34.185
 83    82.842 55128.23495573 31.03  70.089072  28.667439 34.185
 84    82.728 55163.23493096 50.68  70.088196  28.669268 40.339
 84    82.762 55163.23493160 50.69  70.087326  28.665978 40.339
 85    81.963 55198.23494592 37.76  70.090665  28.671521 27.342
 85    81.826 55198.23494657 38.32  70.089795  28.668231 27.342
 86    82.078 55233.23493554 28.26  70.086251  28.670107 28.075
 86    81.975 55233.23493619 23.82  70.085381  28.666817 28.075
 87    82.858 55268.23494101 51.79  70.089931  28.669966 31.227
 87    82.752 55268.23494165 49.27  70.089061  28.666676 31.227
 88    82.386 55303.23491476 47.95  70.087653  28.668923 27.078
 88    82.283 55303.23491541 48.21  70.086773  28.665633 27.078
 89    83.422 55338.23491425 29.35  70.089094  28.670076 27.437
 89    83.407 55338.23491489 28.17  70.088214  28.666786 27.437
 90    84.180 55373.23490532 45.10  70.089313  28.669230 35.214
 90    84.171 55373.23490597 43.61  70.088443  28.665940 35.214
 92    85.175 55443.23492313 34.52  70.089177  28.669670 17.846
 92    84.994 55443.23492378 31.32  70.088297  28.666380 17.846
 93    83.765 55478.23486231 26.31  70.087302  28.670714 13.929
 93    83.551 55478.23486295 26.70  70.086432  28.667424 13.929
