# NaN NaN NaN ;Mean Elev.(m), Avg Gradient(m/km), RMS Gradient(m/km) - SRTM1     
#  164.788  -0.286   1.274 ;Mean Elev.(m), Avg Gradient(m/km), RMS Gradient(m/km) - ASTER GDEM
#  162.791  -0.412   1.344 ;Mean Elev.(m), Avg Gradient(m/km), RMS Gradient(m/km) - GMTED2010 
  7   164.101 52468.23449801 44.35  70.884561  31.610016 29.212
  7   163.936 52468.23449866 43.94  70.883641  31.606736 29.212
  7   163.829 52468.23449930 41.92  70.882731  31.603446 29.212
  7   163.576 52468.23449995 39.34  70.881821  31.600166 29.212
  7   163.259 52468.23450059 33.68  70.880911  31.596876 29.212
  8   160.143 52503.23448734 45.44  70.882954  31.608631 30.848
  8   159.887 52503.23448798 40.25  70.882044  31.605341 30.848
  8   159.640 52503.23448862 41.37  70.881134  31.602061 30.848
  8   159.605 52503.23448927 40.97  70.880224  31.598771 31.953
  9   163.202 52538.23447211 32.08  70.890731  31.606574 14.809
  9   162.944 52538.23447276 32.02  70.889811  31.603294 14.809
  9   162.733 52538.23447340 30.54  70.888901  31.600014 14.809
 10   162.787 52573.23451234 41.99  70.883508  31.608741 31.469
 10   162.622 52573.23451299 42.31  70.882588  31.605461 31.469
 10   162.299 52573.23451363 40.91  70.881678  31.602171 31.469
 10   162.248 52573.23451428 48.12  70.880768  31.598891 31.469
 11   163.343 52608.23447067 41.53  70.886177  31.608189 27.832
 11   162.873 52608.23447131 42.40  70.885257  31.604899 27.832
 11   162.800 52608.23447196 45.62  70.884347  31.601619 27.832
 11   162.717 52608.23447260 39.69  70.883437  31.598329 27.832
 12   162.459 52643.23446606 40.02  70.887241  31.609340 34.761
 12   162.420 52643.23446671 31.39  70.886331  31.606050 34.761
 12   161.982 52643.23446735 33.60  70.885411  31.602770 34.761
 12   161.763 52643.23446800 36.57  70.884502  31.599482 23.249
 13   163.031 52678.23444903 39.73  70.887354  31.607883 37.297
 13   162.582 52678.23444967 39.55  70.886434  31.604593 37.297
 13   162.587 52678.23445032 44.59  70.885524  31.601313 37.297
 13   162.475 52678.23445096 39.11  70.884614  31.598023 37.297
 15   162.772 52748.23451335 34.81  70.873526  31.607099 36.060
 15   162.723 52748.23451399 40.29  70.872606  31.603809 36.060
 15   162.814 52748.23451464 48.30  70.871696  31.600529 36.060
 15   162.803 52748.23451528 46.09  70.870786  31.597239 36.060
 16   164.148 52783.23445316 43.95  70.888107  31.607213 19.975
 16   164.042 52783.23445380 45.58  70.887197  31.603933 19.975
 16   163.850 52783.23445445 43.65  70.886287  31.600643 19.975
 17   164.236 52818.23453083 36.19  70.887383  31.608140 30.907
 17   164.167 52818.23453148 42.72  70.886468  31.604852 23.315
 17   163.959 52818.23453212 43.46  70.885558  31.601572 23.315
 17   163.901 52818.23453277 38.83  70.884648  31.598282 23.315
 18   164.712 52853.23458035 44.18  70.889427  31.608799 36.506
 18   164.616 52853.23458100 37.17  70.888507  31.605519 36.506
 18   164.211 52853.23458164 40.09  70.887598  31.602231 35.037
 18   164.111 52853.23458229 40.94  70.886688  31.598951 35.037
 20   163.304 52923.23456844 45.69  70.883142  31.611069 33.734
 20   163.193 52923.23456909 45.51  70.882232  31.607779 33.734
 20   163.132 52923.23456973 45.29  70.881322  31.604499 33.734
 20   162.935 52923.23457038 42.81  70.880416  31.601209 33.126
 20   162.661 52923.23457102 43.74  70.879496  31.597929 33.126
 21   162.633 52958.23453537 32.13  70.894079  31.605268 27.615
 21   162.569 52958.23453601 31.45  70.893168  31.601981  7.490
 22   162.547 52993.23456119 37.62  70.889666  31.607371 19.522
 22   162.345 52993.23456184 40.00  70.888746  31.604081 19.522
 22   162.266 52993.23456248 41.28  70.887836  31.600801 19.522
 23   162.274 53028.23452583 37.55  70.887306  31.608066 23.179
 23   162.131 53028.23452647 38.59  70.886396  31.604776 23.179
 23   162.064 53028.23452712 46.39  70.885486  31.601496 23.179
 23   162.029 53028.23452776 44.27  70.884576  31.598206 23.179
 24   162.377 53063.23453463 29.26  70.892027  31.604798  8.338
 24   162.372 53063.23453527 28.61  70.891107  31.601518  8.338
 24   162.336 53063.23453592 25.30  70.890197  31.598228  8.338
 25   162.123 53098.23455118 41.60  70.878011  31.609760 31.716
 25   162.071 53098.23455182 42.26  70.877091  31.606480 31.716
 25   161.925 53098.23455247 39.13  70.876181  31.603190 31.716
 25   161.759 53098.23455311 32.57  70.875271  31.599910 31.716
 25   161.707 53098.23455376 31.55  70.874356  31.596619 29.261
 26   162.980 53133.23453184 32.80  70.895100  31.607004  7.501
 26   162.815 53133.23453248 31.19  70.894190  31.603714  7.501
 26   162.785 53133.23453313 28.49  70.893280  31.600434  7.501
 28   163.962 53203.23460660 35.00  70.885361  31.609459 34.051
 28   163.856 53203.23460725 45.04  70.884455  31.606171 33.604
 28   163.722 53203.23460789 49.63  70.883545  31.602891 33.604
 28   163.663 53203.23460853 49.44  70.882635  31.599601 33.604
 29   163.583 53238.23457548 37.87  70.889844  31.607572 28.031
 29   163.462 53238.23457612 39.53  70.888935  31.604282 16.723
 29   163.352 53238.23457677 43.07  70.888015  31.601002 16.723
 29   163.246 53238.23457741 42.62  70.887105  31.597712 16.723
 30   163.108 53273.23453604 33.10  70.892162  31.602785 10.723
 30   162.906 53273.23453669 31.79  70.891252  31.599495 10.723
 31   162.946 53308.23459424 47.65  70.882628  31.609637 27.651
 31   162.962 53308.23459488 48.13  70.881718  31.606357 27.651
 31   162.836 53308.23459553 42.10  70.880808  31.603067 27.651
 31   162.516 53308.23459617 37.16  70.879898  31.599787 27.651
 33   161.595 53378.23450177 34.49  70.894740  31.606031 12.139
 33   161.315 53378.23450241 30.62  70.893830  31.602751 12.139
 33   160.715 53378.23450306 28.08  70.892920  31.599461 12.139
 34   162.915 53413.23453773 38.17  70.889535  31.604869 11.175
 34   162.754 53413.23453837 34.97  70.888625  31.601579 11.175
 34   162.172 53413.23453902 32.97  70.887705  31.598299 11.175
 35   162.782 53448.23452588 35.89  70.890229  31.603036 28.391
 35   162.397 53448.23452652 32.72  70.889319  31.599756 28.391
 36   163.261 53483.23460975 45.41  70.881464  31.611181 33.866
 36   163.240 53483.23461040 51.15  70.880554  31.607901 33.866
 36   163.206 53483.23461104 49.76  70.879644  31.604611 33.866
 36   163.158 53483.23461169 45.14  70.878734  31.601331 33.866
 36   162.708 53483.23461233 39.99  70.877824  31.598041 33.866
 37   163.841 53518.23460937 45.45  70.887048  31.609534 26.540
 37   163.841 53518.23461002 46.26  70.886138  31.606254 26.540
 37   163.788 53518.23461066 44.89  70.885218  31.602964 26.540
 37   163.407 53518.23461131 47.96  70.884308  31.599684 26.540
 38   164.298 53553.23463133 33.32  70.879683  31.610522 36.174
 38   163.905 53553.23463198 31.09  70.878773  31.607242 36.174
 38   164.065 53553.23463262 29.79  70.877863  31.603952 36.174
 38   164.333 53553.23463327 33.57  70.876943  31.600672 36.174
 38   164.122 53553.23463391 44.79  70.876033  31.597382 36.174
 39   164.230 53588.23458153 30.87  70.888784  31.608091 29.416
 39   164.480 53588.23458218 31.57  70.887864  31.604811 29.416
 39   164.510 53588.23458282 33.51  70.886954  31.601521 29.416
 39   164.224 53588.23458346 40.83  70.886044  31.598241 29.416
 40   163.608 53623.23455248 46.75  70.884724  31.610906 25.030
 40   163.562 53623.23455312 40.56  70.883814  31.607626 25.030
 40   163.566 53623.23455377 38.66  70.882904  31.604336 25.030
 40   163.505 53623.23455441 40.27  70.881994  31.601056 25.030
 40   163.501 53623.23455506 42.82  70.881084  31.597766 25.030
 41   162.984 53658.23458018 52.01  70.886681  31.609720 27.006
 41   162.988 53658.23458082 51.99  70.885771  31.606440 27.006
 41   162.992 53658.23458147 49.35  70.884861  31.603150 27.006
 41   162.901 53658.23458211 48.69  70.883951  31.599870 27.006
 42   163.016 53693.23456164 51.54  70.883493  31.609532 31.828
 42   163.026 53693.23456229 52.86  70.882583  31.606252 31.828
 42   162.977 53693.23456293 44.64  70.881663  31.602962 31.828
 42   162.998 53693.23456357 48.93  70.880753  31.599682 31.828
 43   162.296 53728.23448491 37.97  70.885067  31.608890 31.232
 43   162.204 53728.23448556 49.10  70.884157  31.605610 31.232
 43   162.186 53728.23448620 55.75  70.883247  31.602320 31.232
 43   162.179 53728.23448685 49.11  70.882337  31.599040 31.232
 44   161.862 53763.23444308 50.95  70.896251  31.608311 15.283
 44   161.765 53763.23444372 42.90  70.895341  31.605031 15.283
 44   161.650 53763.23444437 37.61  70.894431  31.601741 15.283
 45   162.729 53798.23445302 52.61  70.887156  31.607844 22.429
 45   162.643 53798.23445366 47.66  70.886236  31.604564 22.429
 45   162.629 53798.23445431 45.12  70.885326  31.601274 22.429
 45   162.624 53798.23445495 43.81  70.884416  31.597994 22.429
 47   167.932 53868.23451215 41.30  70.886696  31.610515 35.372
 47   167.278 53868.23451280 38.76  70.885786  31.607227 36.100
 47   166.508 53868.23451344 35.92  70.884876  31.603947 36.100
 47   166.856 53868.23451409 37.60  70.883966  31.600657 36.100
 47   166.330 53868.23451473 36.55  70.883056  31.597377 36.100
 48   163.962 53903.23454388 44.47  70.885692  31.610646 32.103
 48   163.886 53903.23454452 40.38  70.884782  31.607366 32.103
 48   163.839 53903.23454517 39.57  70.883872  31.604076 32.103
 48   163.862 53903.23454581 41.27  70.882952  31.600796 32.103
 48   163.878 53903.23454646 40.33  70.882042  31.597506 32.103
 49   163.733 53938.23458052 39.06  70.876574  31.609101 28.725
 49   163.646 53938.23458117 34.54  70.875664  31.605821 28.725
 49   163.647 53938.23458181 32.15  70.874754  31.602531 28.725
 49   163.626 53938.23458245 32.10  70.873844  31.599251 28.725
 50   163.988 53973.23454287 39.28  70.880912  31.609948 38.716
 50   163.906 53973.23454352 49.64  70.880003  31.606658 34.380
 50   163.840 53973.23454416 51.71  70.879083  31.603378 34.380
 50   163.769 53973.23454480 46.74  70.878173  31.600088 34.380
 50   163.696 53973.23454545 39.75  70.877263  31.596808 34.380
 52   162.998 54043.23455588 43.65  70.891538  31.602233 16.800
 52   162.765 54043.23455652 41.61  70.890628  31.598943 16.800
 54   162.185 54113.23448621 47.89  70.882038  31.610457 22.729
 54   162.246 54113.23448685 41.77  70.881123  31.607166 31.792
 54   161.864 54113.23448749 33.60  70.880213  31.603886 31.792
 54   161.711 54113.23448814 30.96  70.879303  31.600596 31.792
 54   161.745 54113.23448878 36.40  70.878393  31.597316 31.792
 56   163.635 54183.23447555 48.83  70.882507  31.609592 30.584
 56   163.539 54183.23447619 51.35  70.881597  31.606302 30.584
 56   163.538 54183.23447684 47.47  70.880677  31.603022 30.584
 56   163.535 54183.23447748 44.67  70.879767  31.599732 30.584
 57   163.803 54218.23450116 42.29  70.887356  31.609607 32.853
 57   163.657 54218.23450181 42.46  70.886446  31.606327 32.853
 57   163.515 54218.23450245 42.86  70.885536  31.603037 32.853
 57   163.476 54218.23450310 44.35  70.884616  31.599757 32.853
 58   164.248 54253.23452594 43.52  70.886796  31.611227 28.614
 58   164.150 54253.23452658 47.19  70.885886  31.607937 28.614
 58   163.838 54253.23452723 46.54  70.884976  31.604657 28.614
 58   163.685 54253.23452787 47.33  70.884066  31.601367 28.614
 58   163.773 54253.23452852 43.21  70.883146  31.598087 28.614
 59   164.041 54288.23453061 41.85  70.887880  31.609769 30.952
 59   163.685 54288.23453125 41.74  70.886970  31.606489 30.952
 59   163.556 54288.23453190 41.28  70.886060  31.603199 30.952
 59   163.444 54288.23453254 36.78  70.885140  31.599919 30.952
 60   163.684 54323.23452836 43.28  70.887380  31.607219 28.051
 60   163.541 54323.23452901 48.72  70.886470  31.603929 28.051
 60   163.463 54323.23452965 48.09  70.885550  31.600649 28.051
 60   163.306 54323.23453029 39.26  70.884640  31.597359 28.051
 61   163.291 54358.23448490 40.98  70.884124  31.609899 30.614
 61   163.386 54358.23448554 38.13  70.883214  31.606619 30.614
 61   163.409 54358.23448619 36.49  70.882304  31.603329 30.614
 61   163.354 54358.23448683 38.91  70.881384  31.600049 30.614
 61   163.291 54358.23448748 46.65  70.880474  31.596759 30.614
 62   162.854 54393.23446875 50.00  70.887505  31.607655 35.213
 62   162.881 54393.23446939 51.59  70.886595  31.604365 35.213
 62   162.807 54393.23447003 52.80  70.885685  31.601085 35.213
 62   162.573 54393.23447068 53.16  70.884775  31.597795 35.213
 63   162.963 54428.23443563 49.33  70.885956  31.608047 33.836
 63   162.893 54428.23443627 46.00  70.885046  31.604757 33.836
 63   162.621 54428.23443692 47.12  70.884136  31.601477 33.836
 63   162.570 54428.23443756 53.09  70.883226  31.598187 33.836
 64   162.017 54463.23444713 27.61  70.889037  31.607272 31.526
 64   161.900 54463.23444778 33.70  70.888127  31.603982 31.526
 64   161.509 54463.23444842 37.01  70.887217  31.600702 31.526
 65   162.359 54498.23444454 46.74  70.886654  31.609837 36.285
 65   162.192 54498.23444519 36.72  70.885744  31.606547 36.285
 65   162.160 54498.23444583 40.26  70.884834  31.603267 36.285
 65   162.120 54498.23444648 39.67  70.883924  31.599987 36.285
 66   162.732 54533.23446082 44.98  70.888678  31.607579 28.875
 66   162.715 54533.23446146 43.38  70.887768  31.604289 28.875
 66   162.675 54533.23446211 39.40  70.886858  31.601009 28.875
 66   162.422 54533.23446275 40.52  70.885938  31.597719 28.875
 67   163.170 54568.23444847 51.75  70.884326  31.610345 25.626
 67   163.006 54568.23444911 48.49  70.883416  31.607065 25.626
 67   162.895 54568.23444976 50.98  70.882510  31.603774 35.546
 67   162.827 54568.23445040 46.16  70.881590  31.600494 35.546
 67   162.794 54568.23445104 50.45  70.880680  31.597204 35.546
 68   163.720 54603.23445544 44.76  70.886823  31.608133 27.573
 68   163.626 54603.23445609 49.52  70.885913  31.604853 27.573
 68   163.555 54603.23445673 51.32  70.885003  31.601563 27.573
 68   163.529 54603.23445738 51.16  70.884083  31.598283 27.573
 69   164.361 54638.23446638 39.47  70.885238  31.609665 25.011
 69   164.062 54638.23446702 37.25  70.884328  31.606385 25.011
 69   163.788 54638.23446767 35.77  70.883418  31.603095 25.011
 69   163.538 54638.23446831 34.26  70.882498  31.599815 25.011
 70   163.924 54673.23446900 42.19  70.885305  31.610441 30.775
 70   163.795 54673.23446965 45.14  70.884385  31.607151 30.775
 70   163.613 54673.23447029 42.86  70.883475  31.603871 30.775
 70   163.614 54673.23447093 45.48  70.882565  31.600591 30.775
 70   163.518 54673.23447158 49.24  70.881655  31.597301 30.775
 71   163.344 54708.23442787 47.90  70.886229  31.608909 34.357
 71   163.296 54708.23442852 45.35  70.885319  31.605629 34.357
 71   162.909 54708.23442916 39.31  70.884411  31.602339 32.432
 71   162.733 54708.23442981 39.32  70.883491  31.599059 32.432
 72   163.107 54743.23443558 42.74  70.887057  31.607141 29.968
 72   163.011 54743.23443623 35.62  70.886147  31.603851 29.968
 72   162.496 54743.23443687 38.92  70.885237  31.600571 29.968
 72   162.411 54743.23443752 45.42  70.884317  31.597281 29.968
 73   162.785 54778.23441037 47.19  70.887212  31.610036 32.511
 73   162.720 54778.23441102 45.82  70.886302  31.606756 32.511
 73   162.358 54778.23441166 40.71  70.885382  31.603466 32.511
 73   162.167 54778.23441231 39.84  70.884472  31.600186 32.511
 75   161.716 54848.23441004 48.46  70.885203  31.609211 35.494
 75   161.713 54848.23441069 44.71  70.884293  31.605923 26.579
 75   161.527 54848.23441133 36.28  70.883373  31.602643 26.579
 75   161.187 54848.23441197 35.43  70.882463  31.599353 26.579
 76   162.743 54883.23443212 43.48  70.886778  31.609538 23.880
 76   162.638 54883.23443277 40.27  70.885868  31.606248 23.880
 76   162.374 54883.23443341 37.43  70.884958  31.602968 23.880
 76   162.189 54883.23443406 36.86  70.884038  31.599678 23.880
 77   162.561 54918.23441253 48.20  70.880964  31.609651 25.231
 77   162.546 54918.23441317 46.36  70.880058  31.606359 37.915
 77   162.522 54918.23441382 42.42  70.879138  31.603079 37.915
 77   162.392 54918.23441446 48.06  70.878228  31.599789 37.915
 77   162.151 54918.23441511 48.26  70.877318  31.596509 37.915
 78   163.225 54953.23442595 48.52  70.886538  31.608445 34.013
 78   163.200 54953.23442659 45.60  70.885628  31.605165 34.013
 78   163.125 54953.23442724 41.54  70.884718  31.601875 34.013
 78   162.716 54953.23442788 43.18  70.883808  31.598595 34.013
 79   163.861 54988.23445018 34.92  70.884873  31.610082 26.374
 79   163.655 54988.23445083 36.64  70.883963  31.606802 26.374
 79   163.538 54988.23445147 35.81  70.883053  31.603512 26.374
 79   163.567 54988.23445212 38.00  70.882143  31.600232 26.374
 79   163.503 54988.23445276 39.80  70.881223  31.596942 26.374
 80   163.806 55023.23444227 43.41  70.887323  31.610058 29.847
 80   163.699 55023.23444292 39.75  70.886413  31.606778 29.847
 80   163.666 55023.23444356 41.70  70.885493  31.603488 29.847
 80   163.567 55023.23444421 44.56  70.884583  31.600208 29.847
 81   164.089 55058.23443773 34.81  70.886331  31.608532 39.493
 81   164.181 55058.23443837 36.91  70.885418  31.605242 35.841
 81   164.130 55058.23443902 36.65  70.884508  31.601962 35.841
 81   163.927 55058.23443966 44.87  70.883588  31.598672 35.841
 82   163.431 55093.23439281 41.89  70.882956  31.609157 21.387
 82   163.287 55093.23439346 42.39  70.882046  31.605877 21.387
 82   163.251 55093.23439410 52.86  70.881131  31.602588 32.659
 82   163.249 55093.23439475 46.63  70.880221  31.599308 32.659
 83   162.440 55128.23437875 49.51  70.887157  31.608965 29.218
 83   162.441 55128.23437939 49.25  70.886247  31.605675 29.218
 83   162.216 55128.23438004 49.43  70.885327  31.602395 29.218
 83   162.060 55128.23438068 47.59  70.884417  31.599105 29.218
 84   162.586 55163.23435397 42.55  70.886125  31.610896 32.313
 84   162.525 55163.23435462 50.63  70.885215  31.607616 32.313
 84   162.377 55163.23435526 49.25  70.884304  31.604326 30.712
 84   162.243 55163.23435591 51.35  70.883394  31.601046 30.712
 84   162.318 55163.23435655 50.45  70.882484  31.597756 30.712
 85   161.513 55198.23436958 45.06  70.888017  31.609763 25.857
 85   161.343 55198.23437023 49.53  70.887107  31.606483 25.857
 85   161.065 55198.23437087 54.29  70.886197  31.603193 25.857
 85   160.993 55198.23437152 54.17  70.885287  31.599913 25.857
 86   162.310 55233.23435856 50.03  70.884023  31.611661 30.626
 86   162.235 55233.23435920 47.03  70.883114  31.608374 27.506
 86   162.188 55233.23435985 43.82  70.882194  31.605094 27.506
 86   162.132 55233.23436049 46.20  70.881284  31.601804 27.506
 86   162.109 55233.23436113 40.06  70.880374  31.598524 27.506
 87   162.723 55268.23436467 50.58  70.887149  31.608290 29.401
 87   162.648 55268.23436531 48.91  70.886239  31.605000 29.401
 87   162.535 55268.23436596 53.29  70.885329  31.601720 29.401
 87   162.503 55268.23436660 52.56  70.884409  31.598430 29.401
 88   162.816 55303.23433778 46.10  70.885339  31.610648 32.016
 88   162.820 55303.23433842 52.57  70.884429  31.607368 32.016
 88   162.828 55303.23433907 48.71  70.883519  31.604078 32.016
 88   162.690 55303.23433971 47.36  70.882609  31.600798 32.016
 88   162.550 55303.23434036 49.05  70.881699  31.597518 32.016
 89   163.784 55338.23433791 45.35  70.886212  31.608356 28.413
 89   163.754 55338.23433855 47.90  70.885298  31.605068 30.227
 89   163.621 55338.23433919 48.30  70.884388  31.601788 30.227
 89   163.592 55338.23433984 48.64  70.883478  31.598498 30.227
 90   164.109 55373.23432834 44.64  70.887282  31.610805 29.070
 90   164.104 55373.23432898 47.95  70.886372  31.607525 29.070
 90   164.046 55373.23432963 42.61  70.885462  31.604235 29.070
 90   163.949 55373.23433027 42.55  70.884542  31.600955 29.070
 90   163.895 55373.23433092 46.65  70.883632  31.597665 29.070
 91   164.368 55408.23434952 32.76  70.888631  31.606445 32.684
 91   164.507 55408.23435016 34.29  70.887721  31.603155 32.684
 91   164.771 55408.23435081 35.20  70.886811  31.599875 32.684
 92   163.450 55443.23434679 43.38  70.886237  31.607990 21.872
 92   163.423 55443.23434744 42.52  70.885325  31.604701 25.215
 92   163.440 55443.23434808 39.84  70.884415  31.601421 25.215
 92   163.411 55443.23434872 48.61  70.883495  31.598131 25.215
 93   162.512 55478.23428597 49.47  70.884006  31.609030 29.910
 93   162.477 55478.23428661 53.63  70.883096  31.605750 29.910
 93   162.467 55478.23428726 47.39  70.882182  31.602461 41.350
 93   162.521 55478.23428790 51.72  70.881272  31.599181 41.350
