# NaN NaN NaN ;Mean Elev.(m), Avg Gradient(m/km), RMS Gradient(m/km) - SRTM1     
#  200.296  -0.195   3.562 ;Mean Elev.(m), Avg Gradient(m/km), RMS Gradient(m/km) - ASTER GDEM
#  196.379  -0.310   1.981 ;Mean Elev.(m), Avg Gradient(m/km), RMS Gradient(m/km) - GMTED2010 
  8  71.413579  32.542944   197.166   197.200  5 52487.70316167 49.792
  9  71.412275  32.545147   198.962   198.965  5 52522.70313392 52.178
 12  71.414206  32.544934   194.894   194.891  4 52627.70310131 48.602
 13  71.407379  32.551748   196.641   196.606  3 52662.70314571 31.592
 14  71.408273  32.549800   196.471   196.625  4 52697.70312192 34.655
 16  71.409114  32.549395   196.570   196.559  3 52767.70315168 36.719
 18  71.408983  32.548116   199.009   198.998  3 52837.70322985 45.120
 19  71.411166  32.543759   198.750   198.779  5 52872.70326905 39.362
 20  71.414640  32.545790   197.841   197.871  4 52907.70325628 42.951
 21  71.413589  32.543478   197.064   197.062  4 52942.70318254 49.411
 23  71.406294  32.552732   196.728   196.725  3 53012.70324218 28.135
 24  71.404333  32.553505   196.984   196.984  2 53047.70321084 39.323
 29  71.413899  32.543272   198.455   198.462  5 53222.70327167 50.627
 30  71.407508  32.550875   197.918   197.922  4 53257.70324908 42.482
 32  71.413388  32.544554   196.163   196.169  4 53327.70324079 46.794
 34  71.404820  32.552840   196.658   196.658  2 53397.70321896 35.461
 36  71.404058  32.553371   197.435   197.435  2 53467.70324698 46.271
 38  71.410355  32.545804   198.396   198.416  4 53537.70329028 47.993
 39  71.404511  32.553703   198.590   198.590  2 53572.70329443 50.537
 40  71.414066  32.544037   198.770   198.768  5 53607.70324139 48.902
 45  71.414607  32.546653   196.549   196.557  4 53782.70313413 47.084
 51  71.406220  32.551506   198.554   198.554  2 53992.70317042 46.054
 52  71.407203  32.550670   197.147   197.163  3 54027.70323265 33.322
 54  71.413583  32.544195   197.024   197.046  4 54097.70319423 49.488
 56  71.411711  32.543479   196.271   196.246  5 54167.70316777 47.837
 57  71.405137  32.552410   198.061   198.061  2 54202.70315259 46.875
 58  71.409845  32.547864   198.490   198.483  4 54237.70318740 51.200
 59  71.411426  32.545488   198.309   198.292  5 54272.70320591 44.319
 60  71.410282  32.546093   199.130   199.143  4 54307.70320791 46.989
 61  71.414481  32.545110   198.908   198.911  4 54342.70318699 47.911
 62  71.407194  32.550970   198.165   198.170  3 54377.70314414 42.942
 64  71.405508  32.552070   197.071   197.071  2 54447.70310994 32.657
 66  71.407317  32.551148   196.308   196.220  3 54517.70312351 30.446
 67  71.412925  32.544230   195.954   195.966  4 54552.70313942 49.282
 68  71.407873  32.551214   196.792   196.789  3 54587.70311966 36.079
 69  71.410533  32.545503   198.335   198.358  4 54622.70313653 44.530
 70  71.407001  32.551637   199.103   199.107  4 54657.70314697 49.417
 71  71.412513  32.542927   199.170   199.164  5 54692.70312781 48.858
 72  71.407364  32.550766   198.008   197.958  3 54727.70310007 44.043
 73  71.408964  32.548958   197.412   197.422  3 54762.70310612 36.556
 74  71.404125  32.552743   197.088   197.088  2 54797.70309331 41.441
 75  71.409477  32.548864   196.958   196.974  3 54832.70309619 35.886
 76  71.406681  32.550609   196.641   196.666  3 54867.70308899 29.300
 77  71.410463  32.546373   196.148   196.162  4 54902.70310532 47.008
 78  71.407520  32.551669   198.008   198.026  3 54937.70307949 39.833
 79  71.408091  32.550554   198.706   198.708  3 54972.70311181 47.726
 80  71.407904  32.551229   198.067   198.108  3 55007.70312817 42.163
 81  71.410594  32.546129   198.701   198.672  4 55042.70311619 44.231
 82  71.412815  32.544287   198.884   198.878  4 55077.70309488 38.307
 83  71.407408  32.551611   197.505   197.483  3 55112.70304970 40.823
 84  71.408016  32.550052   197.013   197.018  4 55147.70305033 37.631
 85  71.405094  32.552512   197.045   197.045  2 55182.70303060 37.088
 86  71.410338  32.546335   196.332   196.310  5 55217.70304665 46.161
 87  71.408993  32.548136   196.382   196.363  3 55252.70302554 31.656
 88  71.412260  32.543942   196.336   196.336  4 55287.70303722 48.035
 89  71.407129  32.551090   197.465   197.477  3 55322.70301525 37.523
 90  71.409260  32.548234   198.067   197.997  3 55357.70301352 41.756
 91  71.406331  32.552155   199.307   199.293  3 55392.70301676 48.829
 92  71.411322  32.543974   197.993   198.000  6 55427.70302895 33.592
 93  71.415111  32.545293   197.821   197.822  4 55462.70299366 52.993
