# NaN NaN NaN ;Mean Elev.(m), Avg Gradient(m/km), RMS Gradient(m/km) - SRTM1     
#  168.418  -0.203   1.313 ;Mean Elev.(m), Avg Gradient(m/km), RMS Gradient(m/km) - ASTER GDEM
#  169.168  -0.534   1.159 ;Mean Elev.(m), Avg Gradient(m/km), RMS Gradient(m/km) - GMTED2010 
  7  70.951700  31.851412   170.478   170.478  2 52468.23445063 46.131
  8  70.950086  31.850023   166.463   166.463  2 52503.23443995 50.376
  9  70.959743  31.854533   169.737   169.737  2 52538.23442344 38.093
 10  70.950656  31.850131   169.082   169.082  2 52573.23446496 32.350
 11  70.954219  31.852860   168.696   168.696  2 52608.23442264 41.184
 12  70.954864  31.852369   168.456   168.499  3 52643.23441836 34.516
 13  70.955848  31.854196   168.550   168.545  3 52678.23440068 40.653
 15  70.942016  31.853419   169.811   169.812  5 52748.23446500 44.219
 16  70.956667  31.853528   170.447   170.449  3 52783.23440481 44.901
 17  70.955938  31.854452   170.897   170.926  3 52818.23448248 45.849
 18  70.957961  31.855118   170.871   170.866  3 52853.23453200 43.065
 20  70.949351  31.849176   169.519   169.519  2 52923.23452170 39.530
 22  70.958188  31.853683   169.144   169.110  3 52993.23451284 39.415
 23  70.955800  31.854382   168.788   168.768  3 53028.23447748 39.851
 24  70.961917  31.856037   169.412   169.412  2 53063.23448531 29.773
 25  70.945583  31.852799   168.650   168.577  4 53098.23450347 37.242
 28  70.952970  31.852487   170.356   170.344  3 53203.23455889 43.946
 29  70.958339  31.853891   170.172   170.173  3 53238.23452713 42.124
 31  70.949785  31.851024   168.386   168.386  2 53308.23454686 31.649
 34  70.958958  31.854464   169.040   169.013  3 53413.23448873 29.703
 35  70.960158  31.854274   168.964   168.964  2 53448.23447656 29.907
 36  70.947715  31.849294   169.087   169.087  2 53483.23456301 35.195
 37  70.954645  31.852573   170.241   170.253  3 53518.23456167 45.627
 38  70.945908  31.848631   170.754   170.754  2 53553.23458460 48.731
 39  70.957279  31.854412   170.461   170.463  3 53588.23453318 43.309
 40  70.951458  31.850651   169.193   169.123  3 53623.23450542 36.422
 41  70.954308  31.852748   168.670   168.624  3 53658.23453247 39.736
 42  70.950620  31.850924   168.939   168.939  2 53693.23451426 32.700
 43  70.952637  31.851933   168.479   168.494  3 53728.23443721 37.099
 45  70.955643  31.854166   168.597   168.598  3 53798.23440467 37.800
 47  70.954321  31.853546   174.125   174.546  3 53868.23446445 29.507
 48  70.952842  31.852041   170.107   170.107  2 53903.23449649 40.184
 49  70.944180  31.852139   170.340   170.255  4 53938.23453281 42.002
 50  70.947578  31.849696   169.996   170.029  3 53973.23449581 36.418
 52  70.962351  31.856752   169.316   169.316  2 54043.23450592 28.528
 54  70.948231  31.848569   167.991   167.991  2 54113.23443947 30.473
 56  70.949612  31.850984   169.351   169.351  2 54183.23442816 36.291
 57  70.954980  31.852646   169.297   169.310  3 54218.23445346 40.084
 58  70.953950  31.852619   170.052   170.052  2 54253.23447855 37.373
 59  70.955476  31.852801   170.085   170.083  3 54288.23448290 41.813
 60  70.955892  31.853535   169.905   169.906  3 54323.23448001 40.306
 61  70.951232  31.851301   169.495   169.495  2 54358.23443752 34.170
 62  70.956029  31.853967   169.130   169.099  3 54393.23442039 37.187
 63  70.954005  31.852722   168.920   168.920  2 54428.23438760 36.012
 64  70.957573  31.853584   169.420   169.009  3 54463.23439878 25.265
 65  70.954241  31.852869   168.014   167.864  3 54498.23439684 30.334
 66  70.957199  31.853896   168.427   168.508  3 54533.23441247 30.221
 67  70.951444  31.851746   168.830   168.830  2 54568.23440108 33.617
 68  70.955345  31.854453   169.888   169.886  3 54603.23440709 39.753
 69  70.952834  31.852697   170.586   170.560  3 54638.23441867 46.066
 70  70.952441  31.851835   170.246   170.246  2 54673.23442162 40.909
 71  70.953811  31.851950   169.651   169.620  3 54708.23438017 39.227
 72  70.955578  31.853446   169.515   169.524  3 54743.23438723 40.361
 73  70.954801  31.853069   169.048   169.064  3 54778.23436267 31.980
 75  70.952785  31.852244   167.993   167.870  3 54848.23436233 29.917
 76  70.954387  31.852560   168.615   168.581  3 54883.23438442 31.414
 77  70.947620  31.849409   168.757   168.751  3 54918.23436547 30.509
 78  70.954608  31.853131   169.322   169.322  2 54953.23437792 37.617
 79  70.952023  31.851469   170.161   170.161  2 54988.23440280 39.567
 80  70.954915  31.853094   169.979   169.998  3 55023.23439457 42.037
 81  70.954380  31.853210   170.496   170.496  2 55058.23438970 42.182
 82  70.950071  31.850553   169.454   169.454  2 55093.23434543 32.621
 83  70.954760  31.851990   169.133   169.123  3 55128.23433104 34.036
 84  70.953259  31.852292   169.027   169.027  2 55163.23430659 35.243
 85  70.955635  31.852792   168.975   169.045  3 55198.23432188 31.150
 86  70.950228  31.849762   168.218   168.218  2 55233.23431182 30.535
 87  70.955669  31.854606   168.811   168.803  3 55268.23431632 30.541
 88  70.952458  31.852056   168.796   168.796  2 55303.23429039 30.917
 89  70.954263  31.853028   170.071   170.071  2 55338.23428988 43.309
 90  70.954876  31.853838   170.863   170.877  3 55373.23428063 50.427
 91  70.957611  31.854409   172.498   172.498  2 55408.23430085 34.288
 92  70.954284  31.852665   170.061   170.061  2 55443.23429876 25.089
 93  70.951115  31.850425   168.722   168.722  2 55478.23423858 43.562
