# NaN NaN NaN ;Mean Elev.(m), Avg Gradient(m/km), RMS Gradient(m/km) - SRTM1     
#  166.427  -0.504   1.643 ;Mean Elev.(m), Avg Gradient(m/km), RMS Gradient(m/km) - ASTER GDEM
#  166.997  -0.410   1.212 ;Mean Elev.(m), Avg Gradient(m/km), RMS Gradient(m/km) - GMTED2010 
  7   168.969 52468.23446127 50.05  70.936605  31.797222 34.205
  7   168.963 52468.23446191 47.40  70.935685  31.793932 34.205
  7   168.903 52468.23446256 48.23  70.934775  31.790652 34.205
  8   165.149 52503.23444930 42.96  70.936826  31.802398 36.752
  8   165.070 52503.23444994 47.73  70.935906  31.799118 36.752
  8   164.863 52503.23445059 46.36  70.934989  31.795834 23.227
  8   164.808 52503.23445123 45.30  70.934079  31.792554 23.227
  8   164.832 52503.23445188 46.26  70.933169  31.789264 23.227
  9   168.029 52538.23443730 44.27  70.940060  31.783928 39.616
  9   167.798 52538.23443795 43.80  70.939150  31.780638 39.616
  9   167.713 52538.23443859 47.98  70.938230  31.777358 39.616
  9   167.637 52538.23443923 50.85  70.937320  31.774078 39.616
 10   167.304 52573.23447495 44.31  70.936473  31.799225 36.171
 10   167.143 52573.23447560 42.92  70.935553  31.795945 36.171
 10   166.925 52573.23447624 43.04  70.934643  31.792665 36.171
 10   166.943 52573.23447689 48.34  70.933723  31.789375 36.171
 11   167.413 52608.23443457 49.13  70.937293  31.792108 37.675
 11   167.366 52608.23443521 54.07  70.936383  31.788818 37.675
 12   165.489 52643.23443061 35.64  70.937475  31.789970 27.391
 12   165.399 52643.23443125 38.86  70.936555  31.786690 27.391
 12   164.407 52643.23443190 43.78  70.935645  31.783400 27.391
 13   167.251 52678.23441357 52.92  70.937554  31.788515 29.067
 13   167.175 52678.23441422 46.96  70.936644  31.785235 29.067
 13   167.109 52678.23441486 51.56  70.935724  31.781945 29.067
 15   168.984 52748.23447015 40.12  70.934693  31.827143 35.620
 15   169.106 52748.23447080 49.16  70.933783  31.823863 35.620
 15   168.858 52748.23447144 40.06  70.932863  31.820573 35.620
 15   168.658 52748.23447209 37.71  70.931953  31.817293 35.620
 15   168.837 52748.23447273 44.41  70.931043  31.814013 35.620
 15   168.712 52748.23447338 44.94  70.930123  31.810723 35.620
 15   168.465 52748.23447402 42.71  70.929205  31.807441 27.544
 16   168.650 52783.23441770 50.39  70.938363  31.787850 34.126
 16   168.574 52783.23441834 47.83  70.937443  31.784560 34.126
 16   168.513 52783.23441899 49.57  70.936533  31.781280 34.126
 16   168.427 52783.23441963 49.64  70.935613  31.778000 34.126
 17   168.670 52818.23449537 35.95  70.937629  31.788768 32.148
 17   168.752 52818.23449602 36.55  70.936719  31.785488 32.148
 17   168.794 52818.23449666 38.14  70.935799  31.782198 32.148
 18   168.748 52853.23454554 34.10  70.938742  31.786149 34.553
 18   168.778 52853.23454619 33.58  70.937822  31.782869 34.553
 18   168.718 52853.23454683 33.55  70.936912  31.779589 34.553
 18   168.683 52853.23454748 35.16  70.936002  31.776299 34.553
 20   168.455 52923.23453041 42.18  70.937006  31.804836 33.440
 20   168.139 52923.23453105 45.06  70.936086  31.801556 33.440
 20   168.054 52923.23453170 47.36  70.935172  31.798272 30.166
 20   167.969 52923.23453234 43.22  70.934262  31.794992 30.166
 20   167.763 52923.23453299 46.64  70.933342  31.791702 30.166
 21   167.402 52958.23450185 44.47  70.941579  31.776046 40.542
 21   167.288 52958.23450249 44.74  70.940659  31.772766 40.542
 21   167.004 52958.23450314 45.98  70.939749  31.769476 40.542
 21   166.944 52958.23450378 49.83  70.938829  31.766196 40.542
 22   167.035 52993.23452638 50.70  70.938977  31.784716 38.458
 22   166.961 52993.23452703 50.89  70.938057  31.781436 38.458
 22   166.914 52993.23452767 48.72  70.937147  31.778146 38.458
 22   166.793 52993.23452832 47.99  70.936227  31.774866 38.458
 23   166.872 53028.23449037 40.29  70.937510  31.788706 35.884
 23   166.797 53028.23449101 47.09  70.936600  31.785416 35.884
 23   166.709 53028.23449166 54.09  70.935680  31.782136 35.884
 24   167.000 53063.23450046 50.44  70.940421  31.778862 44.067
 24   166.917 53063.23450110 44.37  70.939501  31.775582 44.067
 24   166.879 53063.23450175 43.89  70.938591  31.772292 44.067
 24   166.781 53063.23450239 52.39  70.937671  31.769012 44.067
 25   167.644 53098.23450928 37.86  70.937352  31.823239 28.915
 25   167.828 53098.23450992 41.38  70.936432  31.819959 28.915
 25   167.825 53098.23451056 45.28  70.935522  31.816669 28.915
 25   167.802 53098.23451121 45.28  70.934612  31.813389 28.915
 25   167.620 53098.23451185 37.88  70.933692  31.810109 28.915
 25   167.254 53098.23451250 31.12  70.932782  31.806819 28.915
 25   167.480 53098.23451314 31.46  70.931862  31.803539 28.915
 25   167.444 53098.23451379 31.21  70.930952  31.800249 28.915
 25   167.291 53098.23451443 30.70  70.930032  31.796969 28.915
 26   167.614 53133.23449896 40.97  70.941668  31.774503 39.751
 26   167.570 53133.23449960 44.53  70.940758  31.771213 39.751
 26   167.537 53133.23450025 45.54  70.939838  31.767933 39.751
 28   168.939 53203.23456985 45.70  70.937420  31.796658 28.860
 28   168.699 53203.23457050 48.24  70.936500  31.793378 28.860
 28   168.532 53203.23457114 47.93  70.935590  31.790088 28.860
 29   167.858 53238.23454067 48.88  70.939129  31.784925 35.141
 29   167.777 53238.23454131 52.59  70.938219  31.781645 35.141
 29   167.713 53238.23454196 52.05  70.937309  31.778355 35.141
 29   167.657 53238.23454260 49.70  70.936389  31.775075 35.141
 30   168.019 53273.23450187 51.46  70.940578  31.776848 35.863
 30   167.948 53273.23450252 49.48  70.939668  31.773558 35.863
 30   167.867 53273.23450316 49.51  70.938748  31.770278 35.863
 31   167.775 53308.23455620 36.94  70.936513  31.803403 35.583
 31   167.605 53308.23455685 41.11  70.935603  31.800123 35.583
 31   167.558 53308.23455749 43.11  70.934683  31.796843 35.583
 31   167.492 53308.23455814 46.79  70.933773  31.793553 35.583
 31   167.409 53308.23455878 45.62  70.932863  31.790273 35.583
 33   166.132 53378.23446825 33.58  70.942246  31.776814 38.994
 33   166.072 53378.23446889 40.28  70.941336  31.773524 38.994
 33   165.514 53378.23446953 45.99  70.940416  31.770244 38.994
 33   165.315 53378.23447018 43.62  70.939506  31.766964 38.994
 34   167.398 53413.23450227 49.33  70.939749  31.785496 37.757
 34   167.308 53413.23450292 47.98  70.938839  31.782216 37.757
 34   167.214 53413.23450356 48.08  70.937919  31.778936 37.757
 34   167.147 53413.23450421 50.05  70.937009  31.775646 37.757
 34   167.107 53413.23450485 49.78  70.936089  31.772366 37.757
 35   167.276 53448.23449107 47.59  70.939566  31.780385 38.107
 35   167.203 53448.23449171 49.92  70.938648  31.777104 38.344
 35   167.132 53448.23449236 46.49  70.937728  31.773824 38.344
 35   167.082 53448.23449300 50.20  70.936818  31.770534 38.344
 36   168.707 53483.23457107 47.52  70.936276  31.808242 34.782
 36   168.348 53483.23457172 40.24  70.935356  31.804962 34.782
 36   168.236 53483.23457236 42.49  70.934446  31.801672 34.782
 36   168.113 53483.23457301 44.63  70.933536  31.798392 34.782
 36   168.041 53483.23457365 41.72  70.932616  31.795102 34.782
 36   167.990 53483.23457429 44.02  70.931706  31.791822 34.782
 37   168.594 53518.23457392 51.30  70.937260  31.790176 37.290
 37   168.518 53518.23457456 51.68  70.936350  31.786896 37.290
 37   168.424 53518.23457521 48.90  70.935440  31.783606 37.290
 38   169.484 53553.23459072 30.04  70.937218  31.817431 30.742
 38   169.728 53553.23459136 30.12  70.936298  31.814151 30.742
 38   169.858 53553.23459201 32.91  70.935388  31.810861 30.742
 38   169.916 53553.23459265 38.79  70.934476  31.807580 30.954
 38   169.802 53553.23459330 52.85  70.933556  31.804300 30.954
 38   169.654 53553.23459394 54.64  70.932646  31.801010 30.954
 38   169.614 53553.23459459 48.17  70.931726  31.797730 30.954
 38   169.514 53553.23459523 52.60  70.930816  31.794440 30.954
 39   168.667 53588.23454607 45.03  70.938983  31.788732 34.649
 39   168.564 53588.23454672 42.25  70.938073  31.785452 34.649
 39   168.647 53588.23454736 45.68  70.937163  31.782162 34.649
 39   168.607 53588.23454801 42.62  70.936243  31.778882 34.649
 39   168.539 53588.23454865 46.98  70.935333  31.775592 34.649
 40   168.475 53623.23451573 38.39  70.936813  31.798111 33.606
 40   168.426 53623.23451638 47.24  70.935893  31.794821 33.606
 40   168.410 53623.23451702 48.09  70.934983  31.791541 33.606
 40   168.353 53623.23451767 50.23  70.934063  31.788251 33.606
 41   167.889 53658.23454408 42.22  70.937832  31.793635 37.652
 41   167.849 53658.23454472 46.63  70.936922  31.790355 37.652
 41   167.784 53658.23454536 51.60  70.936002  31.787065 37.652
 42   168.140 53693.23452425 45.83  70.936446  31.800021 33.395
 42   168.136 53693.23452489 42.56  70.935526  31.796741 33.395
 42   168.046 53693.23452554 44.30  70.934616  31.793451 33.395
 42   167.970 53693.23452618 49.34  70.933696  31.790171 33.395
 43   167.093 53728.23444816 47.91  70.937091  31.796103 39.530
 43   167.122 53728.23444881 42.64  70.936181  31.792813 39.530
 43   167.046 53728.23444945 44.82  70.935261  31.789533 39.530
 44   165.803 53763.23441020 28.35  70.942837  31.775805 35.478
 44   165.887 53763.23441085 28.15  70.941917  31.772525 35.478
 44   165.840 53763.23441149 31.81  70.941007  31.769235 35.478
 44   165.740 53763.23441214 32.98  70.940087  31.765955 35.478
 44   165.734 53763.23441278 42.44  70.939177  31.762675 35.478
 45   167.471 53798.23441692 38.50  70.938270  31.791766 34.240
 45   167.419 53798.23441756 41.83  70.937350  31.788486 34.240
 45   167.437 53798.23441821 48.58  70.936440  31.785206 34.240
 45   167.431 53798.23441885 50.28  70.935530  31.781916 34.240
 47   174.150 53868.23447669 37.65  70.936933  31.791146 39.099
 47   174.066 53868.23447734 37.98  70.936013  31.787866 39.099
 48   168.951 53903.23450778 49.02  70.936832  31.794568 29.120
 48   168.946 53903.23450842 50.60  70.935922  31.791288 29.120
 48   168.912 53903.23450907 46.07  70.935002  31.788008 29.120
 49   169.480 53938.23453862 42.35  70.935947  31.822584 26.526
 49   169.495 53938.23453926 41.16  70.935027  31.819294 26.526
 49   169.239 53938.23453991 37.54  70.934117  31.816014 26.526
 49   169.325 53938.23454055 37.78  70.933197  31.812724 26.526
 49   169.341 53938.23454120 38.63  70.932287  31.809444 26.526
 49   169.278 53938.23454184 41.50  70.931373  31.806161 24.527
 49   169.176 53938.23454248 45.52  70.930453  31.802881 24.527
 50   169.162 53973.23450354 37.34  70.936605  31.810283 22.082
 50   169.055 53973.23450419 33.96  70.935685  31.807003 22.082
 50   169.102 53973.23450483 34.99  70.934768  31.803720 33.135
 50   169.024 53973.23450548 34.46  70.933858  31.800440 33.135
 50   168.998 53973.23450612 38.40  70.932948  31.797150 33.135
 50   168.999 53973.23450677 43.52  70.932028  31.793870 33.135
 52   167.039 54043.23452107 43.77  70.940854  31.779576 33.360
 52   167.034 54043.23452171 48.72  70.939934  31.776296 33.360
 52   167.032 54043.23452236 45.57  70.939024  31.773006 33.360
 52   166.958 54043.23452300 46.33  70.938104  31.769726 33.360
 54   166.795 54113.23444752 42.37  70.936796  31.807519 24.743
 54   166.721 54113.23444817 48.72  70.935884  31.804234 32.515
 54   166.693 54113.23444881 49.75  70.934974  31.800954 32.515
 54   166.673 54113.23444946 47.68  70.934054  31.797664 32.515
 54   166.450 54113.23445010 41.45  70.933144  31.794384 32.515
 54   166.696 54113.23445075 40.01  70.932234  31.791094 32.515
 56   168.570 54183.23443751 45.29  70.936356  31.803362 36.888
 56   168.423 54183.23443815 39.93  70.935436  31.800082 36.888
 56   168.417 54183.23443880 40.28  70.934526  31.796792 36.888
 56   168.443 54183.23443944 43.42  70.933606  31.793512 36.888
 56   168.409 54183.23444009 46.71  70.932696  31.790222 36.888
 57   168.321 54218.23446570 47.19  70.937587  31.790247 34.782
 57   168.177 54218.23446635 47.56  70.936677  31.786957 34.782
 57   168.073 54218.23446699 43.75  70.935757  31.783677 34.782
 57   168.033 54218.23446764 45.63  70.934847  31.780397 34.782
 58   168.777 54253.23449048 37.91  70.937023  31.791857 28.905
 58   168.683 54253.23449113 38.35  70.936103  31.788577 28.905
 59   168.535 54288.23449515 38.86  70.938090  31.790403 31.629
 59   168.497 54288.23449579 40.01  70.937180  31.787123 31.629
 59   168.471 54288.23449644 38.86  70.936270  31.783833 31.629
 59   168.453 54288.23449708 44.91  70.935350  31.780553 31.629
 60   168.380 54323.23449226 46.02  70.938505  31.791137 39.353
 60   168.342 54323.23449290 43.60  70.937595  31.787847 39.353
 60   168.312 54323.23449355 43.99  70.936685  31.784567 39.353
 60   168.229 54323.23449419 44.81  70.935765  31.781287 39.353
 61   168.469 54358.23444751 47.66  70.937061  31.800393 34.024
 61   168.398 54358.23444815 43.21  70.936141  31.797113 34.024
 61   168.346 54358.23444880 43.76  70.935231  31.793823 34.024
 61   168.304 54358.23444944 46.38  70.934311  31.790543 34.024
 62   167.679 54393.23443329 47.29  70.937732  31.788290 40.484
 62   167.592 54393.23443393 45.05  70.936812  31.785000 40.484
 62   167.552 54393.23443458 46.51  70.935902  31.781720 40.484
 62   167.239 54393.23443522 43.80  70.934992  31.778430 40.484
 63   167.731 54428.23439953 49.21  70.937086  31.791966 38.686
 63   167.662 54428.23440017 48.91  70.936166  31.788686 38.686
 64   166.134 54463.23441168 27.13  70.939273  31.787906 26.151
 64   166.027 54463.23441232 27.01  70.938353  31.784616 26.151
 64   166.433 54463.23441297 26.34  70.937443  31.781336 26.151
 64   166.365 54463.23441361 29.67  70.936533  31.778056 26.151
 64   166.296 54463.23441426 28.56  70.935613  31.774766 26.151
 65   167.155 54498.23440844 35.87  70.937782  31.793752 27.204
 65   167.127 54498.23440908 40.66  70.936862  31.790472 27.204
 65   167.088 54498.23440973 45.36  70.935952  31.787182 27.204
 66   167.303 54533.23442536 49.08  70.938900  31.788208 38.158
 66   167.235 54533.23442601 52.51  70.937990  31.784928 38.158
 66   167.163 54533.23442665 46.24  70.937070  31.781648 38.158
 66   167.091 54533.23442729 45.22  70.936160  31.778358 38.158
 67   167.969 54568.23441107 50.50  70.937265  31.800841 30.747
 67   167.916 54568.23441172 53.26  70.936355  31.797561 30.747
 67   167.847 54568.23441236 47.69  70.935435  31.794271 30.747
 67   167.808 54568.23441301 44.01  70.934525  31.790991 30.747
 68   168.536 54603.23441934 49.38  70.937963  31.792052 37.861
 68   168.377 54603.23441998 46.33  70.937043  31.788772 37.861
 68   168.418 54603.23442063 52.14  70.936133  31.785482 37.861
 68   168.250 54603.23442127 46.61  70.935223  31.782202 37.861
 69   169.227 54638.23442963 48.83  70.937279  31.796872 34.966
 69   169.126 54638.23443028 45.61  70.936369  31.793582 34.966
 69   169.060 54638.23443092 44.61  70.935449  31.790302 34.966
 70   169.190 54673.23443225 43.41  70.937346  31.797642 37.344
 70   169.086 54673.23443290 41.60  70.936436  31.794362 37.344
 70   168.989 54673.23443354 42.88  70.935516  31.791082 37.344
 70   168.936 54673.23443419 39.58  70.934606  31.787792 37.344
 71   168.513 54708.23439177 47.43  70.937352  31.792833 30.903
 71   168.500 54708.23439242 44.69  70.936432  31.789553 30.903
 72   168.362 54743.23439948 44.23  70.938189  31.791053 33.839
 72   168.324 54743.23440013 44.49  70.937279  31.787773 33.839
 72   168.318 54743.23440077 43.05  70.936369  31.784483 33.839
 72   168.324 54743.23440142 43.25  70.935449  31.781203 33.839
 73   167.525 54778.23437491 50.88  70.937418  31.790674 33.081
 73   167.514 54778.23437556 49.95  70.936508  31.787384 33.081
 73   167.437 54778.23437620 47.40  70.935598  31.784104 33.081
 73   167.376 54778.23437685 43.01  70.934678  31.780824 33.081
 75   166.311 54848.23437329 38.71  70.937241  31.796412 27.245
 75   166.515 54848.23437394 47.49  70.936321  31.793132 27.245
 75   166.497 54848.23437458 51.03  70.935411  31.789842 27.245
 76   167.619 54883.23439602 43.96  70.937913  31.793450 26.668
 76   167.477 54883.23439667 44.47  70.937003  31.790170 26.668
 76   167.455 54883.23439731 45.52  70.936093  31.786880 26.668
 76   167.433 54883.23439796 41.63  70.935173  31.783600 26.668
 77   167.584 54918.23437320 30.28  70.936647  31.809992 23.482
 77   167.703 54918.23437385 31.76  70.935727  31.806712 23.482
 77   167.693 54918.23437449 36.80  70.934813  31.803427 28.319
 77   167.682 54918.23437514 36.74  70.933903  31.800147 28.319
 77   167.677 54918.23437578 38.83  70.932983  31.796857 28.319
 77   167.710 54918.23437643 42.27  70.932073  31.793577 28.319
 78   168.356 54953.23438985 50.24  70.937682  31.792368 31.266
 78   168.369 54953.23439049 46.48  70.936772  31.789088 31.266
 78   168.187 54953.23439114 43.39  70.935852  31.785808 31.266
 78   168.201 54953.23439178 45.03  70.934942  31.782518 31.266
 79   169.168 54988.23441344 41.81  70.936923  31.797288 26.425
 79   169.095 54988.23441408 41.36  70.936013  31.793998 26.425
 79   169.086 54988.23441472 42.43  70.935093  31.790718 26.425
 80   168.679 55023.23440682 40.94  70.937531  31.790698 28.473
 80   168.621 55023.23440746 39.80  70.936621  31.787418 28.473
 80   168.570 55023.23440811 40.08  70.935711  31.784128 28.473
 80   168.535 55023.23440875 40.48  70.934791  31.780848 28.473
 81   168.966 55058.23440163 38.85  70.937454  31.792456 35.058
 81   168.861 55058.23440227 34.84  70.936544  31.789166 35.058
 82   168.597 55093.23435478 44.25  70.936806  31.802933 26.361
 82   168.566 55093.23435542 47.24  70.935894  31.799650 28.358
 82   168.427 55093.23435607 52.69  70.934984  31.796370 28.358
 82   168.436 55093.23435671 50.81  70.934064  31.793080 28.358
 82   168.493 55093.23435736 44.04  70.933154  31.789800 28.358
 83   167.584 55128.23434329 48.92  70.937378  31.789599 30.566
 83   167.496 55128.23434394 54.74  70.936468  31.786309 30.566
 83   167.514 55128.23434458 47.00  70.935548  31.783029 30.566
 84   167.485 55163.23431787 39.56  70.937255  31.794819 29.653
 84   167.542 55163.23431852 48.20  70.936335  31.791539 29.653
 84   167.577 55163.23431916 54.08  70.935425  31.788249 29.653
 85   166.425 55198.23433413 39.98  70.938244  31.790398 27.794
 85   166.067 55198.23433477 51.88  70.937334  31.787108 27.794
 85   166.015 55198.23433542 51.84  70.936424  31.783828 27.794
 85   166.410 55198.23433606 36.47  70.935504  31.780548 27.794
 86   167.260 55233.23432116 35.40  70.936967  31.802141 31.231
 86   167.263 55233.23432181 35.44  70.936057  31.798861 31.231
 86   167.280 55233.23432245 41.70  70.935137  31.795581 31.231
 86   167.284 55233.23432310 47.34  70.934227  31.792291 31.231
 86   167.285 55233.23432374 48.12  70.933307  31.789011 31.231
 87   167.730 55268.23432857 48.94  70.938280  31.792210 32.404
 87   167.772 55268.23432921 47.06  70.937370  31.788930 32.404
 87   167.765 55268.23432986 48.72  70.936460  31.785640 32.404
 87   167.686 55268.23433050 48.51  70.935540  31.782360 32.404
 88   168.054 55303.23430103 45.39  70.937366  31.797866 32.190
 88   168.025 55303.23430168 47.92  70.936456  31.794586 32.190
 88   168.034 55303.23430232 49.85  70.935546  31.791296 32.190
 88   168.031 55303.23430297 49.63  70.934626  31.788016 32.190
 89   169.033 55338.23430180 43.38  70.937337  31.792276 26.276
 89   168.970 55338.23430245 45.00  70.936427  31.788986 26.276
 90   169.455 55373.23429288 43.83  70.937492  31.791443 34.031
 90   169.339 55373.23429352 42.84  70.936582  31.788163 34.031
 90   169.386 55373.23429417 42.89  70.935672  31.784873 34.031
 90   169.345 55373.23429481 46.21  70.934752  31.781593 34.031
 91   170.549 55408.23431406 34.14  70.938855  31.787077 20.294
 91   170.570 55408.23431471 40.65  70.937945  31.783797 20.294
 91   170.697 55408.23431535 39.26  70.937025  31.780517 20.294
 91   170.658 55408.23431600 39.24  70.936115  31.777227 20.294
 92   167.905 55443.23431069 31.13  70.937359  31.791912 20.668
 92   168.136 55443.23431133 28.64  70.936449  31.788622 20.668
 92   168.079 55443.23431198 31.42  70.935529  31.785342 20.668
 93   167.763 55478.23424858 48.08  70.936940  31.799522 24.590
 93   167.752 55478.23424922 47.97  70.936030  31.796242 24.590
 93   167.454 55478.23424987 45.93  70.935110  31.792952 24.590
 93   167.379 55478.23425051 45.94  70.934200  31.789672 24.590
